amperes,timestamp
0.050648082386363605,1574548316.6783252
0.05167125355113635,1574548317.0503507
0.05158691406250002,1574548317.4223351
0.08068714488636364,1574548317.7943676
0.07163884943181817,1574548318.1783388
0.07142311789772728,1574548318.550352
0.07536532315340908,1574548318.9223735
0.06452370383522724,1574548319.2943995
0.07099165482954545,1574548319.6783574
0.0684876598011364,1574548320.0505033
0.08743563565340916,1574548320.422398
0.06721502130681815,1574548320.7944324
0.057408558238636345,1574548321.1783836
0.056567826704545514,1574548321.5504072
0.0494744318181818,1574548321.9224346
0.0562047230113636,1574548322.2944405
0.07535156249999997,1574548322.6784053
0.06575550426136367,1574548323.050435
0.05181551846590908,1574548323.422449
0.053592862215909115,1574548323.7944636
0.05500621448863635,1574548324.1784256
0.05806995738636366,1574548324.5504339
0.05511141690340909,1574548324.9224682
0.052971857244318195,1574548325.2944896
0.0644482421875,1574548325.6784656
0.05048428622159091,1574548326.0504653
0.05087713068181821,1574548326.42247
0.0513241299715909,1574548326.7945173
0.04984108664772726,1574548327.178474
0.049061168323863626,1574548327.5504913
0.05092240767045454,1574548327.9225187
0.05517356178977275,1574548328.2945201
0.05042480468749996,1574548328.6785061
0.052093838778409084,1574548329.0505037
0.050037730823863605,1574548329.4225225
0.04996271306818183,1574548329.7945523
0.05044921874999999,1574548330.1785417
0.05237082741477274,1574548330.5505753
0.051618874289772756,1574548330.9225712
0.050522460937500006,1574548331.2945998
0.05102805397727274,1574548331.678553
0.049139293323863645,1574548332.0505645
0.05133833451704545,1574548332.4226136
0.05011319247159093,1574548332.7947054
0.050141601562500006,1574548333.1786785
0.05013316761363635,1574548333.5506501
0.04973188920454543,1574548333.922651
0.04989169034090911,1574548334.2946546
0.049249822443181795,1574548334.6786103
0.0501327237215909,1574548335.0506158
0.05040172230113635,1574548335.422636
0.050541104403409094,1574548335.794643
0.04762073863636361,1574548336.1786253
0.051115056818181806,1574548336.5506668
0.04943936434659091,1574548336.9226573
0.0476784446022727,1574548337.2946835
0.050226828835227263,1574548337.6786318
0.04833584872159092,1574548338.0506735
0.051484818892045446,1574548338.4227023
0.04902210582386363,1574548338.7947185
0.0484139737215909,1574548339.178662
0.049215642755681806,1574548339.5506916
0.04977583451704542,1574548339.9226942
0.048092151988636346,1574548340.2947226
0.048897372159090936,1574548340.6786964
0.047808504971590865,1574548341.0507314
0.04563520951704545,1574548341.422772
0.050921963778409046,1574548341.7947536
0.04735795454545457,1574548342.178729
0.06384632457386363,1574548342.5507514
0.05822132457386365,1574548342.9227543
0.06500443892045457,1574548343.294783
0.07333318536931815,1574548343.67876
0.0674294211647727,1574548344.0507565
0.08832519531249997,1574548344.4227688
0.08374866832386368,1574548344.7947977
0.07110174005681813,1574548345.1787632
0.06318093039772726,1574548345.550786
0.06793678977272723,1574548345.922816
0.038992365056818155,1574548346.2948308
0.03493918678977272,1574548346.6787894
0.030101651278409094,1574548347.0508156
0.03795188210227272,1574548347.4228313
0.02796919389204545,1574548347.7948277
0.02795410156249999,1574548348.1788104
0.028851651278409086,1574548348.5508387
0.02767178622159091,1574548348.9228485
0.02867320667613634,1574548349.294863
0.02761141690340909,1574548349.6788495
0.03437366832386363,1574548350.0508413
0.03750621448863638,1574548350.4228745
0.029856178977272718,1574548350.7948897
0.03438742897727273,1574548351.178875
0.03083007812500001,1574548351.5508728
0.02677379261363637,1574548351.9228992
0.027849343039772725,1574548352.2949238
0.029585404829545456,1574548352.678884
0.026831942471590896,1574548353.0509045
0.02792746803977273,1574548353.4229295
0.025226384943181822,1574548353.7949293
0.027515092329545455,1574548354.1789114
0.030035511363636348,1574548354.5510113
0.026547851562499995,1574548354.92301
0.026983753551136372,1574548355.2950053
0.027824928977272734,1574548355.6789615
0.029422052556818182,1574548356.0509615
0.026582475142045446,1574548356.4229915
0.02886052911931818,1574548356.7949803
0.026245561079545458,1574548357.1789713
0.02938077059659092,1574548357.5509624
0.025724875710227278,1574548357.922992
0.024670188210227283,1574548358.295014
0.028925781250000004,1574548358.678966
0.026405806107954562,1574548359.0509934
0.02641956676136362,1574548359.423022
0.029905450994318183,1574548359.7950442
0.02937677556818181,1574548360.1790044
0.028002929687500004,1574548360.5510263
0.029490855823863658,1574548360.9230568
0.025891779119318187,1574548361.2950485
0.031547851562500014,1574548361.6790323
0.025317826704545462,1574548362.0510488
0.024797585227272732,1574548362.423053
0.027971413352272708,1574548362.7950764
0.026413352272727248,1574548363.1790593
0.02731889204545456,1574548363.5510526
0.02728249289772727,1574548363.9230838
0.029194335937500013,1574548364.2951028
0.030157137784090907,1574548364.6790648
0.02651367187500002,1574548365.0510883
0.02885742187500001,1574548365.4231112
0.02784756747159091,1574548365.7951107
0.026047141335227272,1574548366.1790938
0.025147816051136373,1574548366.5511084
0.030391956676136346,1574548366.923147
0.024536132812499993,1574548367.2951427
0.026033380681818173,1574548367.679126
0.027418323863636358,1574548368.051155
0.024770507812499988,1574548368.4231415
0.027513760653409082,1574548368.7951736
0.02589754971590908,1574548369.1791372
0.024965376420454547,1574548369.5511508
0.02915571732954546,1574548369.9231737
0.027594992897727273,1574548370.2951972
0.027934126420454543,1574548370.6791813
0.028610617897727265,1574548371.0511813
0.02473899147727272,1574548371.423202
0.029703924005681805,1574548371.7952332
0.027035245028409084,1574548372.179183
0.02434126420454546,1574548372.551215
0.029113547585227273,1574548372.923315
0.02444069602272729,1574548373.2952354
0.024184570312500004,1574548373.679209
0.02829811789772727,1574548374.051243
0.03373135653409091,1574548374.4232388
0.025795454545454528,1574548374.7952595
0.028162730823863627,1574548375.179248
0.024509499289772727,1574548375.5512285
0.025318714488636356,1574548375.923268
0.029643554687500004,1574548376.2953582
0.02687189275568181,1574548376.679306
0.026163884943181816,1574548377.051287
0.02783247514204545,1574548377.4232793
0.024007901278409117,1574548377.7952816
0.026688565340909097,1574548378.1792943
0.026866566051136367,1574548378.5512981
0.039509499289772716,1574548378.923319
0.02621404474431818,1574548379.295339
0.02466308593750001,1574548379.679295
0.031158558238636364,1574548380.0513356
0.028575550426136357,1574548380.4233375
0.02861993963068182,1574548380.7953432
0.03138272372159092,1574548381.1793182
0.024603604403409085,1574548381.5513554
0.027824041193181805,1574548381.9233344
0.027414772727272715,1574548382.2953537
0.027316672585227315,1574548382.6793528
0.03220614346590908,1574548383.051371
0.027660688920454538,1574548383.4233592
0.024651100852272723,1574548383.7953808
0.025657404119318165,1574548384.179328
0.027263849431818175,1574548384.5513594
0.02778187144886364,1574548384.9233747
0.02573286576704545,1574548385.2954197
0.02587801846590907,1574548385.679366
0.02753773082386363,1574548386.0514038
0.02443359375000001,1574548386.423422
0.029125532670454545,1574548386.7954454
0.02787286931818182,1574548387.179423
0.025162908380681814,1574548387.5514455
0.025064808238636375,1574548387.9234324
0.025300071022727293,1574548388.2954636
0.02676802201704546,1574548388.6794448
0.025371093749999997,1574548389.0514433
0.027555042613636352,1574548389.4234703
0.02787775213068183,1574548389.7954779
0.030911310369318164,1574548390.179456
0.028356711647727288,1574548390.55145
0.02908114346590909,1574548390.9234846
0.024085138494318186,1574548391.29551
0.02743696732954546,1574548391.6794584
0.029370561079545447,1574548392.0514708
0.024258256392045437,1574548392.423513
0.02432927911931818,1574548392.7955163
0.028053089488636367,1574548393.179522
0.024141512784090897,1574548393.551539
0.027467595880681827,1574548393.9235125
0.02636452414772727,1574548394.2955472
0.020857155539772722,1574548394.6795352
0.052793856534090904,1574548395.051556
0.046562056107954546,1574548395.4235606
0.020932617187499995,1574548395.7955563
0.03317338423295456,1574548396.1795535
0.04896351207386364,1574548396.5515473
0.05329589843749999,1574548396.9235976
0.06576970880681822,1574548397.2956166
0.05223366477272726,1574548397.6795592
0.047829367897727314,1574548398.0516584
0.05161487926136359,1574548398.423657
0.07127175071022722,1574548398.7956717
0.05154296875000001,1574548399.1796365
0.05085094105113636,1574548399.5516174
0.06110928622159089,1574548399.9236374
0.07034490411931824,1574548400.2956662
0.05428400213068183,1574548400.6796305
0.04900568181818182,1574548401.051651
0.047820933948863616,1574548401.4236383
0.056242009943181806,1574548401.7956722
0.06567471590909092,1574548402.1796503
0.04801003196022728,1574548402.5516534
0.05075372869318182,1574548402.923683
0.05246937144886366,1574548403.2956913
0.052435635653409085,1574548403.679664
0.07407359730113638,1574548404.0516918
0.07668279474431823,1574548404.4237142
0.051260209517045456,1574548404.7957098
0.05063609730113637,1574548405.1796992
0.047602539062500004,1574548405.5517113
0.06717817826704542,1574548405.9237344
0.05671564275568183,1574548406.2957401
0.056987748579545465,1574548406.6797194
0.05738325639204545,1574548407.0517542
0.053404651988636365,1574548407.4237437
0.05240323153409094,1574548407.7957685
0.056023615056818216,1574548408.1797538
0.05325461647727276,1574548408.5517673
0.05058771306818179,1574548408.923774
0.05399147727272731,1574548409.2957952
0.05022505326704545,1574548409.6797545
0.05191317471590912,1574548410.0517876
0.05122159090909091,1574548410.4238055
0.05082919034090912,1574548410.7958183
0.05076482599431817,1574548411.1797855
0.04902698863636361,1574548411.5518038
0.04901766690340911,1574548411.9238334
0.0530828302556818,1574548412.2958279
0.05057040127840909,1574548412.6798236
0.052374822443181764,1574548413.0518355
0.048576882102272685,1574548413.4238358
0.05213512073863639,1574548413.795859
