amperes,timestamp
0.04663884943181819,1574549591.3164842
0.04568359375000001,1574549591.7004628
0.050476740056818174,1574549592.0724666
0.07557927911931824,1574549592.4444973
0.06134898792613637,1574549592.8164968
0.06511452414772724,1574549593.2004738
0.06774991122159091,1574549593.5725014
0.05417746803977271,1574549593.9445243
0.0648983487215909,1574549594.3165553
0.05855868252840909,1574549594.7005098
0.07963467684659091,1574549595.0725393
0.05957386363636366,1574549595.4445717
0.06316006747159093,1574549595.8165727
0.055352006392045454,1574549596.200545
0.045980557528409086,1574549596.572575
0.048574662642045484,1574549596.9445865
0.07033824573863634,1574549597.316581
0.0646684126420455,1574549597.70059
0.04899014559659091,1574549598.072588
0.04990545099431819,1574549598.4446132
0.04953790838068179,1574549598.81665
0.05685990767045453,1574549599.2006001
0.049309303977272734,1574549599.5726314
0.04777565696022724,1574549599.944649
0.0529971590909091,1574549600.3166897
0.04651145241477273,1574549600.7006242
0.042737038352272695,1574549601.072668
0.04549671519886363,1574549601.4446912
0.04467950994318185,1574549601.816683
0.04319957386363636,1574549602.2006688
0.04484508167613633,1574549602.5726936
0.04559659090909092,1574549602.944727
0.04549050071022731,1574549603.3167126
0.043221324573863656,1574549603.700707
0.04341352982954545,1574549604.072713
0.04299449573863639,1574549604.444721
0.04397771661931816,1574549604.8167593
0.04687677556818179,1574549605.2007258
0.04438787286931818,1574549605.5727286
0.04492231889204544,1574549605.9447522
0.04288751775568184,1574549606.3167639
0.04450284090909091,1574549606.7007186
0.04673739346590906,1574549607.0727475
0.04462713068181819,1574549607.444869
0.042085404829545446,1574549607.8168707
0.04444113991477273,1574549608.200796
0.04391734730113639,1574549608.5728028
0.04317116477272729,1574549608.944824
0.04437322443181816,1574549609.3168318
0.04452547940340908,1574549609.7008002
0.042891512784090875,1574549610.0728192
0.043594193892045434,1574549610.4448953
0.04372647372159093,1574549610.816851
0.045298295454545424,1574549611.200847
0.042362837357954534,1574549611.572869
0.042488014914772713,1574549611.9448762
0.043629261363636374,1574549612.316883
0.042915482954545475,1574549612.7008843
0.0421271306818182,1574549613.0728877
0.042628284801136375,1574549613.4449155
0.04275923295454543,1574549613.8169446
0.04244140625,1574549614.2008998
0.045508700284090924,1574549614.5729215
0.04354669744318183,1574549614.9449437
0.040058593749999975,1574549615.316951
0.04268421519886364,1574549615.7009304
0.04061301491477272,1574549616.0729606
0.03997381036931818,1574549616.444998
0.04179865056818184,1574549616.816976
0.040383966619318167,1574549617.2009532
0.04895729758522726,1574549617.5729651
0.051546519886363634,1574549617.944993
0.0479061612215909,1574549618.317018
0.06415660511363634,1574549618.7009826
0.0635910866477273,1574549619.0729978
0.07817871093749994,1574549619.4450297
0.07684925426136362,1574549619.8170485
0.07514293323863636,1574549620.2010045
0.07068803267045459,1574549620.573037
0.06851740056818185,1574549620.9450698
0.0684224076704545,1574549621.317089
0.05176047585227276,1574549621.7010198
0.04675071022727276,1574549622.073063
0.04896351207386361,1574549622.4450905
0.05163041548295451,1574549622.8170865
0.04643465909090911,1574549623.201081
0.04805664062500001,1574549623.5731108
0.04734818892045456,1574549623.9450898
0.044862393465909076,1574549624.3171363
0.045146040482954584,1574549624.701107
0.04344682173295459,1574549625.0731292
0.044723011363636364,1574549625.4451587
0.056309481534090905,1574549625.81718
0.04471102627840912,1574549626.2011385
0.04611505681818185,1574549626.573145
0.04218750000000002,1574549626.9451854
0.03972478693181819,1574549627.3172033
0.054822443181818184,1574549627.7011893
0.053544921875,1574549628.07318
0.03749911221590908,1574549628.4452126
0.02805308948863637,1574549628.8173003
0.020980113636363634,1574549629.201268
0.021137251420454545,1574549629.5732818
0.023123668323863644,1574549629.9452634
0.0230988103693182,1574549630.3172693
0.019527254971590927,1574549630.7012143
0.023369140624999982,1574549631.0732598
0.022385475852272727,1574549631.4452581
0.019575195312500005,1574549631.8172846
0.021199396306818177,1574549632.201257
0.023092151988636365,1574549632.5732856
0.020717773437499996,1574549632.9452858
0.025055930397727275,1574549633.317325
0.021330344460227267,1574549633.7013116
0.018152521306818187,1574549634.0733032
0.017117365056818185,1574549634.4453087
0.023233753551136382,1574549634.8173454
0.02217018821022727,1574549635.201317
0.022438299005681818,1574549635.573341
0.02020685369318182,1574549635.9453642
0.01963112571022729,1574549636.3173604
0.024323064630681825,1574549636.7013342
0.02095259232954546,1574549637.0733743
0.020111860795454555,1574549637.445406
0.023756658380681826,1574549637.8173883
0.020296963778409092,1574549638.2013676
0.018753995028409097,1574549638.5734074
0.022847567471590915,1574549638.9453945
0.017709960937500012,1574549639.317438
0.01950150923295456,1574549639.701423
0.022108931107954567,1574549640.0735376
0.017852006392045455,1574549640.4454384
0.019671075994318183,1574549640.8174677
0.018398437499999986,1574549641.201428
0.017929687500000006,1574549641.5734534
0.021908291903409094,1574549641.9454863
0.01889248934659092,1574549642.317491
0.024381658380681813,1574549642.7014477
0.022267844460227285,1574549643.0734684
0.01949973366477272,1574549643.4455013
0.020601917613636365,1574549643.8174982
0.021242897727272732,1574549644.201486
0.020329811789772723,1574549644.573507
0.02372381036931817,1574549644.9455101
0.022052112926136385,1574549645.3175356
0.021781338778409085,1574549645.7015152
0.022852450284090914,1574549646.0735514
0.021672141335227265,1574549646.4455547
0.021111505681818195,1574549646.817576
0.022465820312499992,1574549647.2015684
0.022104936079545456,1574549647.573577
0.024236949573863634,1574549647.9456027
0.01985751065340908,1574549648.3176126
0.019010120738636352,1574549648.7015727
0.023318980823863654,1574549649.0736003
0.018442826704545445,1574549649.4456408
0.02198197798295454,1574549649.8176265
0.027159090909090917,1574549650.2015977
0.021172762784090908,1574549650.5737069
0.022620294744318183,1574549650.9457178
0.020671608664772727,1574549651.317721
0.018755770596590917,1574549651.701683
0.022570578835227277,1574549652.073699
0.019442027698863648,1574549652.4456937
0.01875710227272726,1574549652.8177154
0.023208895596590905,1574549653.201674
0.0200723544034091,1574549653.5736845
0.01953879616477272,1574549653.9456985
0.022585671164772714,1574549654.317723
0.020472745028409095,1574549654.7017062
0.02509676846590909,1574549655.073701
0.02335316051136365,1574549655.4457612
0.02093794389204546,1574549655.8177829
0.022473366477272726,1574549656.2017298
0.018971946022727258,1574549656.573746
0.02048916903409091,1574549656.9457815
0.022170632102272724,1574549657.317785
0.02537198153409088,1574549657.7017603
0.020987659801136375,1574549658.0737956
0.021846147017045448,1574549658.445776
0.018948419744318185,1574549658.8178124
0.02157404119318181,1574549659.2018092
0.020338245738636355,1574549659.5738373
0.020834960937500018,1574549659.9458299
0.02228293678977272,1574549660.3178456
0.019206764914772734,1574549660.701835
0.020494939630681816,1574549661.0738442
0.022223455255681805,1574549661.4458666
0.022304687499999986,1574549661.8178968
0.020672496448863643,1574549662.2018652
0.022651367187500004,1574549662.5738678
0.022249644886363645,1574549662.9458983
0.021929154829545456,1574549663.3179405
0.020306285511363636,1574549663.701888
0.019913441051136363,1574549664.0739162
0.02225008877840909,1574549664.4459364
0.02235174005681818,1574549664.8179913
0.02401367187500001,1574549665.201911
0.023725142045454558,1574549665.5739384
0.02009366122159091,1574549665.9459403
0.020939275568181818,1574549666.317979
0.02186212713068181,1574549666.7019675
0.021492808948863646,1574549667.073975
0.022331321022727262,1574549667.445971
0.022428533380681813,1574549667.8179972
0.021384943181818175,1574549668.2019897
0.023294566761363628,1574549668.573993
0.020844726562500002,1574549668.9460251
0.019600053267045458,1574549669.3180444
0.024243164062499982,1574549669.7019954
0.020909534801136366,1574549670.0740166
0.02103604403409091,1574549670.4460588
0.02137650923295453,1574549670.818063
0.021066672585227278,1574549671.202033
0.024977361505681816,1574549671.574055
0.023099254261363625,1574549671.9461634
0.020579723011363623,1574549672.318172
0.027099165482954567,1574549672.7021012
0.022350408380681818,1574549673.0741186
0.021122159090909087,1574549673.4461312
0.022916814630681803,1574549673.8181176
0.0210302734375,1574549674.2021117
0.022381480823863625,1574549674.5741143
0.026979758522727302,1574549674.9461389
0.02319424715909092,1574549675.3181682
0.024540127840909108,1574549675.702126
0.02147017045454545,1574549676.0741389
0.020022638494318176,1574549676.4461598
0.023406871448863633,1574549676.818196
0.020808327414772735,1574549677.2021606
0.018443714488636378,1574549677.574191
0.04135165127840906,1574549677.9462087
0.04148703835227273,1574549678.3181884
0.02379749644886364,1574549678.7021856
0.04596679687499999,1574549679.074226
0.04496582031250001,1574549679.446223
0.059340820312500014,1574549679.8182359
0.05692027698863631,1574549680.2022357
0.05119495738636364,1574549680.5742588
0.04290127840909089,1574549680.9462569
0.060359108664772725,1574549681.3182764
0.0758633700284091,1574549681.7022488
0.04677423650568184,1574549682.0743017
0.04680353338068183,1574549682.4462957
0.061661487926136356,1574549682.818319
0.06067693536931816,1574549683.2022872
0.05396928267045452,1574549683.5742924
0.04626509232954546,1574549683.9463253
0.048688742897727275,1574549684.3183315
0.06458984375000003,1574549684.7023032
0.06634321732954544,1574549685.0743396
0.051215376420454546,1574549685.4463744
0.0656005859375,1574549685.8183565
0.07144930752840904,1574549686.2023396
0.04859685724431816,1574549686.5743737
0.0472412109375,1574549686.9463546
0.04597656249999999,1574549687.3183885
0.06155095880681818,1574549687.7023797
0.05448908025568182,1574549688.0744035
0.052555930397727275,1574549688.4464035
0.056234463778409106,1574549688.8184166
0.04962313565340912,1574549689.2024121
0.05428799715909086,1574549689.5744054
0.0471173650568182,1574549689.946443
0.0482803622159091,1574549690.3184834
0.049001686789772736,1574549690.702418
0.04953657670454547,1574549691.0744433
0.04660777698863637,1574549691.446487
0.04554066051136366,1574549691.8184655
0.0492804509943182,1574549692.2024539
0.04669744318181819,1574549692.574488
0.05000843394886367,1574549692.9465225
0.04650523792613634,1574549693.3184855
0.047982066761363636,1574549693.7025523
0.04777920809659092,1574549694.0745845
0.046504350142045445,1574549694.4465802
0.04648570667613635,1574549694.8185768
0.04846990411931813,1574549695.2025282
0.046808860085227263,1574549695.5745738
0.0483056640625,1574549695.9465346
0.04679421164772732,1574549696.318569
0.04891779119318182,1574549696.7025356
0.06852982954545452,1574549697.0745583
0.05425914417613634,1574549697.4465923
0.05020419034090909,1574549697.81859
0.053226207386363675,1574549698.2025664
0.05674849076704545,1574549698.57461
0.05012073863636367,1574549698.9466317
0.05833185369318184,1574549699.3186622
0.05926580255681814,1574549699.7026055
0.056872780539772724,1574549700.0746274
0.053548916903409086,1574549700.44663
0.05404208096590907,1574549700.818652
0.04703835227272726,1574549701.2026155
0.049854403409090906,1574549701.5746772
0.05644664417613635,1574549701.9466634
0.0529159268465909,1574549702.318672
0.05790527343749998,1574549702.7026465
0.048688742897727295,1574549703.074677
0.05444469105113638,1574549703.446694
0.044275124289772746,1574549703.8187473
0.05424582741477276,1574549704.2026837
0.05750221946022728,1574549704.5747094
0.05254350142045456,1574549704.9467328
0.04015491832386364,1574549705.3187242
0.033146306818181814,1574549705.702712
0.025317382812500018,1574549706.0747473
0.014171697443181811,1574549706.446767
0.013694069602272723,1574549706.8187678
0.019077148437500004,1574549707.2027533
0.01489390980113637,1574549707.57477
0.013961736505681815,1574549707.9467804
0.013619495738636368,1574549708.3187973
0.012582120028409102,1574549708.7027833
0.011296608664772735,1574549709.0747986
0.011303267045454545,1574549709.4468174
0.015200639204545454,1574549709.8188658
0.02884854403409091,1574549710.2028065
0.0370498934659091,1574549710.574831
0.04190429687500001,1574549710.9468925
0.06849520596590909,1574549711.3188782
0.06518732244318186,1574549711.7028365
0.03631214488636364,1574549712.0748334
0.04317027698863635,1574549712.4469204
0.04234641335227274,1574549712.8188875
0.04778852982954547,1574549713.202874
0.04528764204545456,1574549713.574897
0.053759765624999976,1574549713.9469101
0.05654563210227272,1574549714.3189294
0.045792347301136356,1574549714.7029088
0.04735484730113637,1574549715.074998
0.047339311079545414,1574549715.4470062
0.04537286931818182,1574549715.8190126
0.044042968749999974,1574549716.2029557
0.048523171164772734,1574549716.5749679
0.03769975142045452,1574549716.9469573
0.04514515269886363,1574549717.3189926
0.04558327414772728,1574549717.7029862
0.044111328125000036,1574549718.074978
0.046837269176136336,1574549718.4470174
0.04473455255681818,1574549718.8190274
0.04462846235795454,1574549719.2029834
0.04455965909090911,1574549719.5750105
0.04566850142045456,1574549719.947013
0.038130770596590924,1574549720.3190432
0.04538884943181816,1574549720.7030082
0.046558061079545465,1574549721.0750458
0.04624911221590909,1574549721.4470556
0.04376997514204549,1574549721.819078
0.04114035866477274,1574549722.20306
0.04291548295454544,1574549722.5750592
0.04508833451704545,1574549722.9470844
0.04050426136363638,1574549723.319106
0.044141956676136386,1574549723.7030709
0.04458496093750002,1574549724.0750866
