amperes,timestamp
0.08466974431818176,1575504988.3432539
0.07249422940340912,1575504988.715001
0.06902965198863634,1575504989.0869899
0.04367542613636341,1575504989.4591556
0.04212624289772725,1575504989.842959
0.04948552911931817,1575504990.2149582
0.027657581676136394,1575504990.5869894
0.058406871448863786,1575504990.9590628
0.10296875,1575504991.342963
0.07675381747159087,1575504991.714983
0.04899325284090907,1575504992.0869765
0.04957608309659094,1575504992.459068
0.04726118607954546,1575504992.8429835
0.04795543323863635,1575504993.2149663
0.04932972301136366,1575504993.5870929
0.0494766512784091,1575504993.9591076
0.04767400568181814,1575504994.343004
0.05496759588068184,1575504994.7150223
0.05510298295454541,1575504995.087043
0.08076837713068177,1575504995.4591253
0.04557883522727261,1575504995.843068
0.0442058771306818,1575504996.215066
0.060727539062499995,1575504996.5870752
0.02278542258522726,1575504996.9591835
0.0567369495738637,1575504997.3430572
0.02771661931818181,1575504997.7150695
0.0560622336647728,1575504998.0871036
0.08349875710227272,1575504998.4591892
0.09451793323863637,1575504998.8430932
0.08174937855113641,1575504999.2150786
0.08414728338068184,1575504999.5871675
0.08668457031250006,1575504999.9592216
0.08583540482954546,1575505000.3430982
0.08723499644886358,1575505000.715125
0.0887389026988637,1575505001.0871696
0.08255726207386366,1575505001.4592254
0.07750310724431818,1575505001.8431199
0.08599875710227269,1575505002.2151484
0.08583984375000013,1575505002.587175
0.08383212002840909,1575505002.9592688
0.08329856178977275,1575505003.3431501
0.0833296342329545,1575505003.7151666
0.08305708451704547,1575505004.0871782
0.07551669034090909,1575505004.459371
0.08121448863636362,1575505004.8431714
0.08322443181818182,1575505005.2151473
0.07267267400568182,1575505005.5874205
0.07606889204545449,1575505005.9593654
0.07832475142045452,1575505006.3431659
0.08401500355113643,1575505006.7151957
0.08101606889204542,1575505007.0872834
0.054659978693181795,1575505007.4592373
0.06549316406249997,1575505007.8433127
0.052163973721590894,1575505008.2152429
0.052833362926136364,1575505008.5872645
0.06092995383522727,1575505008.9592519
0.052753906249999975,1575505009.3433192
0.05527432528409088,1575505009.7153454
0.048644797585227294,1575505010.087351
0.05073419744318185,1575505010.45932
0.04967107599431815,1575505010.843369
0.053215997869318174,1575505011.2153094
0.052642045454545455,1575505011.5872903
0.05190962357954544,1575505011.9594402
0.05416193181818179,1575505012.3434467
0.05630681818181818,1575505012.7153015
0.0475506036931818,1575505013.0873015
0.05480468749999996,1575505013.4593482
0.05385697798295457,1575505013.8433518
0.05357865767045454,1575505014.215338
0.05092817826704545,1575505014.5873418
0.05001420454545455,1575505014.9593425
0.05207874644886364,1575505015.343367
0.04541104403409092,1575505015.7153654
0.05260520241477274,1575505016.0873556
0.05545010653409089,1575505016.4593728
0.05325683593750002,1575505016.843388
0.055989879261363666,1575505017.215506
0.053716264204545436,1575505017.58738
0.050185546874999994,1575505017.9594007
0.052612748579545454,1575505018.3435128
0.051735617897727265,1575505018.71538
0.05181596235795453,1575505019.087407
0.0544957386363636,1575505019.4594398
0.047136452414772725,1575505019.8438642
0.0492573686079545,1575505020.2154217
0.052429421164772685,1575505020.5874374
0.051896306818181796,1575505020.959436
0.047456498579545474,1575505021.3434598
0.05385475852272731,1575505021.7154555
0.04964044744318185,1575505022.0874455
0.04939985795454546,1575505022.4594412
0.0433380681818182,1575505022.8436613
0.04918457031250004,1575505023.2155216
0.045364879261363636,1575505023.5874684
0.048242631392045494,1575505023.959497
0.053125443892045446,1575505024.3434515
0.052111594460227256,1575505024.7154639
0.05246493252840912,1575505025.0875049
0.05276811079545457,1575505025.459641
0.05092418323863636,1575505025.8434699
0.04252885298295455,1575505026.2154808
0.05106400923295456,1575505026.5875397
0.04807617187499997,1575505026.9596057
0.04861550071022727,1575505027.343487
0.05291370738636361,1575505027.7155159
0.054601384943181806,1575505028.0875392
0.05194113991477269,1575505028.4596415
0.0539737215909091,1575505028.8435304
0.0557936789772727,1575505029.2155716
0.0568559126420455,1575505029.5875578
0.04866610440340912,1575505029.9596224
0.054250710227272736,1575505030.343535
0.054703036221590916,1575505030.715586
0.04989390980113634,1575505031.0875862
0.052141779119318145,1575505031.459856
0.053782404119318235,1575505031.8436515
0.04905450994318179,1575505032.215662
0.05246715198863637,1575505032.5876367
0.054721235795454556,1575505032.9597151
0.04553666548295451,1575505033.3435898
0.05405450994318183,1575505033.7156608
0.05256258877840907,1575505034.0876474
0.05249334161931815,1575505034.4597657
0.0512096058238636,1575505034.8436177
0.05437144886363633,1575505035.2156255
0.05391290838068183,1575505035.5876932
0.054458451704545496,1575505035.9598613
0.05622381036931821,1575505036.3436165
0.04793013139204544,1575505036.7156582
0.04609508167613637,1575505037.0877178
0.05053577769886364,1575505037.4597151
0.048809925426136366,1575505037.843649
0.05186878551136364,1575505038.2156513
0.04866921164772727,1575505038.5877018
0.051693892045454555,1575505038.9598632
0.05191184303977276,1575505039.3436751
0.058179154829545485,1575505039.715679
0.047586115056818194,1575505040.0877137
0.0517666903409091,1575505040.4599674
0.0530047052556818,1575505040.8436964
0.05214666193181819,1575505041.2157276
0.05120250355113637,1575505041.5878859
0.052814275568181815,1575505041.9597473
0.05393554687500004,1575505042.3438544
0.05537597656250001,1575505042.7159798
0.05748668323863638,1575505043.0877764
0.046431107954545435,1575505043.459778
0.05230424360795454,1575505043.8437653
0.05259987571022731,1575505044.2157645
0.04380859375,1575505044.5877814
0.054157492897727276,1575505044.9597795
0.05051491477272729,1575505045.3438308
0.04596280184659089,1575505045.7158082
0.05090420809659091,1575505046.0878046
0.05289417613636368,1575505046.4598033
0.054546342329545444,1575505046.8439984
0.05573819247159088,1575505047.2158263
0.05036399147727272,1575505047.5878172
0.05178400213068183,1575505047.959934
0.05236550071022727,1575505048.3438768
0.04848455255681821,1575505048.7158227
0.04784579190340908,1575505049.0878236
0.053109463778409124,1575505049.459864
0.050810546874999994,1575505049.843898
0.05339311079545453,1575505050.2158527
0.05281693892045456,1575505050.5878725
0.053037109374999974,1575505050.96
0.050236594460227275,1575505051.3439395
0.05599920099431821,1575505051.7158837
0.05199218750000003,1575505052.087894
0.05505593039772728,1575505052.4598856
0.05182395241477273,1575505052.8439517
0.050455433238636375,1575505053.2160137
0.05231400923295454,1575505053.5879855
0.04813831676136361,1575505053.9599588
0.04908957741477277,1575505054.3442085
0.0504962713068182,1575505054.7159388
0.04369273792613637,1575505055.0879216
0.050537109374999986,1575505055.459948
0.052849786931818174,1575505055.8442512
0.047450727982954535,1575505056.2159379
0.05249778053977272,1575505056.587944
0.047836914062500006,1575505056.9599414
0.05453391335227275,1575505057.3442159
0.05830655184659091,1575505057.715978
0.045432794744318196,1575505058.0879703
0.053397105823863616,1575505058.4600015
0.05335582386363637,1575505058.843959
0.05190163352272725,1575505059.2159975
0.05174760298295456,1575505059.5879998
0.0528018465909091,1575505059.9601638
0.05296875,1575505060.3439715
0.055858931107954576,1575505060.715986
0.05103870738636364,1575505061.0880463
0.05026766690340907,1575505061.4602635
0.055396395596590944,1575505061.8439991
0.052713955965909116,1575505062.2160234
0.05744495738636366,1575505062.5881016
0.049901899857954554,1575505062.9602897
0.05123668323863636,1575505063.3440201
0.051529208096590944,1575505063.7160556
0.051384055397727245,1575505064.0881793
0.04954589843749999,1575505064.4602134
0.052370383522727285,1575505064.8441262
0.05357998934659089,1575505065.2161303
0.05295809659090915,1575505065.5881536
0.05119806463068185,1575505065.960168
0.05079811789772729,1575505066.3440616
0.04856800426136359,1575505066.7160773
0.056291281960227285,1575505067.0883396
0.04887961647727271,1575505067.460303
0.05175692471590908,1575505067.8440983
0.053341619318181814,1575505068.216123
0.05593128551136363,1575505068.5881886
0.056147017045454536,1575505068.96051
0.04879616477272725,1575505069.3441057
0.04314675071022727,1575505069.7161808
0.040118075284090914,1575505070.0881736
0.037428977272727273,1575505070.460521
0.040852272727272744,1575505070.8441477
0.03787952769886363,1575505071.2162085
0.03763006036931819,1575505071.5882385
0.04109996448863638,1575505071.9602728
0.03746138139204547,1575505072.3441737
0.0457000177556818,1575505072.7161703
0.04114035866477274,1575505073.088231
0.03735040838068182,1575505073.460525
0.03716796874999998,1575505073.844192
0.04098366477272728,1575505074.2162015
0.037596324573863645,1575505074.588289
0.03696067116477274,1575505074.9607477
0.04030450994318185,1575505075.344261
0.03761186079545455,1575505075.7162697
0.03725497159090909,1575505076.0883439
0.03837890625,1575505076.460259
0.03965332031249998,1575505076.8444245
0.037559037642045434,1575505077.2162724
0.037341530539772745,1575505077.588255
0.04108842329545455,1575505077.9602795
0.03703746448863635,1575505078.344383
0.03728116122159092,1575505078.7162664
0.04114612926136363,1575505079.088282
0.03707341974431816,1575505079.4604075
0.03696422230113635,1575505079.8443666
0.04012961647727272,1575505080.216311
0.04441983309659094,1575505080.5883152
0.04479225852272729,1575505080.960553
0.04157182173295453,1575505081.344424
0.03724476207386364,1575505081.71632
0.03705522017045455,1575505082.0883362
0.03920809659090909,1575505082.4603958
0.040217063210227263,1575505082.8443546
0.03772727272727271,1575505083.2163682
0.03765403053977274,1575505083.5883496
0.040102095170454544,1575505083.96036
0.03696333451704547,1575505084.3443637
0.03725719105113635,1575505084.716367
0.041944247159090904,1575505085.0883923
0.037439186789772746,1575505085.460393
0.03729270241477274,1575505085.8444984
0.040385742187500004,1575505086.2163968
0.03914462002840908,1575505086.5883868
0.038641246448863624,1575505086.960407
0.03813387784090911,1575505087.3444896
0.03910466974431819,1575505087.7164197
0.04025701349431817,1575505088.0884414
0.041891867897727274,1575505088.4604337
0.045959694602272734,1575505088.8445358
0.042354403409090906,1575505089.2164352
0.04231400923295455,1575505089.5884352
0.04585227272727273,1575505089.960455
0.04183726917613635,1575505090.3445315
0.0422887073863636,1575505090.716435
0.04204989346590911,1575505091.088442
0.04586780894886364,1575505091.460477
0.042421875,1575505091.844645
0.04217507102272727,1575505092.2164927
0.04906915838068178,1575505092.5885181
0.0515518465909091,1575505092.9605532
0.04661132812499995,1575505093.344474
0.044120205965909105,1575505093.7164946
0.04352139559659092,1575505094.088674
0.04283780184659091,1575505094.4606385
0.04216397372159089,1575505094.844508
0.045605912642045485,1575505095.2165196
0.04239124644886365,1575505095.5885887
0.04251997514204544,1575505095.9605753
0.04672807173295456,1575505096.3445196
0.04264071377840908,1575505096.716532
0.04238192471590906,1575505097.088673
0.045136274857954524,1575505097.460777
0.0426495916193182,1575505097.8448758
0.04236949573863637,1575505098.2165856
0.04408247514204546,1575505098.5889306
0.044156161221590946,1575505098.9607384
0.04173029119318181,1575505099.3446555
0.04237881747159089,1575505099.7166471
0.048876953124999976,1575505100.0886717
0.043966175426136345,1575505100.4606278
0.04239169034090911,1575505100.844761
0.04550559303977272,1575505101.2166665
0.042509765625,1575505101.5886767
0.04164550781250001,1575505101.9606712
0.044600497159090875,1575505102.3445954
0.043140980113636374,1575505102.7166576
0.04237127130681818,1575505103.088761
0.04265802556818184,1575505103.4606616
0.045218394886363644,1575505103.8446581
0.043766424005681794,1575505104.216672
0.04281072443181817,1575505104.589608
0.045478959517045475,1575505104.961338
0.04206720525568184,1575505105.3446798
0.04221990411931821,1575505105.7171745
0.04560857599431822,1575505106.089239
0.04265136718749998,1575505106.4610178
0.04205433238636367,1575505106.8446555
0.043912464488636345,1575505107.2166944
0.04430841619318186,1575505107.5888405
0.04198863636363637,1575505107.9609187
0.0425324041193182,1575505108.3447225
0.047341530539772685,1575505108.7166915
0.04199041193181817,1575505109.0888298
0.042099609375000006,1575505109.4608803
0.04591486150568179,1575505109.8447278
0.04199129971590912,1575505110.216722
0.04301269531249999,1575505110.5887704
0.044628018465909074,1575505110.960784
0.043045543323863615,1575505111.3448853
0.042219016335227254,1575505111.716751
0.04593350497159089,1575505112.088795
0.047203480113636336,1575505112.4607983
0.049337713068181785,1575505112.8448417
0.04469992897727275,1575505113.2167752
0.04364124644886361,1575505113.5888019
0.04225674715909089,1575505113.9608924
0.042619850852272725,1575505114.3449242
0.04470703125000001,1575505114.7167988
0.04211647727272724,1575505115.0888233
0.041792879971590896,1575505115.46094
0.04619007457386358,1575505115.84492
0.04224698153409091,1575505116.2168498
0.042121360085227294,1575505116.588856
0.04555619673295453,1575505116.960915
0.03384765625,1575505117.3448822
0.04284002130681816,1575505117.7168632
0.04494495738636362,1575505118.0889068
0.043955522017045515,1575505118.460879
0.04215687144886365,1575505118.8450668
0.042185724431818145,1575505119.216951
0.0458873401988636,1575505119.5889266
0.04275834517045451,1575505119.9609346
0.04645197088068184,1575505120.344985
0.045900213068181824,1575505120.7169378
0.04200150923295455,1575505121.0889277
0.04324263139204541,1575505121.460918
0.0464581853693182,1575505121.8450842
0.044877041903409125,1575505122.2169397
0.044561434659090925,1575505122.5889578
0.04382412997159089,1575505122.960939
0.04438077059659091,1575505123.3450217
0.04203613281250003,1575505123.7169428
0.04304021661931817,1575505124.0889604
0.0457981178977273,1575505124.4609458
0.04209295099431821,1575505124.845144
0.04256880326704547,1575505125.2169635
0.04619318181818179,1575505125.5890236
0.04214621803977271,1575505125.9610095
0.042169744318181795,1575505126.3450975
0.04482466264204544,1575505126.716977
0.04374067826704545,1575505127.0890346
0.04175426136363632,1575505127.4610043
0.04293190696022729,1575505127.8450096
0.046784002130681845,1575505128.2170327
0.042878196022727265,1575505128.5890477
0.042423206676136374,1575505128.9610658
0.048678533380681864,1575505129.3450015
0.06668057528409095,1575505129.717032
0.0710413707386363,1575505130.0890584
0.06655184659090908,1575505130.4610634
0.06695578835227275,1575505130.8450396
0.07801624644886361,1575505131.2170649
0.0604270241477272,1575505131.5890875
0.046059570312499985,1575505131.9610882
0.05121803977272729,1575505132.345081
0.05364701704545453,1575505132.7170916
0.04770063920454545,1575505133.0891664
0.04884232954545452,1575505133.4611359
0.04937855113636365,1575505133.8451078
0.047609641335227236,1575505134.2171211
0.04843306107954546,1575505134.5892584
0.047485351562499986,1575505134.9611495
0.050783469460227264,1575505135.345097
0.05504927201704545,1575505135.7171755
0.044861505681818174,1575505136.0893652
0.04752175071022726,1575505136.4611642
0.04966486150568187,1575505136.8451364
0.049265802556818214,1575505137.2172449
0.05102805397727273,1575505137.589153
0.04996404474431818,1575505137.9611888
0.06244673295454547,1575505138.3451724
0.0526318359375,1575505138.7173107
0.07276855468750007,1575505139.0891788
0.08670410156249997,1575505139.4612086
0.06996315696022733,1575505139.8452213
0.05933593750000001,1575505140.217193
0.05964843750000003,1575505140.5892744
0.060597034801136346,1575505140.9612718
0.04933061079545455,1575505141.3452644
0.056501242897727275,1575505141.71723
0.05882013494318182,1575505142.089285
0.056137251420454594,1575505142.461272
0.06038929332386363,1575505142.8452373
0.06927246093750003,1575505143.2172446
0.06809659090909091,1575505143.5892649
0.0721067116477273,1575505143.9612687
0.060491832386363624,1575505144.3452747
0.05589843750000002,1575505144.7172859
0.06285777698863639,1575505145.0892844
0.06562677556818176,1575505145.4613104
0.07062988281249995,1575505145.845301
0.08038529829545453,1575505146.2172992
0.07776056463068184,1575505146.5893092
0.054881480823863675,1575505146.9613454
0.03834916548295452,1575505147.3452978
0.06466619318181815,1575505147.7172947
0.06020285866477275,1575505148.0893455
0.06642800071022728,1575505148.4613357
0.06970436789772727,1575505148.845312
0.055766601562499976,1575505149.2173502
0.056707208806818156,1575505149.589369
0.05520685369318179,1575505149.9613564
0.06009232954545457,1575505150.3453562
0.06858220880681817,1575505150.717353
0.07363991477272727,1575505151.0893376
0.0698508522727272,1575505151.4613848
0.053365589488636365,1575505151.8453596
0.05823952414772727,1575505152.2173502
0.05782004616477278,1575505152.5893672
0.05820046164772725,1575505152.9614303
0.051544744318181825,1575505153.3453922
0.06881436434659091,1575505153.717397
0.05308061079545458,1575505154.0894287
0.058939098011363655,1575505154.461453
0.06373268821022729,1575505154.84543
0.06855024857954545,1575505155.2174397
0.05852228338068182,1575505155.5896595
0.06348588423295456,1575505155.9614363
0.0586887428977273,1575505156.345438
0.06950550426136368,1575505156.7174926
