amperes,timestamp
0.03648126775568183,1575503065.6897552
0.05672141335227268,1575503066.0616813
0.02001642400568182,1575503066.433716
0.05678577769886369,1575503066.8176754
0.020375976562500033,1575503067.1897688
0.056849698153409,1575503067.5617175
0.03974698153409074,1575503067.9337118
0.04003950639204548,1575503068.3177092
0.05646040482954544,1575503068.6898086
0.0224982244318182,1575503069.0617435
0.05635520241477266,1575503069.4337656
0.08869717684659088,1575503069.8177447
0.08030539772727271,1575503070.1897838
0.0881010298295455,1575503070.5617557
0.08815696022727276,1575503070.9338415
0.09032182173295455,1575503071.3178182
0.09308593750000005,1575503071.6899033
0.05918545809659076,1575503072.0618067
0.03677823153409094,1575503072.4338272
0.05547807173295449,1575503072.8177981
0.022251864346590926,1575503073.1898122
0.05678622159090912,1575503073.5618205
0.022435635653409138,1575503073.9338346
0.05681152343750006,1575503074.3178046
0.07608487215909088,1575503074.689828
0.06425692471590909,1575503075.0618606
0.06047674005681815,1575503075.433842
0.06728071732954546,1575503075.817837
0.06774058948863639,1575503076.1898487
0.06773703835227274,1575503076.5618634
0.06902787642045456,1575503076.9338746
0.06753995028409093,1575503077.3178816
0.07221502130681823,1575503077.6898727
0.06851473721590906,1575503078.0619106
0.07048117897727275,1575503078.4339159
0.06835360440340907,1575503078.8178596
0.06989790482954544,1575503079.1898837
0.06765358664772726,1575503079.561907
0.07159801136363635,1575503079.9339468
0.06798517400568181,1575503080.3179102
0.06908380681818183,1575503080.6899166
0.0625537109375,1575503081.061937
0.0478861860795454,1575503081.4339657
0.045797674005681833,1575503081.8179154
0.04776411576704543,1575503082.1899447
0.046043146306818196,1575503082.5619688
0.044872159090909115,1575503082.9340198
0.04596413352272729,1575503083.3179858
0.04888405539772727,1575503083.6899858
0.048023792613636325,1575503084.0619926
0.04487082741477273,1575503084.4340265
0.04859596946022731,1575503084.8180137
0.044670188210227287,1575503085.1899853
0.04434969815340908,1575503085.5620391
0.04779518821022728,1575503085.9340646
0.048584428267045454,1575503086.3180044
0.04474831321022727,1575503086.6900191
0.03967906605113634,1575503087.0620615
0.04078657670454549,1575503087.4340692
0.04205566406250003,1575503087.818033
0.03789950284090907,1575503088.1900752
0.04100674715909093,1575503088.562059
0.03723366477272725,1575503088.9341118
0.03719726562500002,1575503089.3180995
0.04095525568181821,1575503089.6900744
0.04122381036931817,1575503090.0621068
0.037144442471590905,1575503090.4341388
0.040694691051136364,1575503090.818103
0.03737437855113635,1575503091.1901262
0.03730912642045453,1575503091.5622766
0.04039728338068179,1575503091.934163
0.041444424715909055,1575503092.318113
0.04452858664772722,1575503092.6901994
0.041809747869318174,1575503093.0622418
0.0378258167613636,1575503093.4342186
0.03782581676136363,1575503093.818172
0.038131658380681804,1575503094.1901698
0.03964666193181817,1575503094.5623145
0.03645108309659088,1575503094.9341984
0.03737571022727271,1575503095.318184
0.040669389204545464,1575503095.690197
0.03698863636363639,1575503096.0625596
0.03711647727272729,1575503096.434233
0.040992542613636336,1575503096.8182013
0.037578568892045444,1575503097.1902215
0.03732998934659093,1575503097.5624297
0.0415771484375,1575503097.9342759
0.03714089133522727,1575503098.3182125
0.03679376775568185,1575503098.6902356
0.041711203835227265,1575503099.0624053
0.0379873934659091,1575503099.4342904
0.03886141690340913,1575503099.8182428
0.04020862926136363,1575503100.190344
0.044272460937499994,1575503100.562326
0.04233265269886366,1575503100.9342775
0.03890269886363637,1575503101.3182702
0.04022460937499997,1575503101.6903117
0.03727716619318182,1575503102.0623248
0.05138849431818182,1575503102.434306
0.056863458806818194,1575503102.8183246
0.060893554687499976,1575503103.1904151
0.0413223544034091,1575503103.5623507
0.040591708096590906,1575503103.934347
0.03770862926136365,1575503104.3183703
0.03697709517045456,1575503104.6904051
0.03853515625,1575503105.0623865
0.03921653053977277,1575503105.4343731
0.03752130681818187,1575503105.8183613
0.03663662997159093,1575503106.1903794
0.04286621093750003,1575503106.562404
0.0458709161931818,1575503106.9343767
0.04844105113636364,1575503107.3183851
0.04551225142045458,1575503107.6904228
0.04235973011363636,1575503108.0623996
0.04197088068181816,1575503108.4344137
0.045208629261363605,1575503108.8183806
0.04543057528409091,1575503109.190416
0.04381791548295456,1575503109.5624287
0.04574573863636365,1575503109.9345272
0.042726384943181824,1575503110.3183985
0.041977539062499965,1575503110.6905236
0.0444171697443182,1575503111.0624535
0.04291814630681818,1575503111.4344983
0.04263449928977275,1575503111.8184428
0.04685236150568181,1575503112.1904829
0.04879261363636364,1575503112.5624783
0.041846147017045456,1575503112.934486
0.04487704190340908,1575503113.3184755
0.04287420099431815,1575503113.690541
0.04216930042613639,1575503114.0625207
0.04274058948863636,1575503114.4345326
0.04512295809659089,1575503114.8185432
0.048218217329545454,1575503115.1906166
0.045444779829545465,1575503115.5625563
0.04616921164772728,1575503115.9345684
0.041813742897727296,1575503116.318535
0.0420818536931818,1575503116.6905358
0.04595969460227276,1575503117.0625553
0.04193314985795453,1575503117.4345856
0.04692604758522725,1575503117.8185422
0.04418368252840908,1575503118.1906087
0.043602183948863664,1575503118.5625827
0.04204634232954546,1575503118.934607
0.04159845525568182,1575503119.3185728
0.04532049005681819,1575503119.6906042
0.04226606889204548,1575503120.0626137
0.041602006392045435,1575503120.43464
0.04582785866477275,1575503120.8186243
0.04176136363636363,1575503121.1906
0.04149147727272727,1575503121.5626483
0.04510431463068183,1575503121.9346719
0.04386097301136359,1575503122.3186488
0.044312855113636376,1575503122.6906273
0.04492720170454548,1575503123.0626738
0.04497247869318179,1575503123.4346983
0.04253329190340911,1575503123.8186557
0.04210493607954546,1575503124.1906538
0.04541725852272728,1575503124.562707
0.04195623224431816,1575503124.9346957
0.04173872514204547,1575503125.3186936
0.045458984375,1575503125.6906998
0.041914950284090875,1575503126.0627015
0.04178888494318183,1575503126.434724
0.04376242897727271,1575503126.8187075
0.04403897372159093,1575503127.1907284
0.04152343749999996,1575503127.5627437
0.04276633522727273,1575503127.9347837
0.04534357244318181,1575503128.3187628
0.04171519886363637,1575503128.6907516
0.04202281605113634,1575503129.06277
0.04528497869318182,1575503129.4348388
0.04438299005681819,1575503129.8187542
0.04486061789772724,1575503130.1907585
0.04458673650568181,1575503130.5627868
0.0422496448863636,1575503130.9348042
0.041976207386363616,1575503131.3187654
0.04325772372159092,1575503131.6908207
0.04354181463068183,1575503132.0627944
0.04174982244318181,1575503132.4348469
0.04611194957386366,1575503132.8188148
0.046696555397727296,1575503133.190853
0.04195756392045453,1575503133.5628195
0.041702769886363594,1575503133.9348822
0.04495427911931821,1575503134.318878
0.041663707386363616,1575503134.6908536
0.04167080965909087,1575503135.0628982
0.04426669034090912,1575503135.4348865
0.043200017755681844,1575503135.818841
0.042556374289772735,1575503136.1909575
0.04252885298295457,1575503136.5629652
0.04673961292613639,1575503136.9349754
0.04152610085227273,1575503137.3188922
0.04196954900568183,1575503137.6908834
0.04564408735795452,1575503138.0629554
0.04228338068181819,1575503138.4349365
0.04245339133522725,1575503138.8189075
0.0454736328125,1575503139.1909533
0.041612659801136376,1575503139.5629575
0.04195933948863637,1575503139.9349983
0.04331054687500002,1575503140.3189566
0.043481889204545446,1575503140.6909506
0.04284845525568181,1575503141.0630426
0.06934303977272725,1575503141.434971
0.06149991122159095,1575503141.8189907
0.06313121448863639,1575503142.1909761
0.07755726207386361,1575503142.5630116
0.052068536931818184,1575503142.9349952
0.047948774857954526,1575503143.3189616
0.053922230113636394,1575503143.6910713
0.061139026988636366,1575503144.0630436
0.06275701349431814,1575503144.4350345
0.06899414062500002,1575503144.8189864
0.08372824928977277,1575503145.191054
0.08006702769886366,1575503145.563046
0.057245649857954536,1575503145.9350631
0.056314364346590914,1575503146.319024
0.059227183948863685,1575503146.691047
0.06051935369318179,1575503147.063075
0.05996582031250002,1575503147.4351826
0.057708629261363664,1575503147.8190553
0.05973322088068181,1575503148.1910784
0.054651988636363676,1575503148.5631068
0.0685964133522727,1575503148.9350734
0.0690145596590909,1575503149.3190873
0.07485129616477276,1575503149.691111
0.06535644531250004,1575503150.0631168
0.06434170809659084,1575503150.4351337
0.056713423295454535,1575503150.8191147
0.05699218750000003,1575503151.1911452
0.057129794034090915,1575503151.563142
0.055946821732954524,1575503151.9351704
0.047210138494318175,1575503152.3191519
0.04696422230113637,1575503152.691161
0.04625976562500001,1575503153.0632126
0.046336558948863654,1575503153.4352977
0.046247780539772736,1575503153.819156
0.04660067471590906,1575503154.1912
0.04557705965909088,1575503154.5632892
0.05023526278409089,1575503154.9352434
0.04984419389204545,1575503155.319305
0.058386008522727295,1575503155.6912892
0.06181241122159093,1575503156.0632303
0.08751020951704547,1575503156.4352624
0.06842107599431813,1575503156.8192103
0.04044256036931821,1575503157.1912625
0.04680974786931815,1575503157.5632627
0.04532448508522728,1575503157.9353552
0.03760165127840906,1575503158.319286
0.04671297940340908,1575503158.6914384
0.04669921875,1575503159.0633237
0.04569691051136362,1575503159.4353144
0.05258966619318182,1575503159.8192966
0.05654296875000001,1575503160.1915193
0.06568448153409093,1575503160.563298
0.06965243252840908,1575503160.935351
0.051803977272727286,1575503161.3192732
0.06325772372159096,1575503161.691533
0.06849032315340915,1575503162.0633628
0.07349698153409095,1575503162.435356
0.0579825106534091,1575503162.8193083
0.016324573863636366,1575503163.1913588
0.05669877485795472,1575503163.5633323
0.023607510653409196,1575503163.9353817
0.05437411221590906,1575503164.3193746
0.07694557883522726,1575503164.6913576
0.0780792791193182,1575503165.063387
0.07680530894886359,1575503165.4353828
0.07262695312499999,1575503165.8193836
0.07047807173295458,1575503166.1914434
0.07611061789772723,1575503166.5633936
0.08516601562500006,1575503166.9354115
0.07421830610795456,1575503167.319385
0.07976118607954545,1575503167.6914327
0.0789186789772727,1575503168.063465
0.08288796164772727,1575503168.4354208
0.08336115056818186,1575503168.8194394
0.0846866122159091,1575503169.1914408
0.08594282670454549,1575503169.5634236
