amperes,timestamp
0.09237704190340908,1575364957.6090233
0.12089266690340914,1575364957.981056
0.1353213778409091,1575364958.3530378
0.15679554332386358,1575364958.7251308
0.14515047940340906,1575364959.1090517
0.12954057173295458,1575364959.4810457
0.12488902698863627,1575364959.8530822
0.12425426136363638,1575364960.2251036
0.16104625355113647,1575364960.6090596
0.1605712890625001,1575364960.9810877
0.1455646306818181,1575364961.3531094
0.16263006036931804,1575364961.7251034
0.16307750355113632,1575364962.109083
0.16076660156249986,1575364962.481108
0.164647549715909,1575364962.8531377
0.16199485085227278,1575364963.2251318
0.13884810014204538,1575364963.609116
0.12775213068181815,1575364963.9811456
0.1067436079545454,1575364964.3531418
0.10271573153409096,1575364964.7251668
0.1251922052556819,1575364965.1091394
0.1384912109375,1575364965.48114
0.1606143465909091,1575364965.8531668
0.12900168678977272,1575364966.225196
0.0975102095170455,1575364966.6091473
0.09910156250000005,1575364966.9811716
0.12685102982954544,1575364967.3531957
0.1395658735795455,1575364967.7253182
0.1489399857954546,1575364968.1092553
0.13088822798295463,1575364968.4812489
0.10048339843749997,1575364968.8532588
0.09220836292613634,1575364969.2252498
0.09078702059659088,1575364969.6092083
0.11513139204545465,1575364969.9812336
0.13924982244318182,1575364970.3532312
0.1291832386363637,1575364970.7252584
0.10475142045454545,1575364971.1092324
0.11200816761363637,1575364971.4812322
0.11353826349431821,1575364971.8532648
0.11402476917613633,1575364972.22528
0.09125577059659086,1575364972.6092691
0.1192515980113637,1575364972.9812672
0.09823996803977271,1575364973.3532963
0.12363858309659094,1575364973.7253222
0.09691051136363643,1575364974.1092713
0.11697487571022733,1575364974.4812915
0.09554865056818179,1575364974.8533263
0.10482599431818185,1575364975.225317
0.10208673650568187,1575364975.6093066
0.09885564630681813,1575364975.9813304
0.10168323863636357,1575364976.3533332
0.09366610440340911,1575364976.725351
0.10775079900568177,1575364977.109335
0.09000799005681823,1575364977.4813554
0.11986949573863635,1575364977.8533573
0.09368341619318181,1575364978.2253819
0.11165926846590919,1575364978.6093633
0.08482643821022727,1575364978.9813716
0.11060857599431813,1575364979.3533864
0.0915673828125,1575364979.7254252
0.13090864701704544,1575364980.1093664
0.12134099786931812,1575364980.4813864
0.12134011008522727,1575364980.8534327
0.11764515269886362,1575364981.2254663
0.14378861860795453,1575364981.6094234
0.14385342684659091,1575364981.9814346
0.16179998224431816,1575364982.3534653
0.12211692116477281,1575364982.7254593
0.10939009232954537,1575364983.1094453
0.10999156605113637,1575364983.481456
0.10624556107954547,1575364983.8534827
0.07090997869318179,1575364984.2254918
0.06467151988636362,1575364984.6094825
0.0664155717329545,1575364984.9814641
0.0669957386363636,1575364985.3534923
0.05942027698863636,1575364985.7255125
0.06309570312500001,1575364986.1094735
0.05843306107954545,1575364986.4814901
0.06432661576704543,1575364986.8535147
0.08305752840909093,1575364987.225532
0.07322132457386366,1575364987.6095006
0.07145241477272724,1575364987.9815166
0.059820223721590904,1575364988.353534
0.058823686079545454,1575364988.7255332
0.06670276988636366,1575364989.1095214
0.06202681107954548,1575364989.4816222
0.05938920454545455,1575364989.8536189
0.06819380326704545,1575364990.2256136
0.07202725497159089,1575364990.609578
0.06424360795454548,1575364990.9815784
0.0625181995738636,1575364991.3535998
0.06101740056818183,1575364991.7255976
0.05759454900568181,1575364992.1095717
0.08713334517045455,1575364992.4815836
0.13711115056818177,1575364992.8536036
0.1584854403409091,1575364993.2256238
0.13868918678977274,1575364993.6095836
0.07508744673295457,1575364993.981622
0.061257990056818194,1575364994.3536332
0.05923561789772724,1575364994.7256324
0.0656383167613636,1575364995.1096225
0.059231622869318164,1575364995.4816422
0.05876420454545455,1575364995.8536654
0.06455965909090909,1575364996.2256625
0.058214666193181844,1575364996.609648
0.06270774147727276,1575364996.9816773
0.06707830255681822,1575364997.3536673
0.07078879616477278,1575364997.7256978
0.061774680397727266,1575364998.1096723
0.06503906249999998,1575364998.481674
0.059706143465909065,1575364998.8537014
0.06448908025568181,1575364999.225723
0.06139293323863635,1575364999.6097043
0.059615145596590924,1575364999.981699
0.060041281960227295,1575365000.3537316
0.06152654474431816,1575365000.7257285
0.06377485795454545,1575365001.109709
0.05777920809659092,1575365001.481735
0.058568892045454526,1575365001.8537557
0.06500976562499998,1575365002.22575
0.057630504261363666,1575365002.609737
0.06112792968749998,1575365002.9817677
0.07279296874999995,1575365003.3538458
0.0626962002840909,1575365003.7257833
0.0574733664772727,1575365004.1097639
0.06320001775568179,1575365004.4817696
0.05921608664772728,1575365004.853792
0.06287198153409092,1575365005.2258139
0.06521617542613634,1575365005.6097994
0.05739213423295458,1575365005.981797
0.05869273792613638,1575365006.3538182
0.061021395596590894,1575365006.7258537
0.06027388139204539,1575365007.109799
0.05817871093750002,1575365007.4818277
0.059208096590909094,1575365007.8538477
0.062120028409090915,1575365008.2258513
0.06080344460227277,1575365008.6098402
0.06293945312500006,1575365008.9818661
0.06547363281249996,1575365009.3538544
0.05838689630681816,1575365009.7258825
0.058259055397727307,1575365010.1098547
0.06808726917613639,1575365010.481883
0.05953080610795457,1575365010.8538818
0.06301669034090909,1575365011.2260003
0.05990722656250001,1575365011.6099453
0.06160733309659086,1575365011.9819372
0.05771306818181815,1575365012.3539448
0.05741033380681817,1575365012.7259402
0.06338334517045449,1575365013.1099212
0.05883433948863641,1575365013.4819205
0.06272416548295454,1575365013.853947
0.06383522727272728,1575365014.2259457
0.061693448153409075,1575365014.6099298
0.06363458806818183,1575365014.9819465
0.06285511363636359,1575365015.353975
0.05756791548295454,1575365015.725973
0.05856400923295449,1575365016.1099586
0.06545365767045457,1575365016.4819863
0.06091042258522725,1575365016.8539927
0.06189142400568179,1575365017.2260041
0.06263006036931816,1575365017.609986
0.05725674715909089,1575365017.9819806
0.05730424360795454,1575365018.3540063
0.06201837713068181,1575365018.7260363
0.06298961292613633,1575365019.1100097
0.05704456676136365,1575365019.4820175
0.060629438920454505,1575365019.854038
0.06003240411931816,1575365020.2260673
0.07673117897727272,1575365020.610027
0.07009144176136364,1575365020.9820452
0.0578076171875,1575365021.354071
0.05733797940340909,1575365021.7260644
0.06333629261363635,1575365022.1100495
0.05671875,1575365022.482074
0.05920055042613638,1575365022.8540754
0.07139337713068182,1575365023.226106
0.060979225852272764,1575365023.6100802
0.06652254971590911,1575365023.982105
0.05878107244318184,1575365024.3541045
0.05701660156249997,1575365024.7261257
0.06308283025568179,1575365025.1101105
0.06405983664772728,1575365025.4821067
0.06340598366477267,1575365025.8541443
0.06258655894886365,1575365026.226162
0.05685102982954547,1575365026.6101146
0.05968927556818179,1575365026.9821367
0.062195933948863635,1575365027.3541622
0.061018732244318176,1575365027.7261672
0.05849343039772725,1575365028.110147
0.0637016157670455,1575365028.4821658
0.06129039417613638,1575365028.854197
0.058117453835227276,1575365029.2261972
0.061768465909090894,1575365029.6101737
0.056857688210227256,1575365029.9821966
0.061630859374999986,1575365030.3541977
0.08163796164772728,1575365030.7262187
0.08497159090909091,1575365031.1102183
0.045380859375000006,1575365031.4822078
0.044454900568181806,1575365031.8542356
0.04264559659090912,1575365032.2262592
0.03560635653409091,1575365032.6102128
0.04089843749999999,1575365032.9823153
0.04139426491477274,1575365033.354306
0.03583096590909093,1575365033.726308
0.07840198863636366,1575365034.1102655
0.11636896306818183,1575365034.48226
0.1351904296875001,1575365034.854292
0.1418292791193182,1575365035.2262847
0.10831187855113633,1575365035.6102674
0.10840154474431815,1575365035.9823012
0.11978737571022727,1575365036.3542948
0.1486381392045454,1575365036.7263253
0.09976429332386362,1575365037.1102984
0.0921320134943182,1575365037.4823303
0.11956587357954551,1575365037.8543644
0.11696111505681815,1575365038.2263937
0.1514954723011364,1575365038.610337
0.14052468039772725,1575365038.9823637
0.08744540127840912,1575365039.354394
0.08678267045454552,1575365039.7264113
0.09137562144886369,1575365040.1103678
0.11973499644886365,1575365040.482411
0.12338378906250007,1575365040.8544195
0.11716264204545461,1575365041.226404
0.08622159090909091,1575365041.6103985
0.10401012073863641,1575365041.9824278
0.11895330255681823,1575365042.354432
0.12796431107954542,1575365042.7264514
0.0999587180397727,1575365043.1104126
0.09041237571022728,1575365043.482452
0.0878786399147727,1575365043.8544347
0.08749378551136357,1575365044.2264795
0.0886163884943182,1575365044.6104662
0.08650878906250002,1575365044.9824603
0.09368297230113637,1575365045.3544858
0.08560990767045455,1575365045.7264922
0.0865931285511364,1575365046.1104608
0.08205166903409086,1575365046.4824843
0.08940030184659085,1575365046.8545108
0.08104802911931812,1575365047.226522
0.09103160511363637,1575365047.6104908
0.08031205610795461,1575365047.9825182
0.09074351917613636,1575365048.3545322
0.08145596590909088,1575365048.7265463
0.09095703125000007,1575365049.1105216
