amperes,timestamp
0.08441938920454542,1575365410.6165056
0.11595880681818181,1575365410.988522
0.13043900923295454,1575365411.3605475
0.1603444602272727,1575365411.7325895
0.15106756036931823,1575365412.11654
0.1285617897727273,1575365412.488561
0.12726518110795462,1575365412.8605628
0.1438649680397727,1575365413.2325788
0.1642995383522728,1575365413.6165795
0.1652317116477273,1575365413.9885638
0.15530095880681816,1575365414.3605888
0.16281516335227264,1575365414.7326186
0.16512872869318176,1575365415.1165943
0.1632191051136364,1575365415.4886065
0.1643319424715909,1575365415.860622
0.1647998046875,1575365416.2326431
0.13983265269886364,1575365416.6166067
0.1527956321022727,1575365416.9886303
0.16002885298295466,1575365417.3606534
0.14623046874999993,1575365417.7326548
0.11723233309659094,1575365418.116626
0.10239435369318178,1575365418.4886572
0.1302290482954546,1575365418.860652
0.10078657670454541,1575365419.2326813
0.1038716264204545,1575365419.616672
0.09187677556818184,1575365419.9886796
0.08870294744318183,1575365420.3606868
0.08752175071022726,1575365420.7327113
0.09201038707386362,1575365421.116689
0.08356489701704549,1575365421.4886942
0.08272460937500008,1575365421.8607128
0.08307084517045454,1575365422.2328153
0.08315340909090911,1575365422.6167765
0.08431951349431818,1575365422.9887755
0.14724476207386378,1575365423.3607767
0.11986905184659091,1575365423.732769
0.11134321732954547,1575365424.1167278
0.10095658735795451,1575365424.4887588
0.11477716619318182,1575365424.860779
0.1059752308238636,1575365425.2327757
0.11530983664772733,1575365425.6167552
0.11474831321022724,1575365425.9887834
0.1218412642045454,1575365426.3607795
0.10778808593750003,1575365426.7328072
0.10725941051136359,1575365427.1167843
0.1184801136363637,1575365427.4887958
0.10827148437499995,1575365427.860808
0.11466841264204543,1575365428.2328348
0.10826216264204543,1575365428.616798
0.11016734730113631,1575365428.988823
0.10344726562499998,1575365429.3608463
0.13159579190340906,1575365429.7328658
0.09516468394886367,1575365430.116826
0.09075683593750004,1575365430.4888384
0.08295276988636364,1575365430.8608768
0.08819779829545452,1575365431.232873
0.09678844105113628,1575365431.6168485
0.12369451349431809,1575365431.988881
0.1046457741477273,1575365432.3608763
0.09204190340909095,1575365432.7329068
0.08906516335227266,1575365433.116883
0.0930015980113637,1575365433.4888957
0.0889883700284091,1575365433.8609123
0.08887872869318175,1575365434.232937
0.05529651988636365,1575365434.6169186
0.037940784801136364,1575365434.9889202
0.03675603693181822,1575365435.3609369
0.04059037642045457,1575365435.7329688
0.03988325639204549,1575365436.1169224
0.03410910866477272,1575365436.4889429
0.04017489346590909,1575365436.860974
0.03374289772727273,1575365437.2329648
0.03410999644886361,1575365437.616947
0.039261363636363684,1575365437.9889855
0.03370783025568183,1575365438.3610094
0.0355752840909091,1575365438.7329926
0.038064186789772754,1575365439.1169817
0.03499822443181822,1575365439.4890115
0.03332519531250001,1575365439.8610039
0.042450284090909084,1575365440.233035
0.03353693181818183,1575365440.6170201
0.033104580965909125,1575365440.9890113
0.037251420454545436,1575365441.361036
0.04072620738636365,1575365441.733066
0.040318270596590905,1575365442.1170204
0.0347842684659091,1575365442.4890416
0.03725719105113634,1575365442.86107
0.042417879971590904,1575365443.2330666
0.045796786221590904,1575365443.6170497
0.041442205255681826,1575365443.9891474
0.035552201704545434,1575365444.3611484
0.03840332031250003,1575365444.7331474
0.0351043146306818,1575365445.1171107
0.03305131392045455,1575365445.4891036
0.036817737926136365,1575365445.8611326
0.03773748224431819,1575365446.2331321
0.03922274502840909,1575365446.6171165
0.036874556107954586,1575365446.9891272
0.03812144886363635,1575365447.3611326
0.0347793856534091,1575365447.7331634
0.0393372691761364,1575365448.1171205
0.03610928622159088,1575365448.4891431
0.03498268821022727,1575365448.861168
0.03407004616477275,1575365449.2332447
0.037656693892045456,1575365449.6171434
0.035642755681818176,1575365449.9891863
0.03545498934659093,1575365450.3611891
0.03828302556818184,1575365450.7331946
0.03287198153409091,1575365451.1171772
0.03501509232954546,1575365451.489196
0.03653631036931819,1575365451.8611984
0.037795188210227273,1575365452.233223
0.03646351207386363,1575365452.6172118
0.03439808238636364,1575365452.9892104
0.035077237215909086,1575365453.3612297
0.04163085937500001,1575365453.7332551
0.04014959161931817,1575365454.1172352
0.03266512784090908,1575365454.489241
0.03753240411931819,1575365454.8612654
0.032605646306818184,1575365455.2332814
0.03485351562499997,1575365455.617239
0.03861017400568181,1575365455.9892666
0.03483354048295455,1575365456.36129
0.03800559303977274,1575365456.733292
0.03377574573863637,1575365457.11727
0.03261230468749999,1575365457.4893029
0.037793856534090904,1575365457.8613255
0.03779651988636363,1575365458.233323
0.035001331676136366,1575365458.6173098
0.03740900213068182,1575365458.989327
0.03375266335227273,1575365459.3613267
0.033613725142045484,1575365459.7333589
0.03791015625,1575365460.1173356
0.03287242542613638,1575365460.489336
0.05353293678977267,1575365460.8613586
0.038584872159090886,1575365461.2333834
0.03357333096590909,1575365461.6173851
0.03589577414772729,1575365461.9893675
0.03651899857954548,1575365462.3613904
0.03679243607954546,1575365462.733387
0.03703169389204543,1575365463.1173694
0.05253817471590909,1575365463.4893937
0.03467640269886366,1575365463.8614397
0.038033114346590895,1575365464.2334356
0.03416148792613635,1575365464.6174235
0.0359765625,1575365464.9894397
0.03256613991477274,1575365465.3614368
0.03373934659090911,1575365465.7335312
0.039719016335227265,1575365466.1174972
0.034075372869318166,1575365466.4894874
0.03288707386363636,1575365466.8614972
0.037179066051136356,1575365467.233492
0.0325470525568182,1575365467.6174781
0.035014648437499976,1575365467.9894707
0.04011763139204545,1575365468.361495
0.034294211647727266,1575365468.7335236
0.03227361505681819,1575365469.117461
0.03752485795454545,1575365469.4894989
0.03236061789772728,1575365469.8615174
0.038644353693181796,1575365470.2335255
0.03520596590909089,1575365470.6175003
0.03643776633522728,1575365470.9895205
0.034700816761363634,1575365471.3615491
0.0343026455965909,1575365471.733549
0.037307350852272755,1575365472.1175258
0.03238192471590914,1575365472.4895532
0.03236683238636367,1575365472.861556
0.0394091796875,1575365473.2335777
0.04445800781249997,1575365473.6175568
0.04293190696022722,1575365473.9895618
0.036979314630681825,1575365474.3615887
0.03398615056818183,1575365474.7336125
0.03300958806818179,1575365475.1175616
0.03434703480113638,1575365475.4895892
0.040238370028409104,1575365475.8616147
0.032739701704545446,1575365476.2336178
0.0321075994318182,1575365476.6176069
0.03766823508522728,1575365476.989616
0.03268110795454546,1575365477.361641
0.03288219105113637,1575365477.7336426
0.03718927556818181,1575365478.1176326
0.03302112926136365,1575365478.48965
0.03188476562500001,1575365478.861651
0.03586470170454543,1575365479.2336738
0.03380726207386365,1575365479.617661
0.03249112215909094,1575365479.9896543
0.034174804687500004,1575365480.3616855
0.03771040482954548,1575365480.73371
0.03628329190340909,1575365481.1176834
0.0349915660511364,1575365481.4896889
0.03736993963068182,1575365481.8617148
0.037747691761363625,1575365482.233739
0.03285422585227276,1575365482.6176906
0.036840376420454526,1575365482.9897184
0.04732599431818182,1575365483.3617377
0.04348899147727276,1575365483.7337434
0.03720436789772727,1575365484.1177287
0.04158203124999997,1575365484.4897492
0.08290305397727277,1575365484.861747
0.11524547230113641,1575365485.2337747
0.138793057528409,1575365485.6177597
0.14199351917613634,1575365485.9897816
0.12167214133522725,1575365486.3617792
0.14306551846590915,1575365486.7338028
0.12747514204545446,1575365487.1178687
0.09128240411931815,1575365487.489872
0.09923473011363637,1575365487.8618636
0.10323908025568178,1575365488.2338998
0.11662286931818179,1575365488.6178517
0.11890802556818189,1575365488.9898388
0.15967995383522746,1575365489.3618758
0.14130859375000002,1575365489.7338653
0.13057350852272734,1575365490.1178293
0.11719460227272728,1575365490.48987
0.12634454900568184,1575365490.8619106
0.10597478693181808,1575365491.2339134
0.08591042258522724,1575365491.6178727
0.09405140269886363,1575365491.9899018
0.08502263849431817,1575365492.3618984
0.08364524147727274,1575365492.7339222
0.08334827769886363,1575365493.1179202
0.08686567826704543,1575365493.4899158
0.08050115411931812,1575365493.861952
0.08827903053977272,1575365494.2339742
0.07961026278409093,1575365494.6179442
0.10903764204545453,1575365494.9899473
0.11400301846590913,1575365495.3619611
0.11578613281249997,1575365495.7339997
