amperes,timestamp
0.08305752840909093,1575365496.118025
0.12234463778409092,1575365496.4899733
0.12242675781249995,1575365496.8619947
0.15615722656250006,1575365497.234007
0.1470361328125,1575365497.6179821
0.13091264204545452,1575365497.9899893
0.12791015625000002,1575365498.3619752
0.13048828125,1575365498.7340233
0.15793190696022757,1575365499.1180058
0.16369939630681826,1575365499.490027
0.1503422407670454,1575365499.862044
0.15225807883522716,1575365500.2340636
0.16219327059659083,1575365500.6180465
0.16135387073863644,1575365500.9900424
0.16245605468749988,1575365501.3620698
0.16057617187499976,1575365501.7341075
0.1403924005681818,1575365502.1180546
0.1254683061079546,1575365502.4900963
0.11203391335227267,1575365502.8621056
0.10075550426136362,1575365503.2341018
0.08572310014204547,1575365503.6180851
0.12266557173295449,1575365503.9901145
0.15577148437500016,1575365504.3621354
0.15122780539772743,1575365504.7341352
0.12858309659090902,1575365505.1181161
0.11107954545454547,1575365505.4901395
0.11847345525568187,1575365505.8621438
0.12162863991477274,1575365506.2341666
0.14133922230113635,1575365506.6181426
0.12996892755681821,1575365506.990145
0.11120117187500003,1575365507.3621712
0.09241965553977272,1575365507.7341874
0.0875319602272727,1575365508.118152
0.12462624289772734,1575365508.490179
0.13161044034090916,1575365508.862278
0.1288529829545455,1575365509.2342777
0.1076416015625,1575365509.618236
0.11477583451704551,1575365509.990231
0.11036177201704546,1575365510.3622391
0.11641734730113634,1575365510.7342567
0.08867365056818181,1575365511.1182265
0.12381613991477271,1575365511.490239
0.10988414417613644,1575365511.8622365
0.11445490056818186,1575365512.2342627
0.09634765625000001,1575365512.618244
0.11379039417613633,1575365512.9902403
0.09761097301136364,1575365513.362269
0.09235085227272731,1575365513.73429
0.09872691761363633,1575365514.1182466
0.09452370383522721,1575365514.490271
0.10666814630681812,1575365514.8622932
0.08737926136363638,1575365515.2343159
0.11527521306818184,1575365515.6182723
0.0797110262784091,1575365515.9902923
0.11558638139204541,1575365516.3623273
0.08724209872159094,1575365516.7343266
0.10939719460227273,1575365517.1183112
0.09474653764204544,1575365517.490332
0.10054421164772727,1575365517.8623307
0.10211736505681819,1575365518.2343545
0.12481445312499996,1575365518.6183457
0.11312233664772724,1575365518.9903598
0.1060835404829545,1575365519.362363
0.11957874644886365,1575365519.7343855
0.14509188565340905,1575365520.1183681
0.1494167258522728,1575365520.4903684
0.16064453125000008,1575365520.8623917
0.11728515624999995,1575365521.2344193
0.08657492897727269,1575365521.6183836
0.06457164417613638,1575365521.9904003
0.07631480823863634,1575365522.3624265
0.07112349076704548,1575365522.734431
0.0650079900568182,1575365523.1184094
0.07151234019886361,1575365523.490419
0.07105158025568183,1575365523.8624597
0.0591051136363636,1575365524.2344553
0.06087935014204547,1575365524.6184447
0.0634042080965909,1575365524.990459
0.06947753906249997,1575365525.3624642
0.07011274857954544,1575365525.7344873
0.06877086292613638,1575365526.1184678
0.06191716974431819,1575365526.4904666
0.05852317116477274,1575365526.8624961
0.06360928622159094,1575365527.2345116
0.06288085937499999,1575365527.6184752
0.05807217684659091,1575365527.9904957
0.06077858664772727,1575365528.3625212
0.06332430752840905,1575365528.7345443
0.06727228338068182,1575365529.1185045
0.06688121448863633,1575365529.4905245
0.06021040482954547,1575365529.8625567
0.05782359730113639,1575365530.2345476
0.06141068892045455,1575365530.6186101
0.06380814985795452,1575365530.9906065
0.061253995028409086,1575365531.3626065
0.061866566051136336,1575365531.7346098
0.0627476917613636,1575365532.1185644
0.05789728338068182,1575365532.4905846
0.060929953835227264,1575365532.8625867
0.05975452769886369,1575365533.2346103
0.06577592329545451,1575365533.6185963
0.06038662997159092,1575365533.9905963
0.06350142045454547,1575365534.3626168
0.058079723011363646,1575365534.7346435
0.05748357599431819,1575365535.1186023
0.0638911576704545,1575365535.4906306
0.058055752840909094,1575365535.862652
0.057555930397727266,1575365536.2346518
0.06197975852272728,1575365536.6186302
0.0584889914772727,1575365536.9906566
0.06159312855113637,1575365537.36266
0.0618856534090909,1575365537.7346687
0.060125621448863666,1575365538.118661
0.057118696732954555,1575365538.4906826
0.05756525213068182,1575365538.8626828
0.06468394886363633,1575365539.2347133
0.06480202414772727,1575365539.618693
0.057587890625000006,1575365539.990681
0.062303799715909075,1575365540.362718
0.05830477627840912,1575365540.7347374
0.05727317116477276,1575365541.1186874
0.06389115767045454,1575365541.4907248
0.05958939985795456,1575365541.8627465
0.05777166193181818,1575365542.234761
0.06291770241477272,1575365542.618724
0.057719282670454564,1575365542.9907527
0.06937633167613634,1575365543.3627799
0.06441184303977272,1575365543.7347786
0.05754527698863635,1575365544.1187627
0.06008522727272726,1575365544.4907827
0.06291548295454547,1575365544.8627827
0.060446555397727295,1575365545.2348053
0.06298606178977267,1575365545.6187894
0.059889914772727273,1575365545.9907842
0.05888938210227273,1575365546.3628168
0.056807972301136336,1575365546.734841
0.05771972656250001,1575365547.1187932
0.06545143821022728,1575365547.490817
0.056917169744318145,1575365547.8628495
0.057390802556818166,1575365548.2348652
0.06204944957386366,1575365548.618825
0.062487571022727235,1575365548.9908385
0.06743430397727276,1575365549.3628736
0.06354802911931812,1575365549.7348735
0.05870294744318182,1575365550.118857
0.05769930752840912,1575365550.4908884
0.06217107599431818,1575365550.8628838
0.05701083096590908,1575365551.2349088
0.06219415838068181,1575365551.6188781
0.061228249289772725,1575365551.9908829
0.05801846590909092,1575365552.3629792
0.057047674005681816,1575365552.7349887
0.05923783735795455,1575365553.1189406
0.06437278053977272,1575365553.4909432
0.06495472301136362,1575365553.8629436
0.056782670454545436,1575365554.2349575
0.06257945667613635,1575365554.6189146
0.060715553977272706,1575365554.9909472
0.06180752840909092,1575365555.362973
0.06223987926136362,1575365555.7349684
0.05700683593749999,1575365556.1189497
0.05704723011363638,1575365556.4909785
0.06197354403409092,1575365556.862999
0.05704367897727271,1575365557.235008
0.06251420454545455,1575365557.618984
0.06193625710227275,1575365557.9910097
0.05697620738636362,1575365558.3630042
0.056086647727272725,1575365558.7350338
0.07252840909090907,1575365559.1190083
0.06239080255681821,1575365559.4910183
0.057521306818181815,1575365559.8630393
0.05775878906250001,1575365560.2350657
0.061827059659090904,1575365560.619018
0.056585138494318184,1575365560.9910467
0.05689231178977274,1575365561.3630643
0.06558904474431819,1575365561.7350702
0.05775745738636363,1575365562.1190531
0.05789373224431818,1575365562.4910793
0.06307883522727271,1575365562.8630695
0.06470214843750004,1575365563.2350945
0.06790261008522724,1575365563.619078
0.06914106889204549,1575365563.9911025
0.06455699573863637,1575365564.363104
0.05748845880681818,1575365564.7351236
0.06210937500000001,1575365565.1190965
0.058136097301136336,1575365565.491114
0.06469637784090908,1575365565.8631341
0.06004527698863635,1575365566.2351613
0.05894176136363638,1575365566.6191134
0.05679731889204542,1575365566.9911427
0.06363059303977274,1575365567.363167
0.05872558593749997,1575365567.7351804
0.057135120738636344,1575365568.1191468
0.059473100142045425,1575365568.4911687
0.06205788352272727,1575365568.8632
0.08547629616477272,1575365569.235195
0.09566051136363637,1575365569.6191645
0.04283469460227275,1575365569.9912055
0.04126775568181818,1575365570.3632002
0.041624200994318176,1575365570.7352226
0.03720126065340911,1575365571.119211
0.0376416015625,1575365571.4912078
0.09799360795454551,1575365571.8632298
0.11255637428977282,1575365572.2352545
0.14501464843749992,1575365572.6192343
0.1399356356534091,1575365572.991222
0.10639026988636369,1575365573.3632722
0.11166326349431815,1575365573.735359
0.12190296519886366,1575365574.1193178
0.1474116654829546,1575365574.4913166
0.09506924715909086,1575365574.8633177
0.10435058593750002,1575365575.2353134
0.11498046875000001,1575365575.6192994
0.13334428267045448,1575365575.9912972
0.1377610085227272,1575365576.3633084
0.09833318536931812,1575365576.7353103
0.12123180042613634,1575365577.1192882
0.11935546874999992,1575365577.491325
0.12186789772727273,1575365577.8633258
0.0870712002840909,1575365578.2353508
0.11381303267045458,1575365578.6193385
0.11422496448863634,1575365578.9913604
0.13249334161931822,1575365579.3633585
0.09273037997159093,1575365579.735375
0.08893199573863635,1575365580.119341
0.09839577414772724,1575365580.4913642
0.09545676491477274,1575365580.863381
0.0860089666193182,1575365581.2354007
0.08430575284090913,1575365581.6193502
0.09007191051136368,1575365581.9913807
0.07945845170454546,1575365582.363429
0.09056906960227276,1575365582.7354171
0.07954678622159092,1575365583.1194086
0.0897616299715909,1575365583.491425
0.07915882457386361,1575365583.863404
0.08980246803977268,1575365584.235434
