amperes,timestamp
0.06755992542613631,1575498086.8443034
0.06919788707386361,1575498087.216304
0.07597301136363636,1575498087.6002634
0.07816139914772727,1575498087.9722862
0.09906915838068187,1575498088.3443148
0.08833762428977279,1575498088.7163131
0.08494007457386363,1575498089.10029
0.09992320667613638,1575498089.4723277
0.09783647017045448,1575498089.8443468
0.09559037642045448,1575498090.2163455
0.07222434303977274,1575498090.6003225
0.059770507812500005,1575498090.9723225
0.0647998046875,1575498091.3443506
0.06841175426136363,1575498091.7163765
0.07706321022727274,1575498092.1003675
0.09404873934659087,1575498092.4723563
0.09644442471590911,1575498092.8443947
0.09932262073863635,1575498093.216417
0.08851384943181818,1575498093.6003666
0.08199129971590904,1575498093.9723973
0.08984374999999999,1575498094.3444262
0.07322975852272728,1575498094.7164204
0.06855246803977273,1575498095.1004043
0.06745427911931817,1575498095.472429
0.06718483664772727,1575498095.8444571
0.0669344815340909,1575498096.2164586
0.06824085582386367,1575498096.6004353
0.06761985085227269,1575498096.9724343
0.06717240767045454,1575498097.3444645
0.06729003906249999,1575498097.7164874
0.0688192471590909,1575498098.1004524
0.06558815696022723,1575498098.4724784
0.07133522727272733,1575498098.8444889
0.07746937144886358,1575498099.2165196
0.07137251420454548,1575498099.6005075
0.06802778764204545,1575498099.9725106
0.06896395596590914,1575498100.3445277
0.06724165482954539,1575498100.7166028
0.0679856178977272,1575498101.100589
0.06765358664772728,1575498101.4725852
0.06915926846590909,1575498101.8445878
0.0560693359375,1575498102.2165833
0.04488325639204545,1575498102.6005359
0.044641335227272774,1575498102.9725745
0.04823109019886363,1575498103.3445911
0.04233842329545455,1575498103.7165918
0.042553710937500044,1575498104.100579
0.04214311079545455,1575498104.4725997
0.039535688920454545,1575498104.844596
0.04045410156249998,1575498105.216624
0.04049405184659088,1575498105.6006098
0.050300071022727266,1575498105.9726
0.04030628551136363,1575498106.3446326
0.03995649857954546,1575498106.7166374
0.042290039062500034,1575498107.1006153
0.037906161221590906,1575498107.4726326
0.03728915127840907,1575498107.8446686
0.04060102982954544,1575498108.2166605
0.04157359730113635,1575498108.6006444
0.037230113636363624,1575498108.972671
0.039435369318181805,1575498109.3446953
0.03987526633522727,1575498109.7166858
0.037011718749999985,1575498110.1006892
0.03709295099431818,1575498110.4727056
0.04072088068181817,1575498110.844702
0.03680042613636364,1575498111.216723
0.038921342329545444,1575498111.6007192
0.04961115056818179,1575498111.9727254
0.04162109375,1575498112.344737
0.03856667258522726,1575498112.7167504
0.041475497159090914,1575498113.1007302
0.037120028409090906,1575498113.4727476
0.0368359375,1575498113.8447735
0.040132279829545446,1575498114.2167954
0.03740944602272728,1575498114.6007552
0.036851029829545454,1575498114.9727843
0.039674627130681844,1575498115.344805
0.037949662642045454,1575498115.716796
0.0375594815340909,1575498116.1007936
0.03781161221590909,1575498116.4728048
0.039648881392045435,1575498116.8448188
0.03681951349431822,1575498117.2168355
0.03687366832386368,1575498117.600827
0.04032626065340909,1575498117.9728384
0.03654563210227275,1575498118.3448477
0.03682350852272728,1575498118.7168775
0.04107599431818183,1575498119.1008313
0.03816583806818181,1575498119.472852
0.036713423295454566,1575498119.844888
0.038507634943181816,1575498120.216912
0.04840376420454545,1575498120.6008637
0.04054199218749997,1575498120.9728959
0.04267311789772728,1575498121.3449275
0.03956631747159091,1575498121.7169116
0.03759943181818183,1575498122.1009002
0.03891645951704544,1575498122.472918
0.03794122869318184,1575498122.8449993
0.03710005326704545,1575498123.216997
0.03685680042613635,1575498123.6009612
0.03967906605113635,1575498123.9729643
0.03681107954545455,1575498124.3449688
0.036814630681818165,1575498124.7169862
0.04031827059659092,1575498125.1009443
0.03675736860795453,1575498125.4729667
0.03647727272727272,1575498125.8449965
0.040237038352272735,1575498126.216997
0.03728648792613637,1575498126.6009638
0.03665482954545455,1575498126.9730122
0.03816672585227274,1575498127.3450189
0.03986150568181818,1575498127.7170272
0.03727317116477273,1575498128.1010087
0.03663130326704544,1575498128.4730263
0.04016379616477274,1575498128.8450358
0.03644753196022726,1575498129.2170606
0.03658380681818183,1575498129.601047
0.04044788707386363,1575498129.9730437
0.03675736860795453,1575498130.3450644
0.03676846590909095,1575498130.7170918
0.03920410156250002,1575498131.1010325
0.03768732244318182,1575498131.4730737
0.0440789240056818,1575498131.8451085
0.04564985795454548,1575498132.2171233
0.045610351562500005,1575498132.6010876
0.03976518110795453,1575498132.9731069
0.040668945312500024,1575498133.3451233
0.04053400213068179,1575498133.717133
0.04413041548295458,1575498134.101116
0.04564453125,1575498134.473147
0.04637695312499998,1575498134.845148
0.043738014914772735,1575498135.217165
0.04357643821022727,1575498135.601151
0.05000799005681818,1575498135.9731538
0.04432173295454547,1575498136.3451715
0.0435107421875,1575498136.7172048
0.04778586647727271,1575498137.1011596
0.04367808948863641,1575498137.4731848
0.043457919034090894,1575498137.845209
0.04564053622159088,1575498138.2172327
0.0472745028409091,1575498138.6011894
0.051966441761363606,1575498138.9732144
0.04473322088068182,1575498139.34524
0.047030806107954556,1575498139.7172403
0.043548029119318196,1575498140.1012208
0.04390802556818181,1575498140.4732535
0.04738547585227272,1575498140.8452437
0.04326837713068181,1575498141.2172768
0.043401988636363624,1575498141.6012661
0.04632235440340908,1575498141.9732745
0.04428178267045451,1575498142.3452845
0.04295188210227273,1575498142.7172782
0.045267666903409096,1575498143.1012633
0.04639604048295453,1575498143.47329
0.04378728693181817,1575498143.8453267
0.04340376420454548,1575498144.217429
0.0474001242897727,1575498144.6013796
0.043860973011363644,1575498144.973371
0.0433877840909091,1575498145.345368
0.04658647017045451,1575498145.7173789
0.04390624999999999,1575498146.1013355
0.04349343039772723,1575498146.4733512
0.04566273082386363,1575498146.8453565
0.04458806818181815,1575498147.2173817
0.04298739346590906,1575498147.6013641
0.0437877308238636,1575498147.9733942
0.04645419034090909,1575498148.3453858
0.045151811079545426,1575498148.7174168
0.044708806818181825,1575498149.101383
0.04729980468750003,1575498149.4733813
0.044484641335227254,1575498149.845429
0.0441814630681818,1575498150.217456
0.04814941406250004,1575498150.601394
0.043950195312499975,1575498150.9734323
0.0430752840909091,1575498151.3454547
0.04721147017045452,1575498151.717455
0.05081232244318179,1575498152.1014383
0.04322531960227273,1575498152.4734592
0.04650701349431821,1575498152.8454661
0.03587269176136363,1575498153.2174878
0.042435191761363615,1575498153.6014712
0.050125177556818175,1575498153.973484
0.044379882812499986,1575498154.3454957
0.043705610795454576,1575498154.717526
0.046279740767045434,1575498155.101506
0.04377041903409091,1575498155.4735036
0.04359108664772728,1575498155.8455262
0.04496448863636365,1575498156.2175486
0.04590642755681815,1575498156.601515
0.04930619673295453,1575498156.9735322
0.04348410866477275,1575498157.34557
0.04723987926136359,1575498157.7175694
0.0440198863636364,1575498158.1015518
0.04342862215909087,1575498158.473567
0.04692338423295454,1575498158.8455915
0.044280007102272714,1575498159.2175903
0.04430664062499997,1575498159.6015797
0.04651278409090906,1575498159.9736066
0.044280450994318155,1575498160.3456097
0.04327547940340908,1575498160.7176282
0.04443448153409093,1575498161.1016192
0.046876331676136376,1575498161.473614
0.04312943892045453,1575498161.845643
0.05062544389204543,1575498162.2176864
0.07279074928977274,1575498162.6016247
0.08141779119318178,1575498162.9736495
0.08870427911931818,1575498163.3456788
0.07504172585227273,1575498163.7177227
0.05798295454545454,1575498164.101655
0.058040660511363654,1575498164.4738922
0.07177689985795457,1575498164.8457253
0.06879749644886367,1575498165.217735
0.09135387073863639,1575498165.6017177
0.08627574573863638,1575498165.973785
0.07201171874999995,1575498166.345767
0.05854181463068186,1575498166.7177904
0.05941450639204546,1575498167.1017432
0.062428089488636325,1575498167.4737492
0.05988503196022729,1575498167.845757
0.06132412997159098,1575498168.2177696
0.06956409801136365,1575498168.6017463
0.07800115411931813,1575498168.9737604
0.08088245738636363,1575498169.34578
0.060409712357954566,1575498169.717777
0.06649724786931821,1575498170.1017623
0.07035733309659092,1575498170.4737883
0.08263139204545462,1575498170.8458107
0.08904829545454548,1575498171.2178068
0.06329678622159098,1575498171.6018004
0.057731267755681825,1575498171.9738219
0.0563773970170455,1575498172.3458216
0.0611576704545455,1575498172.7178435
0.05616743607954544,1575498173.1018288
0.0684024325284091,1575498173.4738586
0.08088955965909089,1575498173.845854
0.05260609019886364,1575498174.2178762
0.05620205965909088,1575498174.6018364
0.0559676846590909,1575498174.9738622
0.05601296164772734,1575498175.3458874
0.05570623224431823,1575498175.7178998
0.05927689985795457,1575498176.1018586
0.059125976562499995,1575498176.4738932
0.06811390269886365,1575498176.8459177
0.07867098721590905,1575498177.2179184
0.06250710227272732,1575498177.601901
0.0577019708806818,1575498177.9739254
0.053284801136363635,1575498178.3459234
0.0590318714488636,1575498178.7179458
0.05912642045454545,1575498179.101936
0.06214710582386365,1575498179.4739175
0.07058993252840912,1575498179.8459663
0.05776278409090905,1575498180.2179797
0.059977361505681816,1575498180.6019933
0.06609863281250006,1575498180.9739716
0.07040083451704542,1575498181.3460026
0.07129616477272722,1575498181.7180135
