amperes,timestamp
0.08864080255681812,1575374052.2556763
0.11933860085227263,1575374052.6277134
0.12159090909090915,1575374052.999736
0.15020685369318182,1575374053.3717954
0.1312593217329546,1575374053.7557101
0.1182950106534091,1575374054.1277404
0.09721102627840908,1575374054.4997447
0.11780007102272723,1575374054.8717499
0.1492937677556819,1575374055.2557473
0.16180841619318187,1575374055.6277485
0.16045188210227265,1575374055.9997718
0.1535666725852275,1575374056.3717916
0.15154208096590918,1575374056.7557776
0.15791548295454563,1575374057.127776
0.1576646839488636,1575374057.4998035
0.15922452059659095,1575374057.8718286
0.16176047585227307,1575374058.2557788
0.1524307528409093,1575374058.6278095
0.12933504971590915,1575374058.9998364
0.12443004261363637,1575374059.3718317
0.11017578125000003,1575374059.755793
0.08761141690340912,1575374060.127838
0.11850630326704541,1575374060.4998615
0.1527028586647727,1575374060.8718562
0.14168812144886364,1575374061.2558408
0.13104048295454546,1575374061.6278605
0.09975630326704545,1575374061.99987
0.09086470170454551,1575374062.3718967
0.08516202059659098,1575374062.7558637
0.0925590376420455,1575374063.1278567
0.08402476917613631,1575374063.4998958
0.08637650923295462,1575374063.8719165
0.07474121093750005,1575374064.2558713
0.082578125,1575374064.6278963
0.0745086115056818,1575374064.9999232
0.09826127485795456,1575374065.3719492
0.08746093750000004,1575374065.7559066
0.14191495028409093,1575374066.1279309
0.12519309303977283,1575374066.4999347
0.10654785156249998,1575374066.8720274
0.10213512073863638,1575374067.2559867
0.11045765269886364,1575374067.6279852
0.11595658735795454,1575374067.9999855
0.12267755681818181,1575374068.3719833
0.1125603693181817,1575374068.7559626
0.10776278409090913,1575374069.1279628
0.11241876775568183,1575374069.4999938
0.10312988281249995,1575374069.872021
0.11285555752840906,1575374070.2559733
0.10775701349431818,1575374070.6279976
0.11380149147727267,1575374071.0000181
0.1057950106534092,1575374071.3720405
0.10817649147727276,1575374071.7560003
0.12490145596590908,1575374072.1280212
0.09748313210227272,1575374072.500049
0.0904345703125,1575374072.8720527
0.08255593039772728,1575374073.256033
0.08978648792613637,1575374073.6280572
0.08956143465909092,1575374074.0000498
0.06453568892045455,1575374074.372079
0.09785023082386367,1575374074.7560565
0.1134534801136364,1575374075.1280835
0.09418501420454545,1575374075.50009
0.06595392400568181,1575374075.8721075
0.04018554687499999,1575374076.2560902
0.03718439275568179,1575374076.6280925
0.04043323863636366,1575374077.0001428
0.039095348011363676,1575374077.3721406
0.03612970525568183,1575374077.7560906
0.04271173650568181,1575374078.1281278
0.031919833096590924,1575374078.500134
0.03530362215909092,1575374078.8721423
0.03475674715909089,1575374079.25613
0.03541326349431817,1575374079.628154
0.03675781250000001,1575374080.0001535
0.032036132812499986,1575374080.3721797
0.03633078835227275,1575374080.756159
0.03165172230113636,1575374081.1281824
0.032410333806818174,1575374081.5001845
0.03683815696022725,1575374081.8722045
0.03250887784090911,1575374082.2561889
0.03141912286931819,1575374082.6281974
0.03507856889204545,1575374083.0002084
0.03273171164772728,1575374083.372233
0.032038796164772725,1575374083.75619
0.04274680397727275,1575374084.1282177
0.036936700994318186,1575374084.5002422
0.03347434303977273,1575374084.8722603
0.038607066761363634,1575374085.2562218
0.040481178977272686,1575374085.6282613
0.03535333806818182,1575374086.0002682
0.03425736860795455,1575374086.3722718
0.03818448153409089,1575374086.756253
0.033975497159090914,1575374087.12828
0.038666992187500006,1575374087.5002625
0.03599609375000001,1575374087.8722908
0.039500621448863654,1575374088.256343
0.04094504616477272,1575374088.6283567
0.03255814985795456,1575374089.000356
0.03054465553977275,1575374089.3723545
0.030925958806818192,1575374089.7563155
0.03576349431818179,1575374090.1283097
0.0362442294034091,1575374090.5003219
0.031036931818181828,1575374090.872349
0.038298561789772714,1575374091.2562995
0.03239746093749999,1575374091.6283395
0.036117720170454524,1575374092.000371
0.03628773082386362,1575374092.3723633
0.031091530539772743,1575374092.7563457
0.03138805042613638,1575374093.128368
0.03526322798295455,1575374093.5003657
0.032187056107954554,1575374093.872398
0.03546786221590911,1575374094.256376
0.033457031250000026,1575374094.628391
0.03270063920454545,1575374095.0003965
0.0339040305397727,1575374095.372417
0.03145862926136364,1575374095.7563949
0.03704501065340906,1575374096.1283984
0.030547762784090902,1575374096.5004292
0.030862482244318184,1575374096.872452
0.03737615411931819,1575374097.2564144
0.03412908380681821,1575374097.6284266
0.034975585937500005,1575374098.000451
0.0350164240056818,1575374098.3724525
0.030335138494318174,1575374098.7564263
0.030456321022727273,1575374099.128467
0.035505593039772715,1575374099.5004823
0.03719859730113637,1575374099.8724825
0.03466441761363638,1575374100.2564561
0.04014160156250001,1575374100.6284974
0.043218217329545484,1575374101.0005012
0.030937500000000003,1575374101.3725262
0.032943892045454524,1575374101.756491
0.0375133167613636,1575374102.1284955
0.030225053267045433,1575374102.5005267
0.034471324573863614,1575374102.8725564
0.03631969105113638,1575374103.256508
0.030717329545454555,1575374103.6285405
0.036543412642045456,1575374104.0005574
0.04102805397727271,1575374104.372581
0.030400834517045453,1575374104.756535
0.034393643465909084,1575374105.1285589
0.03730601917613641,1575374105.5005898
0.0321901633522727,1575374105.872584
0.0360546875,1575374106.2565708
0.03351917613636363,1575374106.6285927
0.03041947798295454,1575374107.0006223
0.029964932528409077,1575374107.37262
0.035288085937499984,1575374107.7566082
0.03546253551136365,1575374108.1286144
0.03063254616477273,1575374108.5006216
0.03568581321022729,1575374108.87265
0.030478515625000015,1575374109.2566292
0.032039683948863654,1575374109.6286294
0.03474520596590907,1575374110.000729
0.03576438210227276,1575374110.3727257
0.031304598721590915,1575374110.7566843
0.031356977982954566,1575374111.1286848
0.03398659446022726,1575374111.5006807
0.031762251420454544,1575374111.8727064
0.03398925781250001,1575374112.2566643
0.03559614701704547,1575374112.6286926
0.03079589843750002,1575374113.0006907
0.030363991477272693,1575374113.3727143
0.03458185369318183,1575374113.756693
0.03663929332386363,1575374114.128716
0.030573064630681834,1575374114.500719
0.03261230468750001,1575374114.8727455
0.03310458096590908,1575374115.256726
0.04522816051136364,1575374115.6287262
0.030249467329545424,1575374116.000745
0.035742187500000015,1575374116.372773
0.02997780539772726,1575374116.7567565
0.0304989346590909,1575374117.1287522
0.034855735085227275,1575374117.500785
0.0362051669034091,1575374117.8727822
0.030035955255681812,1575374118.2567573
0.03492675781250001,1575374118.6287842
0.031116832386363626,1575374119.0008092
0.030521573153409108,1575374119.3728006
0.032262073863636366,1575374119.7567883
0.03404651988636362,1575374120.1288207
0.031146573153409105,1575374120.5008109
0.030362215909090908,1575374120.8728492
0.03532848011363635,1575374121.256822
0.03163041548295455,1575374121.6288095
0.030121626420454538,1575374122.0008473
0.03576127485795452,1575374122.3728707
0.03583318536931816,1575374122.756847
0.035969460227272716,1575374123.1288476
0.03672718394886363,1575374123.5008752
0.03457652698863634,1575374123.872878
0.04287020596590909,1575374124.2568524
0.032614080255681806,1575374124.628881
0.03553666548295454,1575374125.0009015
0.03546475497159093,1575374125.3729064
0.03652210582386362,1575374125.756888
0.05319025213068183,1575374126.1289077
0.07062588778409093,1575374126.5008981
0.0807976740056818,1575374126.8729327
0.14003462357954544,1575374127.2569008
0.12906871448863635,1575374127.628896
0.11293235085227273,1575374128.0009477
0.10073552911931813,1575374128.3729959
0.13616432883522733,1575374128.7569506
0.13277654474431816,1575374129.12895
0.0937970525568182,1575374129.501036
0.12278187144886367,1575374129.8729944
0.11141024502840907,1575374130.2569544
0.14620072798295441,1575374130.6289728
0.15829678622159082,1575374131.0010056
0.13653631036931824,1575374131.3730087
0.14306596235795457,1575374131.7570634
0.11445223721590907,1575374132.1290665
0.11967018821022729,1575374132.5010545
0.0872270063920454,1575374132.8730586
0.08634854403409087,1575374133.2570117
0.08360662286931825,1575374133.6290395
0.08714710582386365,1575374134.0010371
0.08867675781249997,1575374134.3730652
0.08002885298295455,1575374134.7570417
0.07971280184659092,1575374135.1290407
0.0860329367897727,1575374135.5010595
0.08378107244318182,1575374135.873091
0.08571644176136364,1575374136.2570455
0.08833629261363643,1575374136.6290724
0.08243386008522724,1575374137.0011153
0.08968616832386365,1575374137.3731236
0.08005637428977276,1575374137.7570798
0.0922469815340909,1575374138.129107
0.0789155717329545,1575374138.5011234
