amperes,timestamp
0.042630948153409086,1574530171.072593
0.0463356711647727,1574530171.444619
0.04469549005681818,1574530171.8286011
0.06329012784090911,1574530172.2006001
0.07403631036931815,1574530172.5726178
0.06392444957386363,1574530172.9446425
0.07311035156250004,1574530173.328596
0.07722389914772725,1574530173.7006292
0.057804953835227296,1574530174.0726511
0.04849209872159089,1574530174.4447072
0.04363725142045455,1574530174.8286188
0.0527392578125,1574530175.200659
0.037751242897727265,1574530175.5726786
0.03527476917613633,1574530175.9446852
0.03610218394886364,1574530176.3286667
0.03690340909090908,1574530176.7007084
0.03715642755681819,1574530177.0726848
0.040185990767045446,1574530177.4447303
0.053888494318181844,1574530177.8286896
0.06388849431818183,1574530178.2007227
0.0443465909090909,1574530178.5727212
0.04203169389204546,1574530178.944743
0.044058061079545435,1574530179.3287244
0.04875843394886362,1574530179.7007296
0.04417835582386363,1574530180.0727627
0.04392578125000001,1574530180.4447854
0.04026855468749999,1574530180.8287523
0.045141601562499994,1574530181.2007587
0.0420703125,1574530181.5727816
0.04147949218749998,1574530181.9447806
0.04353604403409093,1574530182.3287554
0.049094904119318175,1574530182.7008073
0.043531605113636344,1574530183.0728092
0.04293900923295455,1574530183.4448164
0.04171253551136362,1574530183.8287845
0.038286576704545446,1574530184.2008126
0.04071067116477271,1574530184.572816
0.04102716619318181,1574530184.9448445
0.03647549715909093,1574530185.328822
0.0404514382102273,1574530185.7008343
0.03903675426136366,1574530186.0728476
0.037287819602272725,1574530186.4448774
0.04161443536931817,1574530186.828871
0.04035910866477273,1574530187.2008536
0.043086381392045486,1574530187.5729537
0.038658114346590895,1574530187.9449568
0.04076970880681822,1574530188.3289084
0.03972966974431815,1574530188.7009053
0.037876864346590926,1574530189.0729125
0.040925514914772726,1574530189.4449484
0.038683416193181844,1574530189.8288882
0.04141601562499998,1574530190.2009106
0.04000754616477271,1574530190.5729122
0.03940873579545452,1574530190.9449432
0.035660067471590895,1574530191.3289232
0.039870827414772735,1574530191.7009535
0.040241477272727276,1574530192.0729423
0.0391344105113636,1574530192.4449713
0.04488769531249997,1574530192.828945
0.04167746803977271,1574530193.2009542
0.04092551491477275,1574530193.5729766
0.041163441051136354,1574530193.945002
0.04007102272727273,1574530194.3289866
0.040191761363636384,1574530194.7009895
0.040557084517045434,1574530195.0730095
0.040856711647727265,1574530195.445055
0.04007191051136363,1574530195.828987
0.03734641335227272,1574530196.201015
0.0422176846590909,1574530196.573035
0.040345791903409076,1574530196.945036
0.04077725497159092,1574530197.3290126
0.040322265625,1574530197.7010415
0.04071289062500002,1574530198.0730503
0.04187189275568183,1574530198.4450638
0.03578657670454546,1574530198.829048
0.04119628906250001,1574530199.2010655
0.03942693536931821,1574530199.5730798
0.03650701349431818,1574530199.9451218
0.038377574573863635,1574530200.329085
0.041309481534090926,1574530200.701088
0.03717285156249997,1574530201.073112
0.04236328124999998,1574530201.4451337
0.04631924715909088,1574530201.8290856
0.05842817826704541,1574530202.201106
0.07830255681818182,1574530202.5731294
0.04216752485795454,1574530202.9451368
0.04086869673295456,1574530203.329121
0.03624422940340911,1574530203.701147
0.03253329190340908,1574530204.073141
0.03288529829545455,1574530204.4451673
0.02900390624999999,1574530204.8291454
0.020838512073863637,1574530205.2011726
0.01842640269886362,1574530205.5731695
0.019816672585227273,1574530205.9451907
0.018242187499999993,1574530206.3291755
0.02032315340909091,1574530206.7011788
0.02395596590909091,1574530207.0732148
0.024529474431818164,1574530207.445224
0.01758611505681817,1574530207.82918
0.018991033380681813,1574530208.2012076
0.018294566761363647,1574530208.5732262
0.016844815340909074,1574530208.945367
0.019759854403409095,1574530209.329291
0.01733620383522726,1574530209.7012813
0.017204811789772716,1574530210.0732834
0.019059392755681814,1574530210.4452872
0.018212002840909094,1574530210.829268
0.01656693892045454,1574530211.2012777
0.018193803267045457,1574530211.5732965
0.020921963778409082,1574530211.9452913
0.01737792968749999,1574530212.3292773
0.01663352272727273,1574530212.7013
0.02061567826704546,1574530213.0733027
0.02022771661931817,1574530213.4453285
0.01675692471590909,1574530213.8293054
0.020250355113636365,1574530214.2013032
0.016771129261363642,1574530214.5733235
0.015889115767045447,1574530214.9453516
0.02011097301136363,1574530215.3293176
0.0159854403409091,1574530215.7013352
0.017344193892045442,1574530216.073357
0.018790394176136357,1574530216.4453921
0.01782670454545455,1574530216.829346
0.01892134232954545,1574530217.2013724
0.022021484375000004,1574530217.573397
0.018926669034090904,1574530217.9453921
0.017447620738636375,1574530218.3293731
0.017080965909090907,1574530218.7014031
0.019544566761363645,1574530219.0733936
0.01988591974431817,1574530219.4454303
0.01641734730113636,1574530219.8294067
0.01935724431818181,1574530220.201397
0.016522549715909097,1574530220.57343
0.016408025568181817,1574530220.9454515
0.020422141335227278,1574530221.3294287
0.017462713068181816,1574530221.7014313
0.015353781960227264,1574530222.0734673
0.020036843039772722,1574530222.4454865
0.018233753551136368,1574530222.8294394
0.01810680042613638,1574530223.2014697
0.0195743075284091,1574530223.5734954
0.01723455255681818,1574530223.9454978
0.019903675426136365,1574530224.32947
0.018532492897727276,1574530224.7014902
0.01890447443181818,1574530225.073519
0.0230095880681818,1574530225.445522
0.02019176136363637,1574530225.8295002
0.015760830965909092,1574530226.2015238
0.02067649147727273,1574530226.5735307
0.02082919034090911,1574530226.9455495
0.020718217329545454,1574530227.3295283
0.02017001065340909,1574530227.701535
0.015829190340909093,1574530228.073557
0.01710094105113636,1574530228.4455812
0.01787464488636362,1574530228.8295412
0.02184392755681817,1574530229.20157
0.021129261363636367,1574530229.5735848
0.0161181640625,1574530229.945618
0.015612127130681821,1574530230.3295689
0.01928400213068182,1574530230.7016747
0.015822975852272724,1574530231.0736692
0.019616033380681835,1574530231.4456654
0.01962446732954546,1574530231.8296237
0.017974964488636374,1574530232.201624
0.019911221590909096,1574530232.57365
0.02302734375000002,1574530232.9456494
0.018020685369318175,1574530233.3296263
0.01971546519886363,1574530233.701651
0.016727183948863644,1574530234.073655
0.01925204190340909,1574530234.4456816
0.019702148437500015,1574530234.8296642
0.016499911221590908,1574530235.2016616
0.021289506392045462,1574530235.5737054
0.019069602272727273,1574530235.9457042
0.016630859374999998,1574530236.3296669
0.021045365767045437,1574530236.7016907
0.016255326704545454,1574530237.0737233
0.0181103515625,1574530237.4457147
0.01988725142045454,1574530237.8296936
0.016063565340909088,1574530238.2017195
0.01655539772727273,1574530238.5737486
0.021253107244318177,1574530238.9457562
0.016233132102272726,1574530239.329726
0.017908824573863637,1574530239.701753
0.01923694957386365,1574530240.073747
0.016993519176136368,1574530240.4457767
0.01981800426136364,1574530240.8297565
0.01697709517045453,1574530241.2017953
0.016505237926136358,1574530241.5737822
0.019985795454545454,1574530241.9458103
0.01638316761363637,1574530242.3297856
0.022209250710227266,1574530242.7017856
0.019349698153409086,1574530243.0738084
0.016558061079545452,1574530243.4458396
0.019339488636363634,1574530243.8297958
0.018399769176136362,1574530244.2018228
0.017080965909090907,1574530244.5738473
0.022240323153409087,1574530244.9458435
0.016829279119318193,1574530245.3298252
0.01717906605113637,1574530245.7018514
0.02009366122159091,1574530246.0738876
0.015237926136363641,1574530246.4458756
0.0173104580965909,1574530246.8298545
0.01768288352272726,1574530247.201878
0.017335759943181824,1574530247.5738797
0.01840376420454545,1574530247.9459069
0.0166610440340909,1574530248.329896
0.015217507102272737,1574530248.701887
0.01796120383522727,1574530249.0739152
0.015964133522727266,1574530249.4459352
0.01403897372159091,1574530249.8299184
0.017506658380681814,1574530250.201916
0.01523748224431819,1574530250.5739508
0.016913174715909085,1574530250.9459717
0.03956764914772726,1574530251.3299222
0.04846990411931819,1574530251.7019517
0.04614879261363642,1574530252.0740497
0.02278098366477275,1574530252.4460454
0.019831764914772718,1574530252.8300016
0.022514204545454542,1574530253.2020066
0.01689985795454546,1574530253.574013
0.014513494318181814,1574530253.945996
0.017910156250000014,1574530254.329988
0.018662109375,1574530254.7020447
0.04154873934659091,1574530255.074017
0.04048561789772727,1574530255.4460387
0.05041326349431821,1574530255.8300154
0.05373135653409092,1574530256.2020233
0.039996004971590934,1574530256.5740526
0.03650790127840913,1574530256.946073
0.04248579545454547,1574530257.3300362
0.047079190340909106,1574530257.702049
0.04526322798295455,1574530258.0740752
0.06194113991477275,1574530258.4461074
0.03959028764204547,1574530258.8300965
0.04257412997159089,1574530259.202121
0.0426526988636364,1574530259.5741413
0.058919566761363604,1574530259.9461246
0.0683416193181818,1574530260.3301244
0.05436967329545456,1574530260.7021399
0.04573375355113635,1574530261.074153
0.044041193181818226,1574530261.4461637
0.04678000710227271,1574530261.830167
0.05741654829545453,1574530262.2021697
0.04357865767045456,1574530262.574161
0.05093217329545453,1574530262.9462032
0.049531250000000006,1574530263.3301513
0.05736416903409091,1574530263.7021823
0.05268732244318182,1574530264.0742018
0.047998934659090886,1574530264.4462273
0.04582075639204547,1574530264.8301885
0.04260875355113636,1574530265.2022135
0.044573863636363606,1574530265.5742428
0.042563032670454554,1574530265.946243
0.037783203125000005,1574530266.3302333
0.04554909446022727,1574530266.7022395
0.04463156960227277,1574530267.074265
0.043415749289772695,1574530267.446274
0.04505681818181817,1574530267.8302467
0.04356400923295456,1574530268.2022605
0.041581143465909076,1574530268.5742393
0.04219238281250001,1574530268.9462993
0.04307262073863639,1574530269.3302782
0.043191583806818194,1574530269.7022784
0.043589754971590886,1574530270.0742953
0.04398659446022729,1574530270.4463325
