amperes,timestamp
0.039579634232954554,1574528119.4103086
0.04120072798295457,1574528119.7944303
0.040356001420454535,1574528120.1662848
0.06730379971590905,1574528120.538352
0.07279518821022726,1574528120.910318
0.06850186434659088,1574528121.2944725
0.07482155539772725,1574528121.6663089
0.07373224431818183,1574528122.0383291
0.04639426491477275,1574528122.4103565
0.04584295099431819,1574528122.7943347
0.04694469105113636,1574528123.1663187
0.04404518821022726,1574528123.5383492
0.03581809303977272,1574528123.9103725
0.034000799005681814,1574528124.2945533
0.03809126420454546,1574528124.6663566
0.03391557173295457,1574528125.0383735
0.03785955255681816,1574528125.410387
0.04139248934659089,1574528125.7946117
0.06430974786931817,1574528126.1663947
0.05964533025568183,1574528126.5384202
0.04267755681818182,1574528126.910428
0.04185990767045452,1574528127.294474
0.05346768465909091,1574528127.6664994
0.04696333451704544,1574528128.0384696
0.04456631747159089,1574528128.4104824
0.040717329545454546,1574528128.7946055
0.04258922230113639,1574528129.1664417
0.04155406605113637,1574528129.5384684
0.03756036931818182,1574528129.9104567
0.04093217329545457,1574528130.2944589
0.04630637428977274,1574528130.6664524
0.03731134588068181,1574528131.038472
0.03981977982954542,1574528131.4104905
0.04128817471590912,1574528131.794611
0.0362393465909091,1574528132.1664755
0.039509499289772716,1574528132.5384986
0.03836825284090908,1574528132.9104714
0.037917702414772714,1574528133.2947211
0.04016912286931819,1574528133.6665149
0.03872247869318185,1574528134.0385892
0.03642977627840909,1574528134.4105558
0.036945134943181836,1574528134.794528
0.0377215021306818,1574528135.1665556
0.041582475142045446,1574528135.538797
0.035673828125000015,1574528135.9107516
0.038093927556818175,1574528136.2945492
0.03895285866477271,1574528136.6665733
0.03508300781250001,1574528137.0387075
0.038571555397727275,1574528137.4107623
0.03847567471590905,1574528137.7945929
0.03616921164772729,1574528138.166595
0.038850319602272705,1574528138.5386946
0.03797141335227277,1574528138.9106412
0.03697265624999998,1574528139.2945874
0.036718749999999994,1574528139.6666598
0.039444247159090916,1574528140.038881
0.03820268110795453,1574528140.4108114
0.037406782670454546,1574528140.7946327
0.03848632812499999,1574528141.1666949
0.038661221590909095,1574528141.5387676
0.039027876420454556,1574528141.9107006
0.038557794744318176,1574528142.2946565
0.03773970170454548,1574528142.6666791
0.03680486505681816,1574528143.0388534
0.039459339488636336,1574528143.411034
0.037749023437499994,1574528143.7946458
0.03607688210227276,1574528144.1667173
0.03519264914772727,1574528144.539
0.039237837357954546,1574528144.9108977
0.037446289062500006,1574528145.2946906
0.03876864346590908,1574528145.666748
0.0378759765625,1574528146.039001
0.03873801491477272,1574528146.4110222
0.041927379261363674,1574528146.7947326
0.03246493252840909,1574528147.1667783
0.03828391335227271,1574528147.5389311
0.03644087357954548,1574528147.9107814
0.03789950284090906,1574528148.2947133
0.038184481534090944,1574528148.6668622
0.037090287642045444,1574528149.0391326
0.04194912997159093,1574528149.41088
0.03755326704545454,1574528149.7947843
0.037336647727272736,1574528150.1668293
0.0675497159090909,1574528150.539068
0.05985395951704541,1574528150.9110622
0.03777476917613636,1574528151.2949681
0.04156072443181821,1574528151.666809
0.03546075994318184,1574528152.0388389
0.021400035511363616,1574528152.4108596
0.01688520951704545,1574528152.7948258
0.01674449573863635,1574528153.166834
0.023592418323863638,1574528153.5388463
0.01588423295454545,1574528153.9108646
0.015541992187500003,1574528154.294853
0.020395507812500005,1574528154.6668317
0.01811700994318182,1574528155.038862
0.025547318892045454,1574528155.4108977
0.020389293323863637,1574528155.7950497
0.01683416193181817,1574528156.1668692
0.01695223721590908,1574528156.5389986
0.019849076704545457,1574528156.9109204
0.018988370028409092,1574528157.29489
0.020440340909090922,1574528157.666893
0.01668368252840909,1574528158.038958
0.02143643465909092,1574528158.410932
0.02119939630681818,1574528158.7951148
0.01728293678977272,1574528159.166941
0.01809037642045456,1574528159.5389996
0.016822620738636364,1574528159.9109828
0.018161843039772745,1574528160.2949424
0.02109818892045455,1574528160.6669528
0.016787553267045455,1574528161.0389473
0.02042746803977273,1574528161.4109821
0.02029474431818183,1574528161.795149
0.015617009943181815,1574528162.166966
0.020435901988636374,1574528162.5389888
0.0161123934659091,1574528162.9111242
0.01798872514204545,1574528163.2951622
0.019370117187500018,1574528163.6670072
0.015690252130681818,1574528164.039014
0.0174667080965909,1574528164.4110143
0.017741477272727277,1574528164.795013
0.016297940340909083,1574528165.16707
0.021948242187500005,1574528165.539037
0.019387872869318184,1574528165.9110372
0.016411132812500003,1574528166.2950523
0.019612926136363642,1574528166.667039
0.01643643465909091,1574528167.03905
0.01929243607954545,1574528167.4110692
0.018852539062499972,1574528167.7952185
0.01595170454545454,1574528168.1670737
0.01917879971590909,1574528168.539321
0.01749866832386363,1574528168.9113438
0.01788840553977272,1574528169.2950482
0.01913219105113636,1574528169.6670973
0.017392134232954555,1574528170.0394282
0.01647638494318182,1574528170.411136
0.020427911931818178,1574528170.7951858
0.016671253551136366,1574528171.1672394
0.021039595170454548,1574528171.539221
0.02090864701704545,1574528171.9113674
0.015433682528409097,1574528172.2951486
0.01829367897727273,1574528172.6671903
0.016590909090909097,1574528173.0392857
0.019621360085227278,1574528173.4114382
0.019291992187499992,1574528173.7951725
0.015610795454545462,1574528174.1672096
0.016812855113636366,1574528174.5394788
0.019821555397727286,1574528174.9112334
0.01979536576704545,1574528175.2951734
0.017897727272727273,1574528175.6672318
0.019343927556818175,1574528176.0394833
0.01788485440340908,1574528176.4114294
0.020397727272727276,1574528176.7952273
0.016658824573863636,1574528177.1672904
0.018742897727272726,1574528177.539489
0.020610351562500007,1574528177.9115546
0.01692027698863638,1574528178.295237
0.015381303267045452,1574528178.6672702
0.01921031605113637,1574528179.0395463
0.018363370028409078,1574528179.4113107
0.01919300426136363,1574528179.7952557
0.017998046875000003,1574528180.167301
0.01687544389204545,1574528180.5396245
0.023386896306818183,1574528180.91132
0.01865589488636365,1574528181.2952538
0.01739346590909091,1574528181.6673667
0.019872159090909086,1574528182.039433
0.01562721946022728,1574528182.4116595
0.017091619318181824,1574528182.7952812
0.019338600852272715,1574528183.167366
0.01838334517045454,1574528183.5394175
0.017777876420454548,1574528183.9113698
0.01850452769886362,1574528184.2953062
0.01584783380681819,1574528184.6674871
0.018987482244318184,1574528185.03946
0.016515447443181827,1574528185.4113958
0.017683327414772722,1574528185.7956712
0.021491033380681816,1574528186.167362
0.01619939630681818,1574528186.5393994
0.01843971946022726,1574528186.9114268
0.018360706676136363,1574528187.29537
0.01699751420454545,1574528187.6674223
0.018357155539772727,1574528188.0394337
0.018829012784090906,1574528188.411441
0.019802911931818185,1574528188.795405
0.01837535511363636,1574528189.1674325
0.017368164062500014,1574528189.5394728
0.01631969105113637,1574528189.9114716
0.018735351562500013,1574528190.2955642
0.015904208096590912,1574528190.667459
0.024373668323863618,1574528191.0394766
0.018038441051136344,1574528191.4114964
0.017905273437499997,1574528191.7954712
0.017971857244318185,1574528192.1674597
0.01694158380681818,1574528192.5396006
0.016131480823863637,1574528192.911622
0.0191561612215909,1574528193.2955177
0.019097567471590915,1574528193.6675072
0.02044477982954546,1574528194.039507
0.02006347656250002,1574528194.4115682
0.015101651278409097,1574528194.7957222
0.01724964488636363,1574528195.167523
0.017635387073863626,1574528195.5395188
0.014185014204545446,1574528195.9115534
0.018416637073863634,1574528196.2957175
0.0161328125,1574528196.6675541
0.015309836647727282,1574528197.0395434
0.017437411221590923,1574528197.411576
0.015343128551136368,1574528197.7955627
0.015426136363636366,1574528198.1675415
0.016292169744318182,1574528198.5395865
0.017270063920454538,1574528198.9116554
0.018393554687500004,1574528199.2956161
0.04132990056818182,1574528199.667582
0.05716352982954545,1574528200.0396035
0.036743164062500014,1574528200.4116244
0.020472301136363655,1574528200.7957125
0.01582963423295455,1574528201.167643
0.018758877840909093,1574528201.5396132
0.013875621448863642,1574528201.911628
0.017073863636363627,1574528202.2956247
0.039667968750000004,1574528202.667662
0.03987881747159094,1574528203.0399153
0.05694113991477274,1574528203.411705
0.04428000710227272,1574528203.795652
0.03419300426136365,1574528204.1676757
0.03776189630681817,1574528204.5400014
0.039838867187499974,1574528204.9117234
0.043821910511363645,1574528205.2956657
0.05410111860795454,1574528205.667686
0.04510564630681821,1574528206.040014
0.04015358664772726,1574528206.4117978
0.04029785156250001,1574528206.7957008
0.04819291548295454,1574528207.1677494
0.07006081321022724,1574528207.5400467
0.07634277343749998,1574528207.9117515
0.05071422230113636,1574528208.2957752
0.059930752840909096,1574528208.6677744
0.04212624289772729,1574528209.0399761
0.05153897372159091,1574528209.4117897
0.04285466974431821,1574528209.7957501
0.042147993607954556,1574528210.167791
0.042314453124999984,1574528210.5400772
0.053121892755681806,1574528210.9118435
0.03892045454545454,1574528211.2957883
0.042895951704545465,1574528211.6678402
0.041753817471590945,1574528212.0401032
0.04272505326704548,1574528212.411912
0.04056773792613638,1574528212.7958097
0.04191051136363638,1574528213.1678584
0.039821999289772744,1574528213.5398598
0.04075683593749998,1574528213.9118814
0.040684481534090884,1574528214.2959049
0.040565518465909105,1574528214.6679568
0.040293412642045424,1574528215.0401485
0.03812056107954544,1574528215.412131
0.042808504971590854,1574528215.795961
0.040801225142045455,1574528216.1679308
0.03542658025568182,1574528216.5399702
0.0411882990056818,1574528216.9121082
0.039342151988636345,1574528217.2959445
