amperes,timestamp
0.04383522727272729,1575430101.1701534
0.05608753551136364,1575430101.5425467
0.057600763494318225,1575430101.9264712
0.055645419034090905,1575430102.2986126
0.06798916903409091,1575430102.6701405
0.06629216974431822,1575430103.0428183
0.06366654829545458,1575430103.4261377
0.06300559303977275,1575430103.7984936
0.06396084872159095,1575430104.170085
0.06474831321022728,1575430104.5430982
0.06799316406250001,1575430104.926534
0.07501819957386359,1575430105.298548
0.06285733309659094,1575430105.6701329
0.06262606534090907,1575430106.0427372
0.05886940696022727,1575430106.4266238
0.0529483309659091,1575430106.7987716
0.0572523082386364,1575430107.1704028
0.0664861505681818,1575430107.542651
0.05176535866477275,1575430107.9264414
0.06204145951704546,1575430108.298771
0.0649427379261363,1575430108.6701462
0.046677024147727314,1575430109.0427163
0.04959428267045454,1575430109.42661
0.04940962357954543,1575430109.7985053
0.05339710582386362,1575430110.1702492
0.05666770241477272,1575430110.5436642
0.04593084161931821,1575430110.9265766
0.05265891335227277,1575430111.2985775
0.04607022372159091,1575430111.6702309
0.040581498579545475,1575430112.0429463
0.041380060369318176,1575430112.4264972
0.039702592329545455,1575430112.7985792
0.037994051846590916,1575430113.1703098
0.03975941051136362,1575430113.5431767
0.040196200284090905,1575430113.9264915
0.04107643821022727,1575430114.298877
0.04022594105113636,1575430114.670504
0.039260031960227246,1575430115.042745
0.03835316051136366,1575430115.4267042
0.04701793323863633,1575430115.7989132
0.0427179509943182,1575430116.1702852
0.041609108664772736,1575430116.5423927
0.037861772017045464,1575430116.926644
0.04000577059659091,1575430117.2989116
0.039472656250000016,1575430117.6708004
0.03988192471590908,1575430118.0427835
0.040003551136363655,1575430118.426567
0.03965775923295454,1575430118.799
0.03942116477272727,1575430119.1704557
0.03998934659090905,1575430119.5425966
0.040263671874999976,1575430119.9269185
0.03987659801136368,1575430120.2984035
0.039663085937499974,1575430120.6704204
0.04356001420454543,1575430121.0428426
0.03983087713068181,1575430121.4266076
0.03948286576704544,1575430121.7989948
0.04017933238636362,1575430122.1704676
0.04251864346590908,1575430122.5428853
0.04159446022727275,1575430122.9268646
0.041193625710227263,1575430123.2990544
0.04165660511363636,1575430123.670584
0.041379172585227275,1575430124.043639
0.04164595170454545,1575430124.4267373
0.04091752485795453,1575430124.7988827
0.04197931463068183,1575430125.1704957
0.04137739701704544,1575430125.5430005
0.04131969105113636,1575430125.926782
0.04210493607954544,1575430126.2991931
0.041351207386363636,1575430126.6706636
0.04147238991477275,1575430127.0430887
0.04202192826704545,1575430127.4267368
0.041209161931818186,1575430127.7990608
0.04078036221590911,1575430128.1705043
0.041702769886363636,1575430128.5437114
0.040713778409090906,1575430128.9267614
0.03978560014204547,1575430129.2989452
0.04133256392045455,1575430129.6705067
0.0419815340909091,1575430130.043139
0.041155894886363634,1575430130.4268687
0.04241787997159092,1575430130.798914
0.05012295809659092,1575430131.1706579
0.04913041548295453,1575430131.5435903
0.05072620738636363,1575430131.9268484
0.06776589133522733,1575430132.2990212
0.053516512784090906,1575430132.6705961
0.05060324928977274,1575430133.0430405
0.041093749999999964,1575430133.4269922
0.05051047585227271,1575430133.7991214
0.04689453125000003,1575430134.1707067
0.046717418323863676,1575430134.5428898
0.046275745738636374,1575430134.927006
0.03960626775568181,1575430135.2991617
0.039434481534090904,1575430135.6707523
0.03980823863636363,1575430136.0432274
0.040381747159090924,1575430136.427311
0.03993474786931816,1575430136.7988675
0.038779296875,1575430137.1706736
0.04478648792613635,1575430137.5430741
0.049091796874999975,1575430137.9270267
0.048890269886363615,1575430138.2995355
0.029186789772727293,1575430138.6708045
0.04133345170454541,1575430139.044246
0.06757102272727272,1575430139.427118
0.07938609730113634,1575430139.7991457
0.06882457386363634,1575430140.170738
0.0748650568181819,1575430140.5433018
0.07313565340909095,1575430140.9268837
0.07272594105113635,1575430141.2992406
0.07335493607954538,1575430141.670715
0.08091663707386364,1575430142.0431159
0.0701762251420455,1575430142.4270575
0.06797984730113639,1575430142.7989676
0.06848410866477278,1575430143.170842
0.06819824218750001,1575430143.543146
0.0684561434659091,1575430143.927076
0.06841619318181826,1575430144.2992017
0.06783647017045454,1575430144.6708524
0.06816539417613636,1575430145.043507
0.06801402698863634,1575430145.426892
0.06791237571022728,1575430145.7995963
0.06836558948863639,1575430146.1708722
0.0697212357954545,1575430146.543149
0.07478027343750006,1575430146.9272301
0.07419300426136372,1575430147.299244
0.07614346590909091,1575430147.6709127
0.07935813210227263,1575430148.044038
0.07613858309659098,1575430148.4271483
0.07268821022727277,1575430148.7997217
0.051613103693181825,1575430149.1708982
0.04863014914772727,1575430149.5435224
0.046585582386363664,1575430149.927447
0.046948242187499954,1575430150.2992404
0.04541148792613638,1575430150.6709952
0.0346044921875,1575430151.0434763
0.04037908380681814,1575430151.4271235
0.03976962002840906,1575430151.7992427
0.03982022372159091,1575430152.1709156
0.03963112571022727,1575430152.543317
0.03946377840909094,1575430152.9272668
0.032891956676136376,1575430153.2992978
0.04017888849431818,1575430153.671195
0.038497425426136364,1575430154.0436473
0.042604758522727264,1575430154.4272592
0.04977317116477271,1575430154.7991917
0.04749955610795456,1575430155.171076
0.05487038352272725,1575430155.5433483
0.06826571377840907,1575430155.9273376
0.0686905184659091,1575430156.2992241
0.055519797585227265,1575430156.6710331
0.04815074573863635,1575430157.0437284
0.04713334517045457,1575430157.4273849
0.04730601917613636,1575430157.7997448
0.044871271306818235,1575430158.171096
0.0512144886363636,1575430158.5435426
0.06519975142045459,1575430158.9277182
0.04868874289772724,1575430159.2993445
0.0486208274147727,1575430159.6710489
0.053117453835227264,1575430160.044451
0.06121271306818182,1575430160.4277906
0.047428977272727275,1575430160.7993827
0.060545099431818156,1575430161.171099
0.06380992542613635,1575430161.5435
0.05962136008522726,1575430161.9274752
0.05027343749999999,1575430162.2991867
0.06000710227272725,1575430162.671123
0.057749911221590906,1575430163.0442502
0.04451038707386366,1575430163.4274154
0.06276189630681817,1575430163.7993288
0.05044966264204542,1575430164.1711614
0.04217773437499999,1575430164.5436642
0.05165305397727272,1575430164.9273822
0.06711115056818188,1575430165.2995572
0.04565962357954541,1575430165.6711729
0.055240589488636395,1575430166.0436087
0.055121182528409085,1575430166.4276903
0.04222922585227271,1575430166.7993188
0.04166459517045457,1575430167.1714225
0.06228870738636363,1575430167.5433815
0.05045765269886361,1575430167.9276917
0.043986150568181795,1575430168.2992802
0.05596857244318181,1575430168.6712263
0.049109108664772735,1575430169.0437655
0.06541947798295454,1575430169.4275763
0.060274769176136375,1575430169.799439
0.04165438565340909,1575430170.1712825
0.045116743607954556,1575430170.54386
0.05853737571022727,1575430170.9275475
0.059003906250000036,1575430171.2994757
0.04228204900568184,1575430171.671307
0.046847034801136396,1575430172.0443006
0.06289772727272731,1575430172.427641
0.04364701704545453,1575430172.7994132
0.05462180397727274,1575430173.1714442
0.05720481178977275,1575430173.5438924
0.042697088068181864,1575430173.927611
0.041592684659090925,1575430174.299647
0.06395907315340908,1575430174.6713495
0.04274192116477274,1575430175.0448518
0.042156871448863646,1575430175.427496
0.05351162997159095,1575430175.7994888
0.053663441051136344,1575430176.1714563
0.041994850852272725,1575430176.5434246
0.053892933238636385,1575430176.9275742
0.060087446732954575,1575430177.2993689
0.04089932528409088,1575430177.6713989
0.05002574573863638,1575430178.043437
0.06590065696022727,1575430178.4274287
0.04238547585227271,1575430178.7994263
0.04507412997159092,1575430179.1714277
0.06158336292613633,1575430179.5436099
0.041644176136363655,1575430179.9274395
0.04152698863636365,1575430180.2994313
0.06214710582386365,1575430180.67146
0.05495294744318187,1575430181.043932
0.042037020596590924,1575430181.4274712
0.06242808948863637,1575430181.799473
0.04233309659090905,1575430182.1714852
0.042655362215909085,1575430182.543525
0.0645108309659091,1575430182.9275053
0.0560928622159091,1575430183.2995312
0.058726917613636395,1575430183.6714962
0.06740145596590907,1575430184.0436728
0.07700772372159087,1575430184.427803
0.07580300071022729,1575430184.7995336
0.06161044034090911,1575430185.1715403
0.07130859375000001,1575430185.5435534
0.07315651633522727,1575430185.9275115
0.05317737926136364,1575430186.2995536
0.05767089843750001,1575430186.6715522
0.057633611505681824,1575430187.0435545
0.05843794389204549,1575430187.4275346
0.05702947443181817,1575430187.7995846
0.05161887428977278,1575430188.1716573
0.04543900923295456,1575430188.5436406
0.05073641690340912,1575430188.9279277
0.06012251420454544,1575430189.2996607
0.05984197443181815,1575430189.6716654
0.05635830965909094,1575430190.0436513
0.05869451349431818,1575430190.4276254
0.05642578124999997,1575430190.799636
0.057167968749999985,1575430191.171669
0.05378462357954546,1575430191.5436535
0.04894309303977267,1575430191.9276454
0.051691228693181795,1575430192.299649
0.05569602272727274,1575430192.6716514
0.05255282315340911,1575430193.0436828
0.046603338068181795,1575430193.4276953
0.04099520596590907,1575430193.7996707
0.0410506924715909,1575430194.1717312
0.040569069602272724,1575430194.543731
0.040316051136363655,1575430194.9276779
0.03643554687499999,1575430195.2997508
0.05474387428977275,1575430195.6718357
0.05620516690340909,1575430196.04373
0.049566317471590904,1575430196.4277031
0.04797674005681816,1575430196.7997618
0.04438654119318181,1575430197.171732
0.047829367897727286,1575430197.5438435
0.047805397727272686,1575430197.9277668
0.04786487926136362,1575430198.2997887
0.044638671875000015,1575430198.6717744
0.0395157137784091,1575430199.043829
0.0402880859375,1575430199.4277835
0.04650967684659093,1575430199.799793
0.03913130326704548,1575430200.1718593
0.04587979403409091,1575430200.5438173
0.05053622159090908,1575430200.927795
0.0462189275568182,1575430201.3001244
0.049371004971590915,1575430201.672002
0.051544300426136336,1575430202.0438843
0.02458895596590907,1575430202.4278817
0.055400390625000115,1575430202.799839
0.08617498224431824,1575430203.171849
0.06735751065340909,1575430203.5440648
0.06289728338068182,1575430203.9280272
0.05960893110795455,1575430204.2998521
0.055486061789772716,1575430204.6720095
0.0545956143465909,1575430205.0439467
0.056170543323863675,1575430205.4278615
0.055193093039772705,1575430205.799931
0.05385120738636364,1575430206.171951
0.05462935014204545,1575430206.543934
0.05062056107954548,1575430206.9279342
0.05390846946022724,1575430207.2999885
0.03928666548295459,1575430207.6721008
0.04062766335227275,1575430208.0439527
0.04445312500000002,1575430208.427952
0.0474582741477273,1575430208.7999947
0.035685369318181795,1575430209.1723099
0.04042169744318179,1575430209.544219
0.04016379616477274,1575430209.9280343
0.0400994318181818,1575430210.3001585
0.041396484374999994,1575430210.672079
0.04175071022727272,1575430211.0440788
0.04157892400568184,1575430211.4280236
0.04212357954545451,1575430211.7999988
0.04263094815340908,1575430212.1720774
0.04636097301136364,1575430212.5441217
0.04297230113636367,1575430212.9280415
0.04173029119318181,1575430213.3000634
0.04212801846590914,1575430213.6720543
0.04290482954545452,1575430214.0442123
0.04997203480113634,1575430214.4280622
0.03976340553977269,1575430214.8005788
0.04044167258522729,1575430215.1721866
0.040371981534090905,1575430215.5441754
0.047331321022727246,1575430215.9281104
0.03919788707386364,1575430216.3001194
0.04351828835227277,1575430216.672342
0.04646084872159092,1575430217.0441763
0.051544300426136384,1575430217.428149
0.046558061079545465,1575430217.8001513
0.04726917613636364,1575430218.17216
0.07225585937499998,1575430218.544161
0.07240855823863637,1575430218.9281702
0.07227183948863634,1575430219.300159
0.07517800071022727,1575430219.6721556
0.07473588423295456,1575430220.044189
0.06841264204545457,1575430220.428192
0.05748180042613635,1575430220.8001764
0.046287286931818175,1575430221.1722121
0.046859463778409084,1575430221.5444565
0.04763893821022729,1575430221.9282093
0.04780983664772725,1575430222.3002534
0.04688343394886363,1575430222.6725981
0.047402343750000034,1575430223.0442998
0.043760209517045456,1575430223.428242
0.042615411931818156,1575430223.8002908
0.043084605823863614,1575430224.1723876
0.04202414772727273,1575430224.544443
0.0412766335227273,1575430224.9287488
0.04130015980113637,1575430225.3010688
0.04100630326704545,1575430225.6726203
0.04195445667613637,1575430226.0449574
0.0412708629261364,1575430226.428725
0.041620205965909096,1575430226.8010278
0.04150701349431819,1575430227.1725032
0.04267089843750001,1575430227.5446868
0.04187633167613635,1575430227.9284718
0.04303666548295454,1575430228.3009064
0.04153586647727272,1575430228.6724682
0.042231001420454564,1575430229.0444593
0.0420188210227273,1575430229.4283667
0.0419522372159091,1575430229.8003879
0.04155095880681821,1575430230.17243
0.04142844460227274,1575430230.5444672
0.04110795454545455,1575430230.9284062
0.04160866477272729,1575430231.3004432
0.04204279119318181,1575430231.672438
0.04185546875000002,1575430232.0445213
0.0421883877840909,1575430232.4284794
0.04217329545454542,1575430232.8004706
0.036804865056818174,1575430233.1724932
0.04188964843749996,1575430233.544486
0.04141601562499998,1575430233.9284656
0.04416725852272727,1575430234.300491
0.04916859019886365,1575430234.672687
0.04291770241477272,1575430235.0445263
0.05520019531249997,1575430235.4284768
0.07070845170454544,1575430235.8006008
0.07215598366477273,1575430236.1727905
0.07256258877840908,1575430236.5446591
0.0744171697443182,1575430236.9285634
0.07305264559659089,1575430237.3005464
0.06077104048295457,1575430237.6725633
0.05960537997159095,1575430238.044655
0.04883212002840911,1575430238.4285443
0.0483522727272727,1575430238.8005748
0.04739568536931819,1575430239.1726606
0.047158203125,1575430239.5446534
0.047126242897727294,1575430239.9285424
0.0469269353693182,1575430240.3005998
0.04267223011363636,1575430240.6728823
0.041547407670454554,1575430241.0446067
0.04089133522727273,1575430241.4285946
0.04169300426136364,1575430241.800631
0.0413174715909091,1575430242.1726809
0.046156338778409106,1575430242.544679
0.04317294034090909,1575430242.9286242
0.03863192471590905,1575430243.3006234
0.04053666548295453,1575430243.6726353
0.039715465198863646,1575430244.0446858
0.0415261008522727,1575430244.4289727
0.041437322443181795,1575430244.8007076
0.04179643110795452,1575430245.1735816
0.04086869673295457,1575430245.5447083
0.04176802201704546,1575430245.9286816
0.040897549715909115,1575430246.3007374
0.0417049893465909,1575430246.6728024
0.041552290482954515,1575430247.0447245
0.041069779829545454,1575430247.4287107
0.0463516512784091,1575430247.8007722
0.0480499822443182,1575430248.1728387
0.047286931818181756,1575430248.5447726
0.0474493963068182,1575430248.92875
0.047175071022727284,1575430249.3007617
0.05193714488636364,1575430249.672805
0.04303710937499999,1575430250.0449839
0.047781871448863616,1575430250.4287791
0.07050381747159089,1575430250.8007982
0.06974742542613639,1575430251.1733751
0.06123401988636363,1575430251.5450432
0.05682262073863639,1575430251.9288056
0.0494855291193182,1575430252.3009593
0.047296253551136376,1575430252.673044
0.046798650568181804,1575430253.045289
0.04700106534090911,1575430253.4292395
0.04709339488636362,1575430253.8009481
0.04409978693181814,1575430254.1730795
0.049216530539772686,1575430254.5452023
0.04736150568181815,1575430254.9289024
0.0491139914772727,1575430255.300943
0.055148703835227304,1575430255.6729157
0.07131747159090909,1575430256.0449271
0.07020818536931814,1575430256.428936
0.05668235085227273,1575430256.8010056
0.059186345880681834,1575430257.1730332
0.0468328302556818,1575430257.5450215
0.05545632102272729,1575430257.9289582
0.052705965909090935,1575430258.3009799
0.05568403764204549,1575430258.6733623
0.07274636008522728,1575430259.0450683
0.07155495383522732,1575430259.4289927
0.062457386363636375,1575430259.800957
0.05655229048295452,1575430260.1733007
0.05849875710227271,1575430260.545134
0.049322176846590904,1575430260.9290268
0.05697354403409092,1575430261.3009956
0.05635875355113637,1575430261.673273
0.051003196022727224,1575430262.0450416
0.04826482599431819,1575430262.4290438
0.04833007812500005,1575430262.801043
0.0528897372159091,1575430263.173214
0.07377574573863631,1575430263.5451248
0.0734632457386363,1575430263.929146
0.07301180752840915,1575430264.301065
0.07125532670454549,1575430264.673489
0.07469504616477275,1575430265.0451298
0.0736949573863636,1575430265.4290862
0.07393022017045452,1575430265.8010802
0.07377441406249997,1575430266.173178
0.07419122869318187,1575430266.5452414
0.07530095880681818,1575430266.929162
0.07419788707386366,1575430267.3011384
0.07482599431818181,1575430267.6733017
0.07386985085227271,1575430268.0452316
0.0594398082386364,1575430268.429155
0.059900568181818145,1575430268.8011515
0.04837846235795456,1575430269.1732244
0.04830610795454549,1575430269.5451849
0.04803666548295457,1575430269.9291975
0.05043057528409091,1575430270.3011894
0.05812411221590912,1575430270.6733043
0.056161665482954565,1575430271.0452185
0.06070845170454545,1575430271.4292305
0.07395907315340904,1575430271.8011994
0.0740962357954545,1575430272.1733716
0.07413796164772724,1575430272.5452707
0.07458718039772735,1575430272.9292405
0.07313654119318183,1575430273.3012352
0.07366610440340916,1575430273.6733024
0.07171963778409092,1575430274.0452833
0.0739470880681818,1575430274.4292867
0.0726726740056818,1575430274.801276
0.07638583096590912,1575430275.1734114
0.07434392755681815,1575430275.5453105
0.07608043323863635,1575430275.9293625
0.0758726917613636,1575430276.301359
0.05172984730113637,1575430276.6734085
0.05760564630681817,1575430277.045373
0.04910822088068179,1575430277.4293454
0.04875000000000001,1575430277.8013108
0.048201349431818155,1575430278.173464
0.04880282315340909,1575430278.5454943
0.04802068536931819,1575430278.9293602
0.046523437499999994,1575430279.3013353
0.043587535511363615,1575430279.6734488
0.04263227982954549,1575430280.0454104
0.04236683238636362,1575430280.429366
0.042573242187500006,1575430280.8013732
0.0424733664772727,1575430281.173385
0.0418865411931818,1575430281.5454068
0.041895862926136375,1575430281.929409
0.042285600142045465,1575430282.3013976
0.04238503196022726,1575430282.67344
0.03932528409090909,1575430283.0455415
0.043881835937499995,1575430283.4297519
0.05260609019886364,1575430283.8014698
0.049901455965909065,1575430284.1735795
0.052448508522727255,1575430284.5454998
0.07328879616477271,1575430284.929453
0.06736106178977273,1575430285.3014839
0.05706321022727274,1575430285.6735597
0.04845170454545453,1575430286.0455155
0.05393510298295456,1575430286.429482
0.05232066761363636,1575430286.8015327
0.04189142400568184,1575430287.1734934
0.04776500355113636,1575430287.5455353
0.052007279829545484,1575430287.9298844
0.049042968749999985,1575430288.3015463
0.05899724786931818,1575430288.6738887
0.051622869318181816,1575430289.045718
0.04233442826704544,1575430289.4295588
0.04740944602272727,1575430289.801534
0.04238281249999998,1575430290.1736364
0.04177601207386359,1575430290.5455914
0.04526811079545456,1575430290.9295855
0.05071644176136362,1575430291.3016057
0.049628906249999986,1575430291.6735892
0.04990722656249999,1575430292.0456328
0.059634676846590885,1575430292.4295893
0.06606756036931823,1575430292.8016317
0.060901544744318165,1575430293.1738832
0.05131214488636364,1575430293.545693
0.04227361505681813,1575430293.9296496
0.04214222301136363,1575430294.3016365
0.041989080255681814,1575430294.674026
0.04222167968749996,1575430295.0457098
0.04193803267045457,1575430295.4296598
0.04802911931818181,1575430295.8016498
0.049976029829545444,1575430296.1736996
0.04818270596590912,1575430296.545733
0.05504572088068178,1575430296.9297316
0.0531893643465909,1575430297.301732
0.04280717329545456,1575430297.6738594
0.04465465198863637,1575430298.0460541
0.039497070312500014,1575430298.4297993
0.04194158380681819,1575430298.8017664
0.0402658913352273,1575430299.1738548
0.0418186257102273,1575430299.5457652
0.041735174005681844,1575430299.929743
0.04107776988636361,1575430300.3017964
0.041719193892045474,1575430300.6738079
0.04128950639204548,1575430301.0458019
0.04204057173295457,1575430301.429885
0.04147194602272728,1575430301.801825
0.04203124999999998,1575430302.1738524
0.041723188920454554,1575430302.5458672
0.042205255681818175,1575430302.9298263
0.04204634232954547,1575430303.3018408
0.04193403764204549,1575430303.6738348
0.0420157137784091,1575430304.0458589
0.04171519886363634,1575430304.4298573
0.040053710937499966,1575430304.8018286
0.04046431107954542,1575430305.173867
0.04488281250000001,1575430305.5459285
0.04966574928977273,1575430305.9298713
0.04882901278409088,1575430306.3018746
0.05189319957386364,1575430306.6739259
0.05385520241477273,1575430307.0459094
0.053651899857954585,1575430307.429874
0.043520063920454544,1575430307.8019357
0.04340509588068182,1575430308.1741073
0.041830610795454554,1575430308.5459864
0.04307084517045455,1575430308.9299355
0.04333229758522726,1575430309.3019178
0.0430038174715909,1575430309.6744463
0.03980468749999999,1575430310.0459735
0.04104936079545455,1575430310.4299796
0.04086203835227272,1575430310.801976
0.04053755326704544,1575430311.174005
0.03981844815340906,1575430311.5460148
0.04107288707386363,1575430311.929948
0.04081143465909092,1575430312.3019803
0.04092729048295453,1575430312.6740878
0.04039595170454546,1575430313.046034
0.04087890624999999,1575430313.4300158
0.040490056818181804,1575430313.802137
0.041104403409090905,1575430314.1740773
0.039714133522727284,1575430314.5460532
0.0404252485795454,1575430314.9300616
0.04024414062499999,1575430315.3020642
0.0412468927556818,1575430315.6740713
0.03960804332386363,1575430316.0465567
0.04079944957386362,1575430316.4301245
0.04074307528409089,1575430316.8022387
0.03255015980113634,1575430317.1740987
0.039120205965909115,1575430317.5461543
0.03398881392045452,1575430317.9301865
0.038405095880681826,1575430318.302291
0.04010253906249999,1575430318.6741781
0.0397199041193182,1575430319.0461676
0.039765624999999985,1575430319.430141
0.04006480823863636,1575430319.8022392
0.040236150568181805,1575430320.1749325
0.04413130326704547,1575430320.5464356
0.043574662642045466,1575430320.9302123
0.04402299360795452,1575430321.3024588
0.040683149857954494,1575430321.6745205
0.03993386008522724,1575430322.0462835
0.040872247869318194,1575430322.430414
0.04097922585227269,1575430322.8022616
0.04075639204545456,1575430323.1743512
0.03969504616477271,1575430323.5464516
0.03917302911931819,1575430323.9302638
0.0406853693181818,1575430324.3024323
0.0402086292613636,1575430324.6744342
0.03957697088068182,1575430325.0463293
0.04053666548295459,1575430325.430499
0.0408766867897727,1575430325.8023238
0.04067338423295456,1575430326.1744475
0.03917391690340907,1575430326.5464332
0.03907848011363636,1575430326.9304757
0.04115500710227269,1575430327.3024783
0.04030983664772728,1575430327.6745648
0.03822487571022729,1575430328.0466497
0.041186967329545465,1575430328.4303174
0.04075994318181816,1575430328.802357
0.040689808238636375,1575430329.1743848
0.04006081321022723,1575430329.5463963
0.0404656427556818,1575430329.930399
0.040450550426136364,1575430330.302384
0.039162375710227265,1575430330.6744227
0.03983620383522723,1575430331.046418
0.040391512784090935,1575430331.430727
0.040672940340909076,1575430331.8024993
0.04082164417613634,1575430332.1744285
0.03927201704545455,1575430332.5468085
0.03652299360795452,1575430332.9304388
0.03863902698863637,1575430333.3024309
0.04048162286931816,1575430333.6744683
0.039574307528409056,1575430334.0464997
0.0404336825284091,1575430334.4304404
0.042528852982954564,1575430334.8024652
0.0429629794034091,1575430335.1745121
0.03684925426136364,1575430335.546499
0.03681685014204546,1575430335.9304566
0.053900479403409085,1575430336.302512
0.04734952059659092,1575430336.6745262
0.04094726562499999,1575430337.0465288
0.04548339843750002,1575430337.430496
0.046881214488636344,1575430337.8025463
0.04302601207386364,1575430338.1745744
0.04116255326704544,1575430338.5465548
0.04938077059659092,1575430338.9305663
0.04263405539772725,1575430339.3025658
0.04180974786931819,1575430339.674872
0.0482009055397727,1575430340.0465894
0.04518066406250001,1575430340.4306066
0.042270063920454556,1575430340.8028567
0.04893332741477274,1575430341.174695
0.0438223544034091,1575430341.5467455
0.041477716619318164,1575430341.9306083
