amperes,timestamp
0.031080877130681802,1574429424.250954
0.03163396661931819,1574429424.622978
0.031566495028409094,1574429424.9949694
0.058483220880681815,1574429425.3669975
0.051544744318181804,1574429425.7509842
0.0543514737215909,1574429426.1229808
0.047408558238636364,1574429426.4950104
0.041236239346590924,1574429426.867032
0.04471147017045453,1574429427.2509906
0.03756125710227272,1574429427.6230156
0.03909712357954544,1574429427.9950037
0.032894176136363654,1574429428.367039
0.043124556107954536,1574429428.7510772
0.04332830255681821,1574429429.12309
0.035931729403409114,1574429429.4950843
0.03571644176136366,1574429429.8670921
0.026836825284090912,1574429430.2510507
0.02793590198863634,1574429430.6230462
0.027710404829545444,1574429430.995073
0.030543767755681822,1574429431.367066
0.035420365767045464,1574429431.7510798
0.03590687144886363,1574429432.1230757
0.027379705255681817,1574429432.495093
0.02730557528409089,1574429432.867124
0.027657581676136356,1574429433.2510738
0.03597833806818181,1574429433.6231139
0.03442027698863638,1574429433.9951425
0.037120028409090906,1574429434.3671358
0.038123668323863664,1574429434.7511132
0.030245028409090914,1574429435.1231525
0.027147993607954553,1574429435.4951656
0.02753284801136361,1574429435.8671317
0.028199573863636366,1574429436.2511292
0.03602361505681816,1574429436.6231651
0.038164062500000005,1574429436.9951475
0.0374755859375,1574429437.3671782
0.03670765269886362,1574429437.7511485
0.048682528409090965,1574429438.1231427
0.04066628196022724,1574429438.4951665
0.03850541548295455,1574429438.8672187
0.03211514559659091,1574429439.2511697
0.01830566406250001,1574429439.6231968
0.029091352982954562,1574429439.9952202
0.020296075994318173,1574429440.3672414
0.014456232244318187,1574429440.751187
0.015440340909090893,1574429441.1232293
0.017126686789772718,1574429441.4952474
0.015223277698863627,1574429441.8672507
0.016453746448863646,1574429442.2512333
0.014354580965909088,1574429442.623233
0.014766956676136369,1574429442.9952586
0.017837801846590902,1574429443.3672729
0.014102894176136362,1574429443.7512643
0.015492720170454551,1574429444.1232576
0.014653764204545457,1574429444.49526
0.019291104403409094,1574429444.8673098
0.024038973721590914,1574429445.2512884
0.021556729403409088,1574429445.623294
0.026504350142045448,1574429445.995317
0.032902610085227255,1574429446.367339
0.033372691761363635,1574429446.7512822
0.032925692471590905,1574429447.1233196
0.0308447265625,1574429447.4953308
0.03138671875000001,1574429447.8673313
0.025282759232954522,1574429448.2513106
0.0347665127840909,1574429448.6233277
0.02856045809659091,1574429448.9953449
0.02723943536931818,1574429449.3673584
0.03620605468749998,1574429449.7513447
0.04247159090909087,1574429450.1233408
0.02691228693181819,1574429450.495437
0.027539950284090908,1574429450.8674657
0.024149946732954536,1574429451.2514079
0.026417791193181803,1574429451.6233706
0.03821289062500001,1574429451.995409
0.03657759232954545,1574429452.3674343
0.04131436434659093,1574429452.751404
0.03475319602272729,1574429453.123715
0.03286576704545456,1574429453.4954073
0.033072176846590896,1574429453.8674378
0.03510387073863636,1574429454.251387
0.030522460937499996,1574429454.623428
0.029323064630681808,1574429454.9954646
0.028038884943181835,1574429455.367485
0.02775523792613634,1574429455.7514586
0.024640447443181807,1574429456.1234643
0.02909579190340908,1574429456.4954624
0.021609552556818186,1574429456.8675027
0.02199085582386364,1574429457.251468
0.022270063920454528,1574429457.6234822
0.025229492187499987,1574429457.99547
0.025533558238636362,1574429458.3674946
0.024303977272727262,1574429458.7514913
0.023206232244318174,1574429459.123483
0.02379083806818182,1574429459.4955125
0.02303799715909091,1574429459.867518
0.02508167613636362,1574429460.2514913
0.023027343749999988,1574429460.6235187
0.021434659090909088,1574429460.995549
0.023299449573863637,1574429461.3675532
0.02614879261363637,1574429461.751745
0.02206498579545455,1574429462.1235387
0.021404030539772745,1574429462.4955413
0.022459161931818163,1574429462.8675754
0.02523126775568182,1574429463.2515645
0.023856090198863634,1574429463.6235569
0.02288352272727273,1574429463.9955924
0.02117365056818182,1574429464.3676016
0.021736061789772727,1574429464.7515752
0.02362349076704545,1574429465.1235957
0.0227303799715909,1574429465.4956267
0.022001065340909082,1574429465.86759
0.02159490411931818,1574429466.2515852
0.023573774857954543,1574429466.6236095
0.02402654474431817,1574429466.9956546
0.022257191051136375,1574429467.367651
0.021307262073863634,1574429467.7516322
0.022361949573863612,1574429468.1236413
0.02446200284090909,1574429468.4956467
0.024030539772727275,1574429468.867671
0.026443980823863646,1574429469.2516584
0.027486239346590908,1574429469.6236563
0.026849254261363635,1574429469.9956725
0.0261239346590909,1574429470.3676767
0.024979580965909094,1574429470.7516766
0.0279816228693182,1574429471.1236944
0.026466619318181804,1574429471.495718
0.025027965198863647,1574429471.8678074
0.023948863636363647,1574429472.251748
0.023938210227272723,1574429472.6237476
0.022509321732954536,1574429472.995771
0.02109730113636365,1574429473.3677714
0.021806640625000005,1574429473.7517283
0.02455033735795454,1574429474.1238642
0.022574573863636375,1574429474.4957654
0.02297895951704545,1574429474.8677602
0.02472434303977274,1574429475.2517614
0.028078835227272746,1574429475.623757
0.026409357244318175,1574429475.9957635
0.024674183238636363,1574429476.367792
0.02849920099431819,1574429476.751749
0.024248046874999995,1574429477.12379
0.02579234730113634,1574429477.49581
0.025235262784090915,1574429477.867775
0.025315163352272737,1574429478.2517884
0.025305841619318193,1574429478.6238112
0.024746537642045457,1574429478.995842
0.02633212002840908,1574429479.3678422
0.02571511008522729,1574429479.7518167
0.026246004971590915,1574429480.1238267
0.025524680397727265,1574429480.4958274
0.026191406250000004,1574429480.8678553
0.02464089133522727,1574429481.2518492
0.026249999999999985,1574429481.623832
0.025544655539772733,1574429481.995872
0.024834428267045457,1574429482.3678827
0.026095081676136358,1574429482.7518575
0.025568625710227263,1574429483.1238785
0.027848011363636356,1574429483.4958959
0.02299627130681819,1574429483.8679218
0.02740278764204545,1574429484.2518616
0.034949840198863664,1574429484.623871
0.03253018465909091,1574429484.9959416
0.02791814630681819,1574429485.3679147
0.028847656249999975,1574429485.7519157
0.03296519886363635,1574429486.1239266
0.02635165127840908,1574429486.4959228
0.027822265625000005,1574429486.867949
0.026276189630681814,1574429487.2519288
0.02933549360795454,1574429487.6239157
0.02929154829545453,1574429487.995967
0.026884765625000005,1574429488.3679707
0.027194602272727283,1574429488.7519412
0.03011230468750001,1574429489.1239722
0.031248224431818187,1574429489.4959762
0.026593572443181807,1574429489.868021
0.026696999289772715,1574429490.2519667
0.027432528409090887,1574429490.6239862
0.02654785156249999,1574429490.996027
0.025387961647727268,1574429491.3680289
0.025707120028409074,1574429491.7520375
0.027354403409090913,1574429492.1240108
0.02602805397727272,1574429492.4960113
0.02573375355113637,1574429492.8680434
0.025775479403409095,1574429493.2520213
0.026146573153409094,1574429493.6240425
0.02512207031249999,1574429493.996126
0.025360884232954555,1574429494.3681211
0.030175337357954583,1574429494.7520792
0.02607510653409092,1574429495.1240883
0.02585271661931818,1574429495.496083
0.02543457031249999,1574429495.868107
0.027559481534090925,1574429496.2520583
0.027005060369318195,1574429496.6240585
0.024881480823863635,1574429496.9961126
0.027327769886363644,1574429497.368112
0.026368963068181796,1574429497.7520967
0.02502796519886362,1574429498.1241038
0.02774902343750001,1574429498.496115
0.026930042613636344,1574429498.8681328
0.025444779829545468,1574429499.2521276
0.028464577414772735,1574429499.6241271
0.02734108664772725,1574429499.996132
0.02600852272727273,1574429500.3681564
0.027261186079545467,1574429500.7521548
0.02755459872159092,1574429501.1241605
0.026367631392045465,1574429501.496174
0.02183904474431818,1574429501.86821
0.027474254261363636,1574429502.252146
0.026803089488636363,1574429502.624162
0.026559836647727264,1574429502.996235
0.0289053622159091,1574429503.3682098
0.027503107244318193,1574429503.7521923
0.02590021306818182,1574429504.1242073
0.02971324573863636,1574429504.4962292
0.02763671875,1574429504.8682323
0.027822265625000005,1574429505.2522202
0.022420543323863652,1574429505.6242518
0.02724742542613638,1574429505.996233
0.026189186789772723,1574429506.3682506
0.027159534801136344,1574429506.7522373
0.027519975142045464,1574429507.124247
0.027817382812499993,1574429507.496277
0.027031249999999986,1574429507.8682983
0.026857244318181824,1574429508.2522526
0.026742720170454537,1574429508.624274
0.026121715198863638,1574429508.996298
0.02631702769886363,1574429509.368301
0.02747913707386364,1574429509.752276
0.026445756392045446,1574429510.1242957
0.027179953835227266,1574429510.4963198
0.02679421164772727,1574429510.8683085
0.026866566051136385,1574429511.2522945
0.02586381392045454,1574429511.6243377
0.028239524147727273,1574429511.9963164
0.02705166903409091,1574429512.3683546
0.02388671874999998,1574429512.7523272
0.028651899857954525,1574429513.1243472
0.026735617897727278,1574429513.4963536
0.025453657670454537,1574429513.8684075
0.03031338778409093,1574429514.2523303
0.029489524147727278,1574429514.6243606
0.040006658380681855,1574429514.9963694
0.029928089488636386,1574429515.3685086
0.03485085227272726,1574429515.7524557
0.03172363281250001,1574429516.1244326
0.02862349076704545,1574429516.4964519
0.029886807528409096,1574429516.8684516
0.02858398437499999,1574429517.2524004
0.027073419744318174,1574429517.6244023
0.029594726562499986,1574429517.996457
0.02920188210227274,1574429518.368454
0.02940474076704547,1574429518.7524352
0.028922230113636357,1574429519.1244185
0.029352361505681823,1574429519.4964516
0.028314985795454533,1574429519.8684697
0.03221546519886364,1574429520.2524645
0.0289559659090909,1574429520.6244605
0.029716352982954556,1574429520.9964724
0.029778053977272737,1574429521.3685036
0.02883256392045454,1574429521.7524624
0.029025213068181805,1574429522.1245022
0.02934082031249999,1574429522.4965196
0.028253284801136366,1574429522.8685226
0.02580433238636364,1574429523.2524881
0.029722123579545453,1574429523.624509
0.03000310724431819,1574429523.9965234
0.03127130681818183,1574429524.3685572
0.029733220880681824,1574429524.7525294
0.03026367187499999,1574429525.1245198
0.02767444957386362,1574429525.4965417
0.029996448863636362,1574429525.8685641
0.029283114346590904,1574429526.2525506
0.02803977272727274,1574429526.6245546
0.030162908380681825,1574429526.9965749
0.028329634232954547,1574429527.3685968
0.02674538352272726,1574429527.752558
0.029878373579545467,1574429528.1245842
0.029580522017045464,1574429528.496618
0.02856534090909093,1574429528.8685856
0.029844637784090914,1574429529.2525773
0.028830788352272717,1574429529.6246102
0.028498313210227267,1574429529.9965808
0.029153941761363628,1574429530.368601
0.028722478693181813,1574429530.7526248
0.03117808948863635,1574429531.1246145
0.028993252840909083,1574429531.4966323
0.030871360085227246,1574429531.8686833
0.030122514204545453,1574429532.252656
0.029230291193181816,1574429532.6246583
0.028765980113636368,1574429532.996671
0.030393288352272736,1574429533.3686934
0.029477539062500002,1574429533.7526584
0.027345525568181824,1574429534.1246822
0.029507279829545464,1574429534.4967058
0.029409623579545453,1574429534.86867
0.02825284090909089,1574429535.2527757
0.031711203835227283,1574429535.6247115
0.02912863991477271,1574429535.9967039
0.032959428267045454,1574429536.3687272
0.03193714488636365,1574429536.7527163
0.028811257102272735,1574429537.1248066
0.031018732244318163,1574429537.496835
0.03197709517045456,1574429537.868777
0.02977716619318182,1574429538.2527733
0.028493874289772722,1574429538.6247668
0.029572088068181818,1574429538.9967623
0.028804598721590913,1574429539.3687913
0.030196200284090893,1574429539.7527442
0.027498668323863627,1574429540.1247673
0.02954412286931816,1574429540.4967952
0.029412286931818188,1574429540.8688123
0.032481356534090906,1574429541.252865
0.03016823508522727,1574429541.624804
0.031465731534090914,1574429541.9968207
0.03003728693181818,1574429542.3688078
0.029654208096590917,1574429542.7528067
0.029665305397727274,1574429543.1248338
0.029947620738636334,1574429543.496821
0.029988902698863645,1574429543.8688524
0.029341264204545452,1574429544.2529194
0.031894087357954556,1574429544.6248398
0.03740234375000001,1574429544.99683
0.033624822443181816,1574429545.3688848
0.03188565340909089,1574429545.7528117
0.03410955255681816,1574429546.1248217
0.03170143821022728,1574429546.496859
0.029117098721590896,1574429546.8688734
0.027273615056818183,1574429547.2528322
0.029548561789772717,1574429547.6248639
0.029697709517045458,1574429547.9968836
0.025635653409090894,1574429548.3688824
0.030334694602272734,1574429548.7528665
0.030039950284090924,1574429549.1249034
0.027186612215909095,1574429549.4968958
0.029887695312500018,1574429549.8689072
0.030913529829545455,1574429550.2528877
0.026782226562500015,1574429550.6248927
0.030972123579545464,1574429550.9969127
0.02889870383522727,1574429551.368953
0.02858664772727273,1574429551.752913
0.031642844460227255,1574429552.1249146
0.028948419744318176,1574429552.4969528
0.028060191761363644,1574429552.8689704
0.021693892045454556,1574429553.2529273
0.029674627130681832,1574429553.6249518
0.03203746448863638,1574429553.9969742
0.0292422762784091,1574429554.3689892
0.0321027166193182,1574429554.7529607
0.028750887784090903,1574429555.1249707
0.027282049005681822,1574429555.4969802
0.03236550071022724,1574429555.869001
0.029000355113636366,1574429556.252985
0.02977405894886363,1574429556.6250236
0.03284667968749997,1574429556.9969995
0.028503196022727273,1574429557.3690398
0.027994051846590897,1574429557.75303
0.02929376775568182,1574429558.1250088
0.028459250710227275,1574429558.4970434
0.029916104403409093,1574429558.869112
0.030441672585227272,1574429559.2530146
0.02984685724431819,1574429559.6251025
0.029927645596590915,1574429559.9971154
0.030166903409090902,1574429560.3690944
0.029620028409090893,1574429560.753051
0.030427911931818187,1574429561.125071
0.02277033025568182,1574429561.4971006
0.031006747159090898,1574429561.8690987
0.028507191051136374,1574429562.2530808
0.028083274147727277,1574429562.6250827
0.023010475852272724,1574429562.9971018
0.029686168323863643,1574429563.369135
0.029382102272727303,1574429563.7531064
0.030269886363636374,1574429564.1251104
0.030581498579545452,1574429564.4971292
0.02853781960227272,1574429564.8691523
0.02723943536931819,1574429565.2531164
0.031019620028409103,1574429565.6251361
0.02838778409090908,1574429565.997168
0.02800514914772729,1574429566.3691683
0.031934925426136365,1574429566.7531438
0.02897682883522726,1574429567.1251676
0.02901633522727272,1574429567.4971712
0.031493252840909085,1574429567.869194
0.02836337002840908,1574429568.25317
0.02792791193181817,1574429568.6251948
0.031016068892045456,1574429568.997193
0.02840287642045453,1574429569.3692493
0.030475852272727255,1574429569.7531788
0.03189497514204545,1574429570.1252067
0.028730468750000005,1574429570.4972317
0.0310222833806818,1574429570.8692508
0.03058504971590909,1574429571.2532067
0.02824174360795455,1574429571.625234
0.031724964488636376,1574429571.9972594
0.03200328480113635,1574429572.3692534
0.028614169034090895,1574429572.7532337
0.032371715198863636,1574429573.1252732
0.030170454545454528,1574429573.4972668
0.0289777166193182,1574429573.8692908
0.02990678267045452,1574429574.253264
0.02986239346590909,1574429574.6252882
0.030423473011363642,1574429574.9972887
0.029855291193181796,1574429575.3693101
0.044053178267045426,1574429575.7532954
0.03024369673295455,1574429576.1253293
0.03428400213068181,1574429576.497323
0.030668057528409096,1574429576.8693502
0.03019264914772729,1574429577.253297
0.03116299715909091,1574429577.6253242
0.028576438210227272,1574429577.997348
0.029776722301136378,1574429578.3693488
0.030100763494318193,1574429578.7533278
0.031170987215909093,1574429579.1253746
0.028997247869318166,1574429579.4973798
0.029553888494318177,1574429579.869371
0.03017755681818182,1574429580.2533681
0.031032492897727287,1574429580.6253574
0.029318181818181844,1574429580.9974563
0.032682439630681806,1574429581.3694627
0.03144264914772728,1574429581.753413
0.030279208096590928,1574429582.1254241
0.02956409801136364,1574429582.4974167
0.031339666193181806,1574429582.8694367
0.02864302201704546,1574429583.2534122
0.03144753196022728,1574429583.625423
0.032358398437499984,1574429583.9974453
0.03034667968750002,1574429584.3694723
0.02906471946022727,1574429584.7534375
0.032009943181818185,1574429585.12544
0.028983043323863648,1574429585.4974477
0.02501287286931818,1574429585.8694777
0.030510031960227262,1574429586.253455
0.028136097301136333,1574429586.6254768
0.03141867897727273,1574429586.9974751
0.029391424005681815,1574429587.3695025
0.028847212357954552,1574429587.7535145
0.030686257102272737,1574429588.1254776
0.029054509943181827,1574429588.497499
0.029226740056818173,1574429588.8695354
0.030811878551136363,1574429589.2534888
0.021293945312500007,1574429589.6255085
0.0297030362215909,1574429589.9975364
0.029226296164772722,1574429590.3695369
0.028226651278409075,1574429590.753618
0.03180797230113638,1574429591.1255562
0.028749999999999987,1574429591.497597
0.02719415838068181,1574429591.8695674
0.026756924715909108,1574429592.2535532
0.02835493607954543,1574429592.6255732
0.03013316761363636,1574429592.9975665
0.027885298295454535,1574429593.3695924
0.029782492897727286,1574429593.7535825
0.02934170809659092,1574429594.125576
0.03182972301136363,1574429594.4975977
0.03113014914772728,1574429594.869623
0.02842151988636364,1574429595.2535863
0.03133300781249999,1574429595.6256053
0.030668501420454554,1574429595.9976282
0.02879660866477273,1574429596.3696213
0.03185990767045453,1574429596.7536135
0.032108931107954555,1574429597.1256342
0.02909623579545455,1574429597.4976606
0.023925781250000003,1574429597.869656
0.0276593572443182,1574429598.253642
0.02912020596590908,1574429598.625673
0.028849431818181823,1574429598.9976623
0.030889115767045467,1574429599.369701
0.030515358664772715,1574429599.7536643
0.03004838423295453,1574429600.1256678
0.02680353338068182,1574429600.4976952
0.02982821377840908,1574429600.8697174
0.030967240767045455,1574429601.2537038
0.02824174360795456,1574429601.6257155
0.031043590198863612,1574429601.9977236
0.029467329545454543,1574429602.3698175
0.02968749999999999,1574429602.7537768
0.029971590909090906,1574429603.1257741
0.02990101207386364,1574429603.4977775
0.029933860085227255,1574429603.8697731
0.02997913707386363,1574429604.25373
0.030090110085227287,1574429604.625759
0.02185724431818182,1574429604.9977934
0.029319513494318186,1574429605.3697786
0.028911576704545448,1574429605.7537599
0.02931995738636364,1574429606.125786
0.04140802556818183,1574429606.497786
0.03088512073863636,1574429606.8698077
0.03586514559659089,1574429607.2537684
0.029501065340909082,1574429607.625788
0.02999511718750002,1574429607.9978232
0.029662198153409095,1574429608.369835
0.03070534446022728,1574429608.7537959
0.029857066761363633,1574429609.125813
0.029175692471590912,1574429609.4978416
0.029024769176136365,1574429609.869845
0.03122336647727273,1574429610.253819
0.029290216619318184,1574429610.6258485
0.02930752840909091,1574429610.9978485
0.030622780539772756,1574429611.3698761
0.029296431107954508,1574429611.7538528
0.03133522727272727,1574429612.1258833
0.031169655539772727,1574429612.4978802
0.028414861505681805,1574429612.8699052
0.03165083451704547,1574429613.253898
0.03102228338068182,1574429613.6258824
0.028783291903409086,1574429613.9979208
0.03163529829545456,1574429614.3699427
0.030112304687500008,1574429614.7538865
0.03264604048295453,1574429615.125915
0.030412819602272743,1574429615.4979393
0.029618696732954548,1574429615.869946
0.029622247869318188,1574429616.2539184
0.030879350142045455,1574429616.6259403
0.030846502130681793,1574429616.9979439
0.030255681818181814,1574429617.3699663
0.032295365767045475,1574429617.7539446
0.02993741122159091,1574429618.125967
0.029639115767045438,1574429618.4979732
0.02900390625,1574429618.8700016
0.029434037642045465,1574429619.2539766
0.029255149147727283,1574429619.6259797
0.027361505681818183,1574429619.9980001
0.030378639914772715,1574429620.3700285
0.02818980823863636,1574429620.7539828
0.030118075284090898,1574429621.1260033
0.031708984375000006,1574429621.4980302
0.028798828124999988,1574429621.8700626
0.029238725142045435,1574429622.254026
0.030233487215909096,1574429622.6260483
0.029272460937500005,1574429622.9980671
0.0300572620738636,1574429623.3701866
0.03175559303977272,1574429623.7540417
0.029566761363636344,1574429624.1261396
0.029608043323863645,1574429624.4981563
0.03061479048295454,1574429624.8701448
0.029382102272727292,1574429625.2540922
0.030381747159090904,1574429625.6260839
0.031312588778409055,1574429625.9980927
0.028785067471590896,1574429626.3701072
0.02814541903409088,1574429626.7541025
0.030743519176136366,1574429627.1261153
0.028243963068181832,1574429627.4981287
0.02921519886363633,1574429627.8701286
0.0278036221590909,1574429628.2541041
0.029784268465909088,1574429628.6261284
0.03110129616477273,1574429628.9981275
0.028405539772727282,1574429629.3701465
0.02928666548295454,1574429629.7541432
0.030212180397727266,1574429630.1261582
0.028587091619318196,1574429630.498158
0.030313387784090914,1574429630.8701787
0.0291845703125,1574429631.2541668
0.03076526988636365,1574429631.6261842
0.030527787642045463,1574429631.998184
0.02983398437499999,1574429632.3702018
0.02939231178977272,1574429632.7543237
0.03000355113636361,1574429633.1262434
0.030182883522727272,1574429633.4982123
0.028746892755681822,1574429633.8702314
0.029300870028409098,1574429634.2541966
0.02969327059659091,1574429634.626211
0.028806818181818183,1574429634.998242
0.029464666193181794,1574429635.3702471
0.03134011008522727,1574429635.7543404
0.031843039772727254,1574429636.1262596
0.029671075994318192,1574429636.4982524
0.02954145951704546,1574429636.870292
0.03495783025568181,1574429637.2542603
0.03921075994318183,1574429637.6262774
0.03282714843750002,1574429637.998285
0.027570578835227292,1574429638.3702993
0.028756214488636363,1574429638.7542791
0.029629350142045447,1574429639.1262958
0.028540482954545452,1574429639.4983206
0.03224698153409089,1574429639.8703372
0.031033380681818185,1574429640.2542899
0.028998579545454536,1574429640.6263072
0.027697975852272717,1574429640.998344
0.02948819247159094,1574429641.370358
0.030310280539772746,1574429641.7543159
0.03347034801136362,1574429642.1263454
0.030145596590909093,1574429642.4983618
0.030849609375,1574429642.8703616
0.03194779829545455,1574429643.254348
0.029574307528409075,1574429643.6263666
0.03130459872159091,1574429643.9983764
0.027531516335227275,1574429644.3703969
0.0295068359375,1574429644.754374
0.03022949218749999,1574429645.1263802
0.0311905184659091,1574429645.498415
0.03162642045454546,1574429645.8704972
0.032581676136363626,1574429646.2544608
0.03175514914772727,1574429646.6264546
0.03099032315340909,1574429646.9984496
0.029875710227272725,1574429647.370477
0.030307173295454553,1574429647.7544348
0.029022549715909073,1574429648.1264431
0.032741921164772717,1574429648.4984722
0.021435546875000003,1574429648.8704622
0.029389204545454548,1574429649.2544417
0.029764737215909096,1574429649.6264696
0.030676935369318186,1574429649.998467
0.0313711825284091,1574429650.3704846
0.02819779829545457,1574429650.7544432
0.028848100142045446,1574429651.1264722
0.03132279829545453,1574429651.4984934
0.027883522727272705,1574429651.8705199
0.03211026278409089,1574429652.2544796
0.03141024502840907,1574429652.6265025
0.028401100852272734,1574429652.9985313
0.028286576704545468,1574429653.3705204
0.03031205610795453,1574429653.7545052
0.028590642755681826,1574429654.126529
0.028526722301136353,1574429654.4985359
0.03161532315340908,1574429654.8705592
0.02823597301136362,1574429655.2545383
0.03059481534090908,1574429655.6265385
0.03249822443181818,1574429655.9985554
0.028934215198863633,1574429656.3705807
0.027533291903409092,1574429656.754566
0.03019797585227274,1574429657.1265924
0.02829678622159093,1574429657.498584
0.030495383522727276,1574429657.8706467
0.030756835937500008,1574429658.2545702
0.02959960937500003,1574429658.6266005
0.03002796519886362,1574429658.9986262
0.03147460937500001,1574429659.37061
0.028624822443181822,1574429659.754604
0.027308682528409078,1574429660.126623
0.029216086647727277,1574429660.498631
0.02890225497159092,1574429660.8706422
0.03090598366477274,1574429661.2547023
0.030190873579545453,1574429661.626653
0.030359108664772733,1574429661.9986506
0.02999378551136365,1574429662.3706796
0.027973188920454525,1574429662.754655
0.029862393465909118,1574429663.1266513
0.03112215909090908,1574429663.4986846
0.028784179687500005,1574429663.8707123
0.029826882102272755,1574429664.2546782
0.02989080255681817,1574429664.6266875
0.029654651988636364,1574429664.9987187
0.02953879616477273,1574429665.3707087
0.03021218039772728,1574429665.7547138
0.031063565340909108,1574429666.1267195
0.0296630859375,1574429666.498716
0.029939630681818187,1574429666.8707523
0.03204145951704545,1574429667.2547402
0.030160688920454547,1574429667.6268187
0.03448153409090909,1574429667.9988236
0.03371892755681815,1574429668.3708189
0.03003861860795455,1574429668.7547717
0.03622292258522727,1574429669.126775
0.030806551846590917,1574429669.498782
0.02962801846590908,1574429669.870797
0.029300426136363626,1574429670.254785
0.02961070667613636,1574429670.626782
0.027442294034090917,1574429670.9987998
0.030027521306818183,1574429671.3707998
0.029174804687499997,1574429671.7547793
0.031113725142045436,1574429672.1268177
0.02980823863636365,1574429672.4988303
0.02975719105113638,1574429672.8708313
0.030171786221590908,1574429673.2549016
0.030240145596590884,1574429673.626838
0.02921120383522726,1574429673.9988394
0.030039950284090903,1574429674.3708699
0.030215731534090906,1574429674.754845
0.029123757102272725,1574429675.1268432
0.030802112926136375,1574429675.4988673
0.03129172585227271,1574429675.870891
0.03259499289772725,1574429676.2548513
0.032080078124999994,1574429676.626886
0.030795898437499993,1574429676.9988964
0.030441672585227276,1574429677.3708982
0.023951526988636392,1574429677.7548862
0.028845880681818193,1574429678.1269069
0.02973188920454547,1574429678.4989293
0.029251154119318175,1574429678.87094
0.03293190696022728,1574429679.254904
0.029788263494318186,1574429679.6269367
0.02922185724431816,1574429679.9989398
0.030528675426136354,1574429680.3709671
0.028636363636363637,1574429680.7549458
0.029970703125000005,1574429681.1269927
0.030039950284090913,1574429681.4989643
0.02949840198863638,1574429681.8709824
0.030719992897727276,1574429682.2549639
0.031184747869318175,1574429682.6269655
0.029901455965909086,1574429682.99899
0.029568093039772717,1574429683.3710191
0.024269797585227286,1574429683.754969
0.030477627840909093,1574429684.126988
0.029838867187499993,1574429684.4990175
0.027162642045454544,1574429684.871028
0.030217507102272723,1574429685.2549963
0.028662997159090896,1574429685.6270256
0.029428267045454544,1574429685.9990258
0.03225541548295453,1574429686.371048
0.028797052556818196,1574429686.7550266
0.028161399147727303,1574429687.127033
0.026382279829545455,1574429687.499057
0.028278142755681822,1574429687.8710759
0.03008611505681818,1574429688.25504
0.028076615767045465,1574429688.6270566
0.029837979403409085,1574429688.9990835
0.02999067826704547,1574429689.371182
0.027440074573863653,1574429689.7551413
0.029438476562500003,1574429690.1271434
0.02932883522727272,1574429690.4991353
0.029792702414772727,1574429690.8711746
0.030463867187499993,1574429691.2550855
0.028781516335227263,1574429691.6271174
0.034826882102272735,1574429691.9991424
0.02555486505681817,1574429692.3711421
0.028846768465909094,1574429692.7551281
0.03062544389204546,1574429693.1271458
0.03356045809659089,1574429693.4991481
0.048930220170454515,1574429693.8711689
0.05484375000000004,1574429694.2551482
0.04552512428977274,1574429694.6271498
0.04307128906249999,1574429694.9991794
0.051160777698863596,1574429695.3712215
0.041501242897727275,1574429695.755154
0.03943625710227274,1574429696.1271842
0.04650834517045455,1574429696.499209
0.03805353338068183,1574429696.8712118
0.020011541193181815,1574429697.255206
0.022428089488636376,1574429697.6272154
0.030574396306818186,1574429697.9993823
0.040160688920454525,1574429698.3714921
0.04117453835227273,1574429698.7552106
0.044961381392045446,1574429699.127211
0.033486772017045474,1574429699.4992402
0.04464399857954545,1574429699.8712761
0.040992986505681825,1574429700.2552512
0.0393452592329545,1574429700.6272388
0.0347771661931818,1574429700.9992676
0.024987571022727282,1574429701.3712988
0.02796031605113636,1574429701.755245
0.03035822088068182,1574429702.1272779
0.03295099431818181,1574429702.4992993
0.03148570667613636,1574429702.87129
0.03576793323863636,1574429703.2552772
0.03818714488636364,1574429703.6272984
0.028727361505681812,1574429703.9993026
0.028503639914772717,1574429704.3713298
0.038896928267045446,1574429704.7553234
0.03554687499999996,1574429705.1273353
0.024977805397727284,1574429705.4993482
0.02762384588068181,1574429705.8713531
0.03104669744318182,1574429706.255341
0.03730468750000002,1574429706.6273406
0.038964399857954524,1574429706.9993656
0.038746892755681835,1574429707.3714082
0.026268643465909083,1574429707.755369
0.027295365767045464,1574429708.1273956
0.028008256392045437,1574429708.4994702
0.03091663707386365,1574429708.871427
0.042921253551136344,1574429709.2554147
0.03839444247159089,1574429709.6274455
0.03009499289772727,1574429709.9994872
0.031000532670454554,1574429710.371465
0.02783203124999998,1574429710.755459
0.033089044744318175,1574429711.1275268
0.03081809303977272,1574429711.4995492
0.02821422230113637,1574429711.871514
0.031152343749999988,1574429712.2554553
0.031247780539772715,1574429712.6274967
0.035446111505681825,1574429712.999511
0.02980646306818182,1574429713.3714936
0.030601473721590916,1574429713.7554748
0.030314275568181812,1574429714.1274807
0.03370916193181819,1574429714.4995174
0.029450905539772736,1574429714.8715634
0.02898659446022728,1574429715.2555003
0.028341175426136355,1574429715.6275318
0.030192205255681816,1574429715.9995599
0.029679509943181828,1574429716.3715646
0.028765980113636375,1574429716.7555354
0.0296484375,1574429717.1275504
0.030590820312500003,1574429717.4995487
0.028380237926136365,1574429717.8715858
0.02877441406250001,1574429718.255557
0.028700284090909096,1574429718.6275396
0.028652787642045475,1574429718.9995718
0.03361461292613636,1574429719.3715942
