amperes,timestamp
0.03267933238636366,1574434728.3390467
0.029426047585227266,1574434728.7110121
0.03274946732954546,1574434729.0830371
0.03342862215909089,1574434729.4551408
0.051801313920454575,1574434729.8390477
0.041779563210227265,1574434730.211075
0.04525257457386365,1574434730.5830984
0.05243474786931817,1574434730.9550877
0.04002441406250003,1574434731.3390775
0.045993874289772724,1574434731.7111204
0.044860174005681805,1574434732.0830917
0.04013272372159091,1574434732.455119
0.03860351562500002,1574434732.839104
0.03550292968749999,1574434733.211114
0.046066672585227286,1574434733.5831437
0.04198242187500001,1574434733.955145
0.0407315340909091,1574434734.3391092
0.028591974431818174,1574434734.7111337
0.017851118607954533,1574434735.0831487
0.01915838068181819,1574434735.4551682
0.021894975142045456,1574434735.8391328
0.03638538707386363,1574434736.2111552
0.022650923295454536,1574434736.5831885
0.024857066761363636,1574434736.9551783
0.025954367897727267,1574434737.3391469
0.027851562500000013,1574434737.7112114
0.03448464133522727,1574434738.0831802
0.03003861860795453,1574434738.4552138
0.030486949573863636,1574434738.839183
0.02966397372159092,1574434739.211217
0.03609730113636361,1574434739.5832124
0.041347212357954584,1574434739.9552367
0.04546164772727275,1574434740.3392174
0.04289328835227274,1574434740.7112162
0.0358975497159091,1574434741.0832424
0.029628018465909105,1574434741.455264
0.030289417613636366,1574434741.8392274
0.02993341619318182,1574434742.211243
0.0372021484375,1574434742.5832734
0.04294611150568183,1574434742.9552941
0.042368607954545445,1574434743.33925
0.04081498579545455,1574434743.7112756
0.046768909801136335,1574434744.083298
0.03901100852272727,1574434744.455289
0.03383655894886361,1574434744.839277
0.042642045454545474,1574434745.2113035
0.027997159090909083,1574434745.583296
0.02614923650568181,1574434745.955329
0.031087535511363642,1574434746.3392687
0.03022549715909091,1574434746.7113223
0.03007013494318183,1574434747.083328
0.04072975852272727,1574434747.4554324
0.04863014914772729,1574434747.8393764
0.0334765625,1574434748.2113779
0.0343634588068182,1574434748.5833516
0.030284534801136374,1574434748.9553638
0.038948419744318154,1574434749.339351
0.0450692471590909,1574434749.711409
0.047309570312500014,1574434750.0833519
0.04447354403409093,1574434750.455426
0.03170942826704547,1574434750.8393524
0.02965287642045454,1574434751.211352
0.035112748579545446,1574434751.5833998
0.0367373934659091,1574434751.9554257
0.02761896306818181,1574434752.3393471
0.028668767755681827,1574434752.7113807
0.033088156960227266,1574434753.0834386
0.029565873579545453,1574434753.4554496
0.03060680042613637,1574434753.8394148
0.02984996448863636,1574434754.211426
0.02867009943181819,1574434754.583439
0.032435191761363655,1574434754.9554796
0.03364657315340907,1574434755.3394434
0.02930974786931819,1574434755.7114704
0.031023615056818173,1574434756.0835712
0.03023792613636363,1574434756.4555006
0.029948064630681816,1574434756.839449
0.031045365767045446,1574434757.2114887
0.03157404119318181,1574434757.5834868
0.029838867187500003,1574434757.9555047
0.02889248934659092,1574434758.3394668
0.03166637073863636,1574434758.7114773
0.03054332386363639,1574434759.083498
0.028654563210227274,1574434759.4554918
0.028919122869318168,1574434759.8394988
0.028510298295454525,1574434760.2115378
0.029480202414772734,1574434760.5835426
0.029453125,1574434760.955557
0.034042524857954566,1574434761.3395274
0.027905717329545447,1574434761.7115405
0.029263583096590908,1574434762.0835252
0.03091219815340908,1574434762.4555676
0.030020419034090928,1574434762.839512
0.029526811079545443,1574434763.2115543
0.02850807883522727,1574434763.5835857
0.035692027698863635,1574434763.9556053
0.028620383522727277,1574434764.3395524
0.02939098011363636,1574434764.7115846
0.031087091619318205,1574434765.083607
0.03201482599431818,1574434765.455622
0.02999200994318181,1574434765.8395948
0.0297891512784091,1574434766.2116013
0.03161310369318184,1574434766.5836177
0.029790039062500013,1574434766.9556243
0.029125532670454556,1574434767.339611
0.03221724076704547,1574434767.7116659
0.02768909801136363,1574434768.0836082
0.02903187144886364,1574434768.455671
0.029967595880681812,1574434768.839721
0.029487748579545454,1574434769.2116873
0.029903675426136363,1574434769.5837119
0.028913352272727268,1574434769.955721
0.02816583806818181,1574434770.3396823
0.02854492187500001,1574434770.7116663
0.028370028409090923,1574434771.0836995
0.029157049005681817,1574434771.455724
0.029651100852272752,1574434771.839661
0.029957830255681803,1574434772.2117136
0.029106001420454563,1574434772.583728
0.029841974431818186,1574434772.9557378
0.03020285866477271,1574434773.33969
0.029052290482954542,1574434773.7117605
0.031782226562500016,1574434774.0837336
0.030149147727272743,1574434774.455755
0.028662109375,1574434774.839733
0.02795055042613636,1574434775.2117527
0.026890536221590912,1574434775.5837607
0.027409002130681825,1574434775.9557765
0.027790749289772734,1574434776.339755
0.02675559303977272,1574434776.7117577
0.028472567471590906,1574434777.0837855
0.02752574573863635,1574434777.4557757
0.029074485085227274,1574434777.8397646
0.025825195312499997,1574434778.211793
0.02810502485795454,1574434778.5838163
0.02809659090909092,1574434778.9558125
0.027678000710227267,1574434779.3397899
0.028750443892045438,1574434779.7118304
0.027371715198863618,1574434780.0838184
0.029011896306818195,1574434780.4558382
0.03128062855113638,1574434780.8398273
0.02905273437499999,1574434781.211848
0.029250266335227263,1574434781.5838478
0.04052290482954544,1574434781.9558656
0.03635387073863636,1574434782.339861
0.029373668323863632,1574434782.7118392
0.030037730823863636,1574434783.083876
0.034177024147727296,1574434783.4558973
0.031101740056818164,1574434783.8398855
0.029327503551136357,1574434784.2118762
0.02782448508522728,1574434784.5839102
0.0280908203125,1574434784.9559221
0.027127130681818195,1574434785.33988
0.02851384943181817,1574434785.7119274
0.02719593394886363,1574434786.083922
0.02718661221590909,1574434786.455927
0.029129971590909104,1574434786.839904
0.02820401278409089,1574434787.2119312
0.02733575994318184,1574434787.583942
0.03146262428977274,1574434787.9559436
0.028301225142045472,1574434788.3399317
0.027445401278409068,1574434788.711936
0.027188831676136352,1574434789.0839608
0.027906605113636344,1574434789.4559793
0.02766113281249999,1574434789.839968
0.027229669744318178,1574434790.2119777
0.028064630681818165,1574434790.5840733
0.027583451704545455,1574434790.9560566
0.027555486505681827,1574434791.340017
0.02787242542613636,1574434791.712041
0.027878639914772727,1574434792.0840123
0.02768954190340909,1574434792.4560304
0.02703213778409091,1574434792.8400013
0.02897238991477273,1574434793.2120125
0.027897283380681818,1574434793.5840373
0.030110085227272727,1574434793.9560566
0.027175514914772738,1574434794.3400285
0.027910156250000005,1574434794.7120535
0.026855912642045447,1574434795.0840461
0.027721058238636364,1574434795.4560695
0.023560014204545444,1574434795.8400276
0.028127663352272743,1574434796.2120838
0.027217240767045445,1574434796.5840755
0.027425870028409082,1574434796.956107
0.029510830965909073,1574434797.3400776
0.02830255681818183,1574434797.7121074
0.027466708096590912,1574434798.0840988
0.028265713778409092,1574434798.4561357
0.02851606889204546,1574434798.8400807
0.02780362215909092,1574434799.2121105
0.027945667613636375,1574434799.5841336
0.029316406250000024,1574434799.9561274
0.029201438210227266,1574434800.340111
0.02645108309659091,1574434800.7121346
0.029505060369318173,1574434801.0841413
0.028667879971590912,1574434801.4561577
0.027619406960227254,1574434801.8401344
0.027891512784090893,1574434802.2121701
0.028492542613636367,1574434802.584159
0.027292702414772704,1574434802.9561877
0.027167080965909113,1574434803.3401654
0.028257279829545442,1574434803.7121906
0.02877175071022728,1574434804.0841906
0.028185813210227284,1574434804.4562256
0.026959339488636363,1574434804.840156
0.028113902698863633,1574434805.2121925
0.02712047230113634,1574434805.5842135
0.026965553977272745,1574434805.9562407
0.028506747159090916,1574434806.3401945
0.02836825284090911,1574434806.7122195
0.027340198863636356,1574434807.0842454
0.028564453124999986,1574434807.4563384
0.02789373224431816,1574434807.8402288
0.026999733664772724,1574434808.2122548
0.02770197088068183,1574434808.584216
0.027931019176136367,1574434808.9562573
0.028996360085227234,1574434809.340264
0.02656871448863635,1574434809.7122753
0.029033203124999997,1574434810.0842822
0.028086381392045463,1574434810.4563105
0.027946111505681822,1574434810.8402836
0.02747558593750001,1574434811.2122834
0.028057084517045455,1574434811.584312
0.027098721590909106,1574434811.9564152
0.027771218039772737,1574434812.3403661
0.02804066051136363,1574434812.7123582
0.0277254971590909,1574434813.0843484
0.02692649147727271,1574434813.456364
0.03708362926136363,1574434813.840342
0.02918412642045455,1574434814.2123325
0.031166104403409084,1574434814.5843701
0.030263227982954572,1574434814.9563615
0.026238458806818177,1574434815.3403344
0.027800958806818193,1574434815.7123902
0.027344193892045426,1574434816.0843656
0.027722389914772726,1574434816.4563854
0.02849520596590907,1574434816.8403745
0.027767666903409087,1574434817.212354
0.027033025568181823,1574434817.5843925
0.028425514914772722,1574434817.956415
0.027797851562499993,1574434818.340399
0.028250621448863627,1574434818.712406
0.028319424715909095,1574434819.0844266
0.028541814630681814,1574434819.456447
0.02718483664772727,1574434819.8403797
0.028893821022727265,1574434820.2124405
0.02788352272727271,1574434820.5844543
0.02724254261363638,1574434820.9564536
0.029624467329545465,1574434821.34043
0.025762162642045467,1574434821.7124598
0.02802601207386364,1574434822.0844433
0.029806906960227267,1574434822.4564693
0.02689364346590908,1574434822.8404567
0.030138938210227263,1574434823.2124915
0.027769442471590917,1574434823.5844853
0.02749200994318183,1574434823.9565172
0.02885209517045456,1574434824.340493
0.028373135653409074,1574434824.7124994
0.02656427556818182,1574434825.0845165
0.027069424715909087,1574434825.456536
0.028389559659090895,1574434825.84049
0.027590997869318155,1574434826.21251
0.02789905894886365,1574434826.5845184
0.027767666903409094,1574434826.9565651
0.029850408380681825,1574434827.3405092
0.026842595880681813,1574434827.7125409
0.028172496448863646,1574434828.0846002
0.028880948153409105,1574434828.4565713
0.02767134232954546,1574434828.8405366
0.027345969460227267,1574434829.2125864
0.02883034446022728,1574434829.584577
0.027942560369318175,1574434829.9566007
0.027155983664772728,1574434830.3405874
0.02776988636363637,1574434830.7125793
0.027803178267045432,1574434831.084598
0.02743474786931819,1574434831.4566355
0.026372070312499985,1574434831.840599
0.029597389914772725,1574434832.2125998
0.02753950639204546,1574434832.584629
0.027991388494318176,1574434832.956651
0.026958007812500014,1574434833.3406134
0.027814275568181807,1574434833.712723
0.02697487571022726,1574434834.084706
0.03215287642045454,1574434834.4567041
0.029165482954545446,1574434834.8406632
0.026663263494318183,1574434835.2126613
0.029419389204545433,1574434835.5846825
0.030003995028409097,1574434835.9567075
0.028372247869318176,1574434836.340662
0.027923916903409108,1574434836.7126887
0.028384676846590923,1574434837.0846624
0.02939497514204546,1574434837.4567018
0.027773881392045445,1574434837.8406868
0.028314098011363635,1574434838.2126858
0.02276766690340908,1574434838.5847123
0.02823375355113637,1574434838.956749
0.02870383522727272,1574434839.340697
0.028545809659090912,1574434839.712702
0.029972034801136357,1574434840.0847473
0.028657226562499975,1574434840.4567652
0.028144087357954553,1574434840.840723
0.02883744673295455,1574434841.2127485
0.029732333096590884,1574434841.5847692
0.027162642045454547,1574434841.956772
0.028418412642045462,1574434842.3407528
0.02900612571022727,1574434842.712772
0.027608309659090887,1574434843.0847714
0.027949662642045455,1574434843.4567983
0.02722389914772726,1574434843.840781
0.03078346946022728,1574434844.2127771
0.027658025568181817,1574434844.5847886
0.03612837357954544,1574434844.956827
0.02968306107954546,1574434845.3408096
0.03016823508522728,1574434845.7128496
0.03158025568181818,1574434846.0848382
0.02833007812499998,1574434846.456865
0.030198419744318184,1574434846.8408308
0.02820667613636363,1574434847.2128289
0.028242631392045456,1574434847.5848517
0.026918945312499987,1574434847.9568915
0.028680308948863645,1574434848.3408303
0.02770019531250002,1574434848.712845
0.027158647017045456,1574434849.084871
0.028837446732954554,1574434849.4568794
0.02797674005681816,1574434849.840885
0.02802645596590908,1574434850.2128916
0.029703036221590918,1574434850.5848904
0.028833895596590917,1574434850.9569085
0.027340642755681828,1574434851.3408916
0.02756880326704545,1574434851.7129345
0.030480735085227275,1574434852.0849195
0.02742498224431818,1574434852.4569504
0.02903231534090909,1574434852.8409307
0.02765136718749999,1574434853.2128997
0.02800337357954546,1574434853.5849416
0.02764382102272727,1574434853.9569771
0.027817382812500003,1574434854.3409362
0.02869051846590908,1574434854.7129316
0.027887961647727257,1574434855.0850472
0.028478338068181817,1574434855.4570436
0.027861772017045452,1574434855.8410199
0.02976029829545456,1574434856.213012
0.027472478693181805,1574434856.585002
0.028763316761363643,1574434856.9570403
0.03180575284090909,1574434857.3409805
0.02803400213068181,1574434857.7130368
0.027906161221590904,1574434858.0849984
0.02554021661931817,1574434858.4570227
0.026042258522727263,1574434858.8409963
0.027681995738636365,1574434859.2130122
0.027248757102272717,1574434859.5850403
0.02566184303977273,1574434859.9570746
0.030976118607954555,1574434860.3410418
0.027885742187499993,1574434860.7130575
0.0278231534090909,1574434861.085056
0.028576882102272702,1574434861.4570532
0.029452237215909075,1574434861.8410468
0.027254971590909085,1574434862.2130725
0.028419744318181825,1574434862.5851045
0.029747869318181797,1574434862.9571393
0.028333629261363652,1574434863.3410795
0.027764115767045454,1574434863.7131124
0.029388760653409094,1574434864.0851018
0.029264470880681796,1574434864.4571214
0.027620738636363645,1574434864.84112
0.027637606534090878,1574434865.2130966
0.03056818181818181,1574434865.5851293
0.027294477982954535,1574434865.9571517
0.02785955255681818,1574434866.3411326
0.02874556107954546,1574434866.7131433
0.02843705610795455,1574434867.085157
0.027555486505681834,1574434867.457177
0.026837269176136356,1574434867.8411329
0.029610706676136363,1574434868.2131643
0.027160422585227245,1574434868.585187
0.028579101562500018,1574434868.957185
0.02787775213068181,1574434869.3411534
0.02797718394886362,1574434869.7132113
0.027569691051136363,1574434870.0852158
0.02610129616477273,1574434870.4572248
0.029181463068181826,1574434870.841195
0.026632634943181806,1574434871.213224
0.027466264204545444,1574434871.5852156
0.028123668323863663,1574434871.9572453
0.02897904829545454,1574434872.3412254
0.027224343039772735,1574434872.7132494
0.028802823153409086,1574434873.0852475
0.028907581676136357,1574434873.4572575
0.028247958096590895,1574434873.841226
0.02824840198863637,1574434874.2132473
0.02853648792613636,1574434874.585277
0.03013139204545454,1574434874.9573028
0.03649636008522726,1574434875.3412604
0.028103249289772744,1574434875.7132907
0.030115855823863644,1574434876.0852711
0.03349165482954544,1574434876.4572968
0.03011274857954546,1574434876.841365
0.027080078125000007,1574434877.2133648
0.03061967329545455,1574434877.585359
0.027455166903409108,1574434877.9573576
0.029123313210227285,1574434878.341309
0.026323242187500016,1574434878.7133014
0.028254172585227253,1574434879.0853276
0.028869406960227283,1574434879.4573555
0.029780273437499998,1574434879.8413424
0.0279833984375,1574434880.2133431
0.027575461647727263,1574434880.585367
0.028289240056818172,1574434880.957381
0.028670543323863627,1574434881.3413076
0.0282479580965909,1574434881.7133956
0.02782004616477272,1574434882.0853934
0.027556374289772746,1574434882.457431
0.029470880681818197,1574434882.8413785
0.027942116477272724,1574434883.2133985
0.02857111150568181,1574434883.585417
0.029320401278409087,1574434883.9574223
0.0296906072443182,1574434884.3413858
0.027737482244318188,1574434884.7134192
0.028102361505681826,1574434885.085425
0.029674627130681853,1574434885.4574485
0.027780539772727285,1574434885.841435
0.028656782670454548,1574434886.2134278
0.02811257102272726,1574434886.585438
0.028527610085227258,1574434886.9574761
0.02794167258522726,1574434887.3414595
0.027825372869318174,1574434887.713456
0.030931285511363645,1574434888.0854838
0.028543146306818184,1574434888.4575007
0.028959517045454547,1574434888.8414571
0.028534268465909066,1574434889.2134879
0.028467684659090903,1574434889.585506
0.028097478693181816,1574434889.957536
0.02940207741477272,1574434890.3414836
0.028783735795454547,1574434890.7135336
0.027462269176136374,1574434891.0855272
0.028074396306818204,1574434891.4575114
0.029364790482954553,1574434891.8415215
0.027507990056818178,1574434892.213542
0.02825106534090909,1574434892.5855436
0.029095791903409086,1574434892.9575675
0.028297674005681835,1574434893.3415484
0.028198686079545475,1574434893.7135487
0.026914506392045456,1574434894.0855868
0.0298495205965909,1574434894.4575915
0.027212801846590914,1574434894.8415487
0.028109463778409106,1574434895.2135816
0.02894708806818183,1574434895.5856001
0.028759321732954538,1574434895.9576163
0.02764426491477273,1574434896.3415818
0.028245738636363624,1574434896.713615
0.028848544034090914,1574434897.085636
0.02789994673295456,1574434897.457615
0.028176047585227272,1574434897.8416102
0.029533913352272723,1574434898.2136762
0.028582208806818166,1574434898.5857089
0.0278449041193182,1574434898.9577005
0.028983931107954535,1574434899.3416486
0.030817649147727263,1574434899.7136476
0.027315340909090886,1574434900.0856793
0.030047496448863627,1574434900.457688
0.028204900568181812,1574434900.841696
0.028015802556818185,1574434901.2136357
0.02856400923295454,1574434901.5856838
0.027066761363636366,1574434901.9577157
0.028572887073863625,1574434902.3416612
0.027980291193181822,1574434902.7137096
0.027573242187500003,1574434903.0857213
0.02765980113636363,1574434903.4577162
0.028960848721590906,1574434903.8416646
0.026556285511363645,1574434904.2137175
0.030400834517045474,1574434904.5857506
0.028060191761363644,1574434904.9577444
0.02948153409090908,1574434905.3417077
0.028851207386363632,1574434905.7137542
0.03869806463068183,1574434906.0857549
0.030157581676136334,1574434906.4577694
0.03226606889204544,1574434906.8417816
0.032914595170454544,1574434907.213754
0.031039595170454546,1574434907.5857742
0.02956587357954545,1574434907.9578063
0.029195223721590894,1574434908.3417792
0.027835582386363637,1574434908.7137995
0.030025301846590906,1574434909.085809
0.02981400923295456,1574434909.4578114
0.03111017400568182,1574434909.841758
0.03073375355113637,1574434910.2138119
0.02856933593749999,1574434910.5858388
0.030964133522727276,1574434910.9578319
0.03106090198863636,1574434911.341811
0.02809925426136365,1574434911.7138438
0.029613813920454556,1574434912.0858586
0.031146129261363644,1574434912.4578617
0.028353604403409075,1574434912.8418424
0.02955522017045455,1574434913.2138789
0.030469637784090904,1574434913.58587
0.029408735795454558,1574434913.9578896
0.030413263494318176,1574434914.3418713
0.027079634232954553,1574434914.713874
0.02954234730113637,1574434915.0859027
0.0294100674715909,1574434915.4579127
0.029969815340909065,1574434915.841869
0.03057128906250002,1574434916.2138927
0.02928799715909092,1574434916.5859303
0.03103560014204545,1574434916.957946
0.032251864346590914,1574434917.3419113
0.02810680042613636,1574434917.713931
0.030631658380681808,1574434918.0859637
0.03296297940340911,1574434918.4579546
0.029054509943181834,1574434918.8419414
0.02908647017045455,1574434919.2139554
0.028498757102272735,1574434919.5859568
0.0304190340909091,1574434919.9580634
0.03027698863636362,1574434920.3419983
0.030281427556818185,1574434920.71403
0.029998224431818165,1574434921.0860212
0.02971946022727271,1574434921.4580042
0.030156249999999996,1574434921.841996
0.03021351207386364,1574434922.2140143
0.029494406960227242,1574434922.5859847
0.02923428622159091,1574434922.9580297
0.029986239346590914,1574434923.3420227
0.030265891335227273,1574434923.7140114
0.028976384943181818,1574434924.0860276
0.02854314630681818,1574434924.458064
0.028263494318181828,1574434924.842017
0.02834383877840908,1574434925.2140455
0.030338245738636346,1574434925.5860798
0.03021351207386365,1574434925.958061
0.02940873579545453,1574434926.3420222
0.029084250710227248,1574434926.7140787
0.031034712357954526,1574434927.0860908
0.029607155539772716,1574434927.4580736
0.02837136008522728,1574434927.8420823
0.028952414772727288,1574434928.2141016
0.024294655539772714,1574434928.5861077
0.02810236150568181,1574434928.9581227
0.029411399147727266,1574434929.3421035
0.032130681818181815,1574434929.7141023
0.030079012784090916,1574434930.086111
0.028009144176136373,1574434930.4581468
0.030983664772727258,1574434930.8421054
0.03130992542613637,1574434931.2141345
0.028800603693181815,1574434931.586161
0.030897549715909092,1574434931.9581645
0.03137340198863638,1574434932.3421378
0.029418501420454546,1574434932.7141588
0.029875710227272725,1574434933.0861855
0.027773881392045483,1574434933.4581814
0.029499733664772744,1574434933.8421583
0.029036310369318204,1574434934.2141774
0.029212535511363637,1574434934.5861871
0.029948064630681795,1574434934.9582052
0.02771839488636362,1574434935.342186
0.03067160866477273,1574434935.7141905
0.03818048650568183,1574434936.0862234
0.03134543678977272,1574434936.458265
0.029240944602272737,1574434936.842202
0.029202769886363653,1574434937.2142222
0.0329607599431818,1574434937.5862281
0.03133345170454543,1574434937.9582815
0.029914328835227273,1574434938.3422313
0.030866033380681824,1574434938.71425
0.029786044034090915,1574434939.0862706
0.029814453124999994,1574434939.4582725
0.029698597301136356,1574434939.8422554
0.029892578124999996,1574434940.214276
0.029084250710227254,1574434940.5862713
0.027943892045454524,1574434940.958341
0.029493963068181823,1574434941.342254
0.028314541903409086,1574434941.7143347
0.030334694602272737,1574434942.0863354
0.028899147727272728,1574434942.458361
0.0292950994318182,1574434942.8423169
0.030263671875000012,1574434943.2143345
0.029723455255681826,1574434943.586339
0.029025656960227277,1574434943.9583404
0.029087801846590898,1574434944.3423219
0.03078169389204546,1574434944.7143552
0.030702681107954554,1574434945.0863624
0.02882990056818181,1574434945.4583912
0.02712269176136365,1574434945.8423278
0.030379527698863644,1574434946.2143738
0.02805442116477272,1574434946.5864034
0.029445134943181815,1574434946.958396
0.028394886363636372,1574434947.3423812
0.0302920809659091,1574434947.7143664
0.028746892755681812,1574434948.0864015
0.028999911221590895,1574434948.4584122
0.031015624999999988,1574434948.8424103
0.028367808948863617,1574434949.2143672
0.03243119673295453,1574434949.586431
0.03037375710227272,1574434949.9584641
0.02961958451704545,1574434950.3424308
0.030322709517045462,1574434950.714445
0.0323943536931818,1574434951.086459
0.029600053267045477,1574434951.4584558
0.02972789417613636,1574434951.8424265
0.02864834872159091,1574434952.2144644
0.03045321377840909,1574434952.5864844
0.029173916903409113,1574434952.9584858
0.029845081676136365,1574434953.342472
0.030380415482954535,1574434953.714476
0.02825062144886363,1574434954.0865042
0.031151455965909108,1574434954.4585211
0.028821466619318187,1574434954.8424962
0.030582830255681818,1574434955.2145193
0.0299347478693182,1574434955.5865226
0.030732421875,1574434955.9585426
0.029847301136363632,1574434956.342526
0.02903941761363638,1574434956.7145023
0.03107555042613637,1574434957.0865507
0.02993430397727272,1574434957.458573
0.02888494318181817,1574434957.8425086
0.030124733664772724,1574434958.2145512
0.03029074928977276,1574434958.5865774
0.028130326704545443,1574434958.9585698
0.029531693892045456,1574434959.3425865
0.031572709517045466,1574434959.714578
0.02839533025568182,1574434960.0865905
0.03077814275568182,1574434960.4586046
0.02923473011363636,1574434960.8425882
0.029217862215909083,1574434961.2146182
0.029492187499999985,1574434961.5866022
0.030127397017045435,1574434961.9586208
0.02924893465909092,1574434962.3425992
0.02893643465909092,1574434962.7147052
0.026384499289772722,1574434963.086723
0.030247691761363618,1574434963.458702
0.028269708806818176,1574434963.8426611
0.03012207031249999,1574434964.2146895
0.030739080255681825,1574434964.5866644
0.029048295454545448,1574434964.9586785
0.02929953835227274,1574434965.342622
0.026999733664772742,1574434965.7146506
0.027954101562499997,1574434966.0866976
0.028663884943181842,1574434966.4586828
0.029266246448863626,1574434966.8426697
0.03451038707386364,1574434967.214706
0.030678267045454538,1574434967.586724
0.0309943181818182,1574434967.958723
0.033047318892045444,1574434968.3427181
0.03331010298295455,1574434968.714736
0.02941938920454546,1574434969.086723
0.031111505681818204,1574434969.4587288
0.02853471235795454,1574434969.8427424
0.029355468750000023,1574434970.214732
0.029764737215909092,1574434970.5867274
0.03090687144886366,1574434970.958773
0.030998313210227262,1574434971.3427622
0.02902698863636365,1574434971.714763
0.029871271306818176,1574434972.086777
0.030457208806818185,1574434972.4588048
0.029013227982954568,1574434972.8427677
0.030525124289772738,1574434973.214794
0.030458984374999998,1574434973.5868108
0.029660422585227282,1574434973.9588058
0.030674715909090943,1574434974.342792
0.028709605823863636,1574434974.7147818
0.029648437500000013,1574434975.0868163
0.029503284801136377,1574434975.458835
0.030350674715909104,1574434975.842794
0.030368874289772745,1574434976.2148244
0.029011008522727276,1574434976.5868409
0.030479847301136374,1574434976.9588745
0.03078968394886366,1574434977.342852
0.027770330255681812,1574434977.7148473
0.029880593039772717,1574434978.086874
0.030592151988636372,1574434978.458899
0.02855246803977272,1574434978.8428562
0.030193980823863625,1574434979.214887
0.03361638849431818,1574434979.5868738
0.029488636363636377,1574434979.9588935
0.03283247514204546,1574434980.342856
0.03059392755681818,1574434980.714875
0.029486416903409075,1574434981.0868979
0.028800159801136357,1574434981.4589133
0.030452769886363643,1574434981.842881
0.029696377840909092,1574434982.2149074
0.028928444602272733,1574434982.5869083
0.029302645596590893,1574434982.958925
0.030824751420454537,1574434983.3429153
0.02812366832386364,1574434983.7149062
0.02970569957386364,1574434984.0869424
0.031550958806818186,1574434984.4590309
0.028780184659090893,1574434984.8429883
0.02981667258522727,1574434985.2149856
0.03164506392045454,1574434985.5869915
0.029659090909090923,1574434985.9589806
0.0303173828125,1574434986.342963
0.030001331676136358,1574434986.7149668
0.029512606534090914,1574434987.0869899
0.029343927556818184,1574434987.458987
0.03175692471590908,1574434987.8429673
0.029880593039772734,1574434988.2150025
0.029184570312500005,1574434988.5869927
0.02879350142045451,1574434988.959027
0.030248135653409097,1574434989.343011
0.02951571377840909,1574434989.7150187
0.030534889914772725,1574434990.0870304
0.032728160511363645,1574434990.4590516
0.028409090909090898,1574434990.8430238
0.029916104403409093,1574434991.2150502
0.029932972301136365,1574434991.5870454
0.02906338778409092,1574434991.9590795
0.030456764914772772,1574434992.3430386
0.029297762784090887,1574434992.7150736
0.02939231178977273,1574434993.087084
0.029907670454545458,1574434993.4590764
0.029566317471590917,1574434993.84306
0.030661399147727274,1574434994.2150822
0.0300479403409091,1574434994.5871136
0.029160156249999968,1574434994.9591115
0.03168501420454546,1574434995.3430839
0.028350497159090906,1574434995.7151146
0.030547318892045462,1574434996.08713
0.030671164772727286,1574434996.4591434
0.028376242897727267,1574434996.843126
0.029863725142045463,1574434997.2151334
0.030532226562499997,1574434997.587139
0.029414950284090902,1574434997.9591763
0.03593128551136364,1574434998.3431594
0.03268155184659092,1574434998.715157
0.03275878906249999,1574434999.0871706
0.033574218750000016,1574434999.4591944
0.031170987215909107,1574434999.8431454
0.03041947798295453,1574435000.215172
0.02965642755681817,1574435000.5872061
0.03017134232954545,1574435000.9591966
0.029005681818181816,1574435001.3431878
0.030166459517045455,1574435001.7152097
0.028951970880681785,1574435002.0872297
0.03119850852272728,1574435002.459237
0.03239746093749999,1574435002.8432124
0.028415305397727287,1574435003.2152336
0.034559659090909106,1574435003.5872288
0.03062721946022728,1574435003.9592643
0.03136940696022729,1574435004.3432434
0.03118519176136363,1574435004.7152448
0.04294300426136362,1574435005.0872638
0.05334428267045454,1574435005.459288
0.048790838068181776,1574435005.8433387
0.03573908025568181,1574435006.2153347
0.03816273082386366,1574435006.5873394
0.02894264914772727,1574435006.9593441
0.036256658380681824,1574435007.3432949
0.04390802556818181,1574435007.7152917
0.039598721590909054,1574435008.0873215
0.03712846235795452,1574435008.4593441
0.036642400568181806,1574435008.8433013
0.022682439630681797,1574435009.2153254
0.027708185369318194,1574435009.587342
0.029810901988636358,1574435009.959354
0.03884055397727275,1574435010.343332
0.03372514204545453,1574435010.715353
0.03043723366477273,1574435011.0873504
0.02616876775568181,1574435011.4593687
0.02880326704545454,1574435011.8433557
0.028595525568181818,1574435012.2153544
0.03257768110795456,1574435012.5873737
0.028805930397727292,1574435012.95942
0.029163263494318168,1574435013.3433664
0.03073064630681818,1574435013.7153788
0.031699662642045455,1574435014.0874183
0.03511629971590909,1574435014.4594386
0.03145685369318183,1574435014.843387
0.029950727982954575,1574435015.2154326
0.03292879971590909,1574435015.587434
0.042511541193181804,1574435015.9594653
0.031102183948863642,1574435016.3434255
0.0264364346590909,1574435016.715466
0.030126953125000005,1574435017.0874681
0.036040482954545476,1574435017.4594638
0.0385702237215909,1574435017.843432
0.04441095525568183,1574435018.2154698
0.02887029474431817,1574435018.5874908
0.030116299715909116,1574435018.9595082
0.029196555397727263,1574435019.3434649
0.0326611328125,1574435019.7154863
0.04268599076704543,1574435020.0875318
0.047429865056818205,1574435020.4595387
0.040381747159090924,1574435020.8435159
0.033788618607954554,1574435021.2155156
0.036681019176136344,1574435021.5875695
0.031452414772727255,1574435021.9595656
0.03296608664772725,1574435022.3435209
0.03486949573863639,1574435022.7155485
0.03434259588068183,1574435023.0875719
0.03193670099431818,1574435023.4595628
0.032353515625,1574435023.843551
0.03292658025568179,1574435024.2155845
0.03500177556818183,1574435024.5876184
0.03229980468750001,1574435024.9596016
0.030892223011363625,1574435025.3435836
0.030882013494318176,1574435025.7155867
0.03201349431818184,1574435026.087604
0.03148703835227273,1574435026.459625
0.03128950639204543,1574435026.8436077
0.03209472656250001,1574435027.2155976
0.030948153409090906,1574435027.5876257
0.030368874289772738,1574435027.9597096
0.026963778409090925,1574435028.3436975
0.03027388139204545,1574435028.715657
0.031021395596590905,1574435029.0876806
0.0326740056818182,1574435029.4596865
