amperes,timestamp
0.07508433948863631,1575337333.35851
0.07129128196022723,1575337333.7305403
0.04709250710227272,1575337334.102609
0.07568758877840906,1575337334.4865172
0.028113014914772708,1575337334.858531
0.07688565340909097,1575337335.230512
0.02960493607954543,1575337335.6025596
0.07692427201704542,1575337335.9865441
0.10809126420454541,1575337336.3585236
0.0286629971590909,1575337336.7305593
0.07697887073863627,1575337337.1025698
0.03829944957386371,1575337337.4865294
0.06439231178977275,1575337337.8585641
0.04810990767045456,1575337338.2305944
0.050269442471590875,1575337338.6026235
0.0714968039772726,1575337338.986534
0.031300159801136346,1575337339.3585937
0.07683593750000015,1575337339.730606
0.021929598721590924,1575337340.102606
0.07689630681818191,1575337340.486602
0.021868785511363596,1575337340.8586128
0.07690030184659101,1575337341.2306132
0.04476651278409092,1575337341.6026459
0.05929509943181811,1575337341.9866304
0.07741832386363631,1575337342.3586068
0.026843927556818185,1575337342.7306387
0.07686700994318184,1575337343.1026568
0.022177734375000032,1575337343.486602
0.07690429687500007,1575337343.8586352
0.037076526988636324,1575337344.2306597
0.06685413707386355,1575337344.6027832
0.054870827414772776,1575337344.9866498
0.04803710937499999,1575337345.3586457
0.07866299715909084,1575337345.73071
0.02568137428977273,1575337346.1027617
0.07691450639204558,1575337346.486668
0.0264098011363636,1575337346.8586783
0.07689985795454551,1575337347.230689
0.04181507457386369,1575337347.6027234
0.06296342329545446,1575337347.9866836
0.0707901278409089,1575337348.358668
0.03760253906250003,1575337348.7307374
0.0776105291193183,1575337349.1027644
0.036762695312500135,1575337349.4867058
0.0756880326704546,1575337349.8587244
0.07653986150568197,1575337350.230748
0.037296697443181794,1575337350.6027937
0.07979891690340911,1575337350.9867094
0.03539062499999997,1575337351.3587675
0.07681463068181829,1575337351.7307787
0.060082120028409215,1575337352.102791
0.05057750355113635,1575337352.4867709
0.08902033025568179,1575337352.858781
0.023702059659090922,1575337353.2307937
0.07638050426136381,1575337353.6028183
0.11791725852272726,1575337353.9868243
0.11162109374999989,1575337354.358854
0.1119628906249999,1575337354.7308462
0.11152299360795444,1575337355.1028562
0.11072576349431823,1575337355.4868345
0.11044256036931811,1575337355.858802
0.11079678622159089,1575337356.2308538
0.11008123224431825,1575337356.6028829
0.10357155539772733,1575337356.9868457
0.10036354758522723,1575337357.3588555
0.10275213068181813,1575337357.7308688
0.1070046164772728,1575337358.1028624
0.10619806463068171,1575337358.4868565
0.10625710227272735,1575337358.8588736
0.10467729048295459,1575337359.230883
0.08637207031250005,1575337359.6029088
0.06299183238636367,1575337359.9868731
0.05924937855113632,1575337360.358897
0.059532581676136356,1575337360.7309031
0.059278231534090904,1575337361.102952
0.0591552734375,1575337361.4869177
0.05952547940340906,1575337361.8589005
0.05834605823863633,1575337362.2309506
0.05923251065340911,1575337362.60294
0.05908647017045451,1575337362.9869115
0.05810546875,1575337363.3589404
0.05878995028409094,1575337363.730945
0.058959073153409064,1575337364.1029902
0.06670987215909092,1575337364.4869163
0.07054687499999998,1575337364.8589356
0.061456853693181795,1575337365.230973
0.059103338068181806,1575337365.6030052
0.058750000000000066,1575337365.9869754
0.058324307528409045,1575337366.35898
0.05858265269886362,1575337366.7310565
0.06119318181818181,1575337367.1030405
0.05885609019886366,1575337367.4869823
0.05890891335227272,1575337367.8590024
0.05853870738636361,1575337368.2310066
0.05900346235795455,1575337368.6030424
0.05866832386363635,1575337368.986997
0.059825550426136354,1575337369.3590384
0.0591805752840909,1575337369.7310514
0.05893909801136363,1575337370.1030712
0.05871981534090909,1575337370.487005
0.05882945667613645,1575337370.8590398
0.05819557883522731,1575337371.2310622
0.05905717329545458,1575337371.6030562
0.05842773437499998,1575337371.9870331
0.05823464133522729,1575337372.3591337
0.058300781250000044,1575337372.7310925
0.05823908025568182,1575337373.103122
0.05798428622159091,1575337373.4870555
0.05809348366477278,1575337373.859052
0.05815340909090909,1575337374.2311842
0.057887517755681836,1575337374.6031506
0.05891956676136364,1575337374.9871001
0.05869984019886364,1575337375.3591688
0.058428622159090914,1575337375.7313166
0.058264825994318224,1575337376.1031868
0.06562855113636361,1575337376.4871364
0.0694864169034091,1575337376.8591835
0.06882412997159093,1575337377.2312467
0.0837859552556818,1575337377.6031535
0.09657981178977271,1575337377.9871213
0.09124422940340905,1575337378.359168
0.0726154119318182,1575337378.7313864
0.05989968039772727,1575337379.1032157
0.05837091619318182,1575337379.487193
0.060201970880681833,1575337379.8591793
0.06055530894886363,1575337380.231237
0.06144531250000002,1575337380.6032326
0.05866477272727272,1575337380.9871824
0.05688432173295453,1575337381.35924
0.06295498934659093,1575337381.7312198
0.06536443536931819,1575337382.1032298
0.09894664417613629,1575337382.4872098
0.09772505326704542,1575337382.859244
0.06259499289772731,1575337383.231278
0.04128240411931817,1575337383.60323
0.08110706676136362,1575337383.9872425
0.12381392045454549,1575337384.359289
0.1055464311079546,1575337384.7312922
0.07430708451704546,1575337385.1034722
0.08979492187500004,1575337385.487281
0.07964266690340907,1575337385.8592372
0.09112659801136368,1575337386.2313027
0.08017489346590913,1575337386.6033263
0.08171253551136357,1575337386.9872887
0.08241787997159095,1575337387.3592882
0.08684925426136363,1575337387.73132
0.08771484374999998,1575337388.103337
0.07034889914772727,1575337388.4873066
0.09176624644886362,1575337388.8593051
0.0728258167613636,1575337389.231504
0.08514959161931816,1575337389.6033618
0.06959428267045453,1575337389.9873285
0.08732643821022729,1575337390.3593016
0.07541193181818186,1575337390.7314389
0.07983220880681821,1575337391.1034884
0.0784068714488636,1575337391.4873285
0.07655229048295448,1575337391.8593714
0.09095392400568177,1575337392.23141
0.09374156605113634,1575337392.6033785
0.08891956676136363,1575337392.9873457
0.10004483309659086,1575337393.359363
0.09735529119318179,1575337393.7314956
0.09059747869318177,1575337394.1034
0.0832053444602273,1575337394.4873555
0.11186212713068178,1575337394.85939
0.09757546164772732,1575337395.231422
0.07960582386363635,1575337395.603408
0.07344282670454547,1575337395.9873817
0.0724489524147727,1575337396.3594103
0.07269531249999998,1575337396.7314239
0.0735409268465909,1575337397.1035223
0.0817378373579545,1575337397.487456
0.0752188387784091,1575337397.8594966
0.07233398437499995,1575337398.231505
0.07283380681818184,1575337398.6034763
0.07268821022727277,1575337398.9874332
0.07602761008522725,1575337399.3594437
0.07834295099431819,1575337399.731624
0.07622247869318187,1575337400.103474
0.0729891690340909,1575337400.4874487
0.07222922585227276,1575337400.8595757
0.07225674715909093,1575337401.231505
0.07201793323863638,1575337401.6035323
0.07307617187500005,1575337401.9875138
0.07265802556818182,1575337402.3595116
0.07283558238636367,1575337402.7315474
0.07295410156249996,1575337403.1035478
0.07260875355113637,1575337403.487528
0.07236860795454544,1575337403.8595784
0.07284401633522726,1575337404.2315545
0.07338955965909091,1575337404.6035788
0.07218306107954542,1575337404.987573
0.07247780539772726,1575337405.359532
0.07193314985795451,1575337405.7315888
0.07185724431818184,1575337406.1035638
0.07148748224431817,1575337406.487567
0.0682745916193182,1575337406.8595994
0.07359019886363645,1575337407.2316673
0.07319557883522726,1575337407.6036348
0.07277388139204548,1575337407.9876032
0.07218128551136366,1575337408.3595805
0.07317959872159097,1575337408.7316217
0.0727401455965909,1575337409.1036513
0.07188831676136369,1575337409.4876192
0.07173872514204543,1575337409.8595984
0.07129483309659088,1575337410.231666
0.07105513139204546,1575337410.6036818
0.07178932883522728,1575337410.9876232
0.07221280184659086,1575337411.359633
0.07279030539772728,1575337411.7316852
0.07264737215909102,1575337412.1036794
0.0720356889204546,1575337412.4876478
0.06683549360795453,1575337412.8596432
0.07073774857954547,1575337413.231679
0.07176447088068186,1575337413.6037433
0.07216352982954544,1575337413.987661
0.07128639914772726,1575337414.35965
0.07188964843750004,1575337414.731697
0.07198197798295444,1575337415.1037028
0.07156116832386361,1575337415.4876971
0.07174360795454551,1575337415.859752
0.07131880326704541,1575337416.2317245
0.07143421519886366,1575337416.6037686
0.07191583806818179,1575337416.9876997
0.07245649857954549,1575337417.3597045
0.07190518465909089,1575337417.731754
0.07208762428977275,1575337418.1037734
0.07222212357954545,1575337418.4877207
0.07179598721590907,1575337418.859839
0.07135875355113637,1575337419.2318249
0.07228959517045452,1575337419.6038208
0.07204811789772728,1575337419.9877667
0.07192515980113635,1575337420.3597825
0.07257235440340912,1575337420.7317903
0.07239879261363635,1575337421.1037927
0.07311834161931823,1575337421.4877632
0.07331809303977274,1575337421.8597724
0.0721235795454545,1575337422.2318184
0.07244540127840912,1575337422.6038265
0.07162198153409086,1575337422.9877727
0.07200017755681819,1575337423.3597882
0.07169966264204543,1575337423.7318342
0.0717529296875,1575337424.10385
0.0721368963068182,1575337424.4877925
0.07393465909090913,1575337424.8598464
0.07261052911931817,1575337425.2318637
0.07214444247159088,1575337425.6038637
0.07286177201704544,1575337425.9878302
0.0712633167613636,1575337426.3598835
0.07179332386363638,1575337426.731858
0.07152388139204549,1575337427.1038845
0.07884810014204549,1575337427.4878533
0.07403852982954544,1575337427.85987
0.07039728338068184,1575337428.2318933
0.07147594105113639,1575337428.6039228
0.07141379616477274,1575337428.987857
0.0710546875,1575337429.359894
0.07173384232954545,1575337429.73193
0.07245205965909089,1575337430.1039553
0.07236017400568186,1575337430.4878886
0.07091663707386363,1575337430.859928
0.07227228338068187,1575337431.2319627
0.07234197443181814,1575337431.603968
0.07219105113636363,1575337431.987911
0.07243918678977275,1575337432.3599424
0.07079012784090907,1575337432.7319732
0.0715909090909091,1575337433.1040242
0.07188032670454543,1575337433.487977
0.07222345525568183,1575337433.8599615
0.07159801136363636,1575337434.2319908
0.07206542968750002,1575337434.6040292
0.07251598011363637,1575337434.9879837
0.07189142400568184,1575337435.360011
0.07153231534090904,1575337435.7320397
0.07233398437500003,1575337436.1040199
0.0704372336647727,1575337436.4880004
0.07140047940340906,1575337436.8600125
0.0721200284090909,1575337437.2320306
0.07276677911931821,1575337437.6040878
0.06720392400568181,1575337437.988039
0.07161310369318183,1575337438.36004
0.07175159801136363,1575337438.7320433
0.07251686789772724,1575337439.1040907
0.07139692826704547,1575337439.488051
0.07214754971590907,1575337439.8600984
0.07136186079545451,1575337440.2320838
0.0754403409090909,1575337440.6041942
0.07837801846590914,1575337440.9881415
0.07173916903409086,1575337441.3601072
0.07114834872159093,1575337441.7321746
0.07180664062500008,1575337442.1041327
0.07166237571022727,1575337442.488088
0.07198508522727277,1575337442.860122
0.07280495383522728,1575337443.2320948
0.09138982599431816,1575337443.6041422
0.06648792613636362,1575337443.9881265
0.05680797230113638,1575337444.3601344
0.039887251420454524,1575337444.7321563
0.03513938210227272,1575337445.1041422
0.03765891335227273,1575337445.4881432
0.0368914240056818,1575337445.8601146
0.035553977272727286,1575337446.232186
0.04198996803977273,1575337446.6042235
0.035016424005681834,1575337446.9881835
0.04516379616477276,1575337447.3602033
0.04051491477272728,1575337447.7321975
0.0342041015625,1575337448.104206
0.034293323863636344,1575337448.488185
0.036304154829545486,1575337448.860227
0.03274680397727271,1575337449.2322323
0.03613103693181816,1575337449.6042268
0.03414284446022728,1575337449.9882128
0.032736594460227274,1575337450.3602054
0.03344815340909089,1575337450.732246
0.03602139559659089,1575337451.1042717
0.03648259943181817,1575337451.4882267
0.03381791548295454,1575337451.8602252
0.036505237926136365,1575337452.2322574
0.033297674005681815,1575337452.604283
0.034438032670454546,1575337452.9882321
0.04036265980113639,1575337453.3602426
0.032181729403409104,1575337453.7322962
0.03578480113636365,1575337454.1043603
0.03367897727272725,1575337454.4882815
0.03207297585227274,1575337454.8602827
0.036823064630681815,1575337455.2322917
0.032613636363636365,1575337455.604325
0.03315607244318182,1575337455.988287
0.036812411221590915,1575337456.3602896
0.03245649857954547,1575337456.7323093
0.03483442826704545,1575337457.1043506
0.043079279119318185,1575337457.4883354
0.036083540482954535,1575337457.8602996
0.03871360085227269,1575337458.2323544
0.03273437499999999,1575337458.60439
0.03537331321022729,1575337458.9883327
0.03905184659090908,1575337459.360346
0.032202148437500036,1575337459.7323918
0.03840465198863635,1575337460.104383
0.039135742187499975,1575337460.4883502
0.032286044034090924,1575337460.8604417
0.031976207386363656,1575337461.2324371
0.03677823153409092,1575337461.604393
0.033318093039772734,1575337461.9883611
0.033080166903409106,1575337462.3604527
0.04058149857954546,1575337462.7324667
0.03319025213068181,1575337463.104459
0.034297318892045466,1575337463.4884434
0.03439098011363639,1575337463.8604438
0.03214000355113635,1575337464.2324169
0.03204900568181817,1575337464.604442
0.03700461647727274,1575337464.9883835
0.03190518465909094,1575337465.3604121
0.034397638494318185,1575337465.7324772
0.034533025568181816,1575337466.104445
0.03616654829545453,1575337466.4884639
0.03227494673295456,1575337466.8604386
0.03698552911931817,1575337467.2324805
0.03264515269886362,1575337467.6044679
0.0349711470170455,1575337467.9884512
0.03457563920454547,1575337468.360474
0.03203080610795455,1575337468.7324772
0.036147904829545455,1575337469.1044874
0.03242897727272729,1575337469.488477
0.0319220525568182,1575337469.8604748
0.03706409801136362,1575337470.2325182
0.03178311434659093,1575337470.6045327
0.037298473011363624,1575337470.9884806
0.03596635298295453,1575337471.3605118
0.03220259232954548,1575337471.7326055
0.03725541548295454,1575337472.104522
0.03684259588068182,1575337472.488553
0.03192782315340912,1575337472.8605576
0.032002397017045506,1575337473.2325385
0.03597123579545455,1575337473.6045547
0.033453924005681805,1575337473.9885762
0.03255371093750002,1575337474.3605628
0.034230735085227275,1575337474.732572
0.03454323508522727,1575337475.104587
0.031862127130681824,1575337475.488573
0.03202681107954547,1575337475.860617
0.03664240056818182,1575337476.2325976
0.036534534801136345,1575337476.604637
0.03456010298295454,1575337476.9885693
0.0475506036931818,1575337477.360596
0.03489612926136363,1575337477.732645
0.041802201704545495,1575337478.104618
0.03276544744318184,1575337478.4886281
0.03171253551136366,1575337478.8606334
0.03644797585227272,1575337479.2326643
0.03174227627840909,1575337479.6046376
0.03488902698863639,1575337479.988624
0.04388272372159088,1575337480.3606644
0.03484108664772728,1575337480.732676
0.03212713068181821,1575337481.1046777
0.03651988636363635,1575337481.4886658
0.031640625,1575337481.860669
0.03341841264204544,1575337482.2326913
0.03705122514204546,1575337482.6047115
0.03250044389204547,1575337482.9886508
0.03172185724431821,1575337483.360676
0.036699662642045446,1575337483.732706
0.034721679687499986,1575337484.1047132
0.03327325994318181,1575337484.488756
0.036237571022727254,1575337484.8607788
0.03240278764204548,1575337485.232779
0.03158691406250001,1575337485.6047611
0.03848277698863635,1575337485.9887278
0.03461603338068185,1575337486.360781
0.03154873934659093,1575337486.7327619
0.0368701171875,1575337487.1047742
0.05980557528409094,1575337487.4887946
0.06583762428977274,1575337487.860748
0.03505770596590909,1575337488.2327697
0.031907404119318215,1575337488.6048286
0.036855024857954555,1575337488.9887834
0.031942915482954574,1575337489.3607876
0.03162153764204547,1575337489.732807
0.03452237215909091,1575337490.104795
0.03407848011363636,1575337490.488796
0.031646395596590944,1575337490.8608074
0.036392489346590916,1575337491.2329037
0.03779740767045452,1575337491.604847
0.03650523792613639,1575337491.9888012
0.03808371803977275,1575337492.3608105
0.03223322088068181,1575337492.7328649
0.03275346235795456,1575337493.104874
0.03573819247159092,1575337493.488839
0.03772638494318183,1575337493.8608491
0.034549005681818186,1575337494.2328973
0.08464888139204549,1575337494.604901
0.10282759232954547,1575337494.9888537
0.09710271661931798,1575337495.3610618
0.03039950284090909,1575337495.7329254
0.07674582741477276,1575337496.1048973
0.031053355823863604,1575337496.4889154
0.07679865056818187,1575337496.8610015
0.1130393288352273,1575337497.232917
0.08844282670454544,1575337497.605028
0.09134765624999999,1575337497.9889698
0.11206720525568188,1575337498.3610017
0.11127086292613635,1575337498.7329183
0.11394930752840916,1575337499.105023
0.08292436079545455,1575337499.4890237
0.08066539417613643,1575337499.8610148
0.07037908380681823,1575337500.2329714
0.09451926491477278,1575337500.605044
0.08079501065340905,1575337500.9889882
0.08000710227272725,1575337501.360958
0.07988547585227272,1575337501.7329965
0.1020534446022728,1575337502.1050596
0.1021519886363637,1575337502.488943
0.10668457031250009,1575337502.8610945
0.0532133345170455,1575337503.233036
0.0635302734375,1575337503.6051166
0.09942294034090907,1575337503.9890137
0.1329341264204547,1575337504.3610232
0.12398126775568176,1575337504.7330468
0.08352050781249991,1575337505.1050658
0.039601828835227254,1575337505.4890165
0.0805042613636363,1575337505.861047
0.1252241654829547,1575337506.233227
0.11368829900568181,1575337506.6051533
0.11979403409090905,1575337506.9890978
0.12004660866477272,1575337507.3611038
0.11913796164772719,1575337507.733067
0.11233265269886362,1575337508.1052666
0.11110129616477273,1575337508.4890873
0.11248268821022725,1575337508.8611665
0.11060990767045442,1575337509.2331245
0.10851606889204544,1575337509.605097
0.08208451704545452,1575337509.9890788
0.09260387073863632,1575337510.3611205
0.02295276988636362,1575337510.7331605
0.07682395241477281,1575337511.1051412
0.10461026278409088,1575337511.4891171
0.023797940340909117,1575337511.8612
0.07673739346590899,1575337512.233146
0.10965509588068179,1575337512.6051686
0.08632235440340909,1575337512.9891264
0.04104802911931827,1575337513.3612444
