amperes,timestamp
0.0937983842329546,1575379637.5890036
0.11099742542613633,1575379637.9610262
0.11570845170454545,1575379638.3449998
0.13964666193181816,1575379638.7170126
0.12265314275568187,1575379639.0890346
0.13414683948863626,1575379639.461056
0.13933105468750004,1575379639.8450072
0.1385640092329546,1575379640.217035
0.12690740411931822,1575379640.5890574
0.12171475497159089,1575379640.961078
0.15049050071022718,1575379641.345038
0.08090065696022727,1575379641.7170627
0.11772594105113644,1575379642.0890884
0.11306019176136366,1575379642.4610968
0.09645640980113632,1575379642.8450658
0.1168496981534091,1575379643.2171013
0.12464488636363635,1575379643.5890973
0.12463467684659091,1575379643.9611194
0.10361638849431812,1575379644.3451018
0.12206409801136361,1575379644.7170942
0.1335995205965909,1575379645.0891154
0.12727982954545455,1575379645.4611447
0.12863769531250008,1575379645.8451295
0.13789506392045447,1575379646.2171266
0.12205344460227283,1575379646.5891495
0.10398304332386372,1575379646.9611819
0.09759943181818184,1575379647.3451328
0.10255371093750003,1575379647.7171576
0.09682217684659097,1575379648.0891836
0.12483842329545447,1575379648.4611812
0.13316406249999993,1575379648.8451574
0.1349489524147727,1575379649.217184
0.1467267400568182,1575379649.58919
0.14588911576704547,1575379649.96121
0.1493488103693182,1575379650.3451934
0.15307217684659088,1575379650.717212
0.14154829545454545,1575379651.0892172
0.09601962002840911,1575379651.4612403
0.10512606534090917,1575379651.845229
0.12257324218749995,1575379652.2172244
0.12329057173295455,1575379652.5892441
0.12683948863636357,1575379652.9612675
0.1335009765624999,1575379653.3452365
0.14823641690340916,1575379653.7173219
0.1326469282670455,1575379654.0893266
0.14656427556818177,1575379654.4613185
0.12849165482954542,1575379654.8452768
0.12253462357954543,1575379655.2172825
0.11478160511363643,1575379655.5892935
0.12488014914772719,1575379655.9612994
0.1449094460227273,1575379656.3452816
0.14211958451704543,1575379656.7173097
0.11752130681818188,1575379657.0893185
0.09047718394886364,1575379657.461338
0.09757901278409094,1575379657.845313
0.10551003196022732,1575379658.2173097
0.11190385298295452,1575379658.589356
0.12653231534090903,1575379658.9613578
0.1491455078125,1575379659.3453543
0.1538112571022728,1575379659.7173417
0.14811345880681823,1575379660.0893707
0.09700461647727276,1575379660.4614232
0.0934388316761364,1575379660.8453612
0.10573330965909096,1575379661.2173724
0.09907714843750001,1575379661.5894372
0.09014559659090912,1575379661.9613914
0.1029754083806818,1575379662.3453789
0.11619140625000003,1575379662.7174356
0.10253107244318178,1575379663.089407
0.0974409623579545,1575379663.4614398
0.11049227627840906,1575379663.8454137
0.10326083096590913,1575379664.2174668
0.10135742187499991,1575379664.5894723
0.09048251065340908,1575379664.9614947
0.09191894531249999,1575379665.345451
0.08488769531249996,1575379665.7174716
0.11706942471590893,1575379666.0894983
0.08707741477272729,1575379666.4615078
0.09870427911931814,1575379666.8454735
0.07918501420454536,1575379667.2174926
0.11388982599431814,1575379667.589511
0.10427911931818185,1575379667.9615152
0.10027876420454553,1575379668.3454678
0.0986376953125,1575379668.7175155
0.09382768110795449,1575379669.089506
0.10687411221590908,1575379669.4615417
0.08785555752840915,1575379669.845495
0.09746360085227282,1575379670.2175264
0.09263183593750005,1575379670.5895305
0.1125026633522727,1575379670.9615834
0.08986727627840906,1575379671.3455536
0.12859375000000003,1575379671.7175546
0.09513583096590916,1575379672.0895832
0.0875510475852273,1575379672.461584
0.10166459517045451,1575379672.8455608
0.09064408735795451,1575379673.2175658
0.09366743607954543,1575379673.5895815
0.0884330610795455,1575379673.961587
0.09420321377840911,1575379674.345567
0.07880903764204546,1575379674.7176118
0.09381569602272731,1575379675.0896869
0.08329190340909096,1575379675.461718
0.09506613991477272,1575379675.8456697
0.07968927556818178,1575379676.217646
0.09954101562499997,1575379676.5896456
0.09075905539772722,1575379676.9616437
0.11897727272727271,1575379677.3456473
0.12074751420454553,1575379677.7176456
0.11393554687499995,1575379678.089655
0.11778675426136365,1575379678.4616778
0.1252885298295455,1575379678.8456783
0.10270419034090907,1575379679.2176511
0.09158647017045449,1575379679.5896842
0.0880628551136363,1575379679.9617057
0.10110040838068181,1575379680.3456645
0.08952370383522727,1575379680.7176845
0.09677201704545456,1575379681.0897136
0.07706010298295458,1575379681.4618154
0.08730024857954542,1575379681.8456903
0.08253151633522728,1575379682.2177176
0.09861727627840906,1575379682.5897372
0.09007368607954551,1575379682.961737
0.09844859730113645,1575379683.3457232
0.08425559303977265,1575379683.7177355
0.0945916193181817,1575379684.0897439
0.0844362571022727,1575379684.4617653
0.08749156605113634,1575379684.845755
0.07477006392045456,1575379685.2177694
0.08585316051136363,1575379685.5897737
0.09359463778409091,1575379685.9617991
0.08683948863636355,1575379686.3457556
0.07757901278409092,1575379686.717779
0.0908624822443182,1575379687.0898247
0.09382501775568182,1575379687.4618032
0.06474964488636367,1575379687.8457925
0.10806107954545449,1575379688.2178147
0.10428000710227274,1575379688.5898368
0.09201260653409084,1575379688.9618382
0.08555220170454547,1575379689.3458412
0.10657226562500004,1575379689.7178576
0.0933820134943182,1575379690.0898733
0.09358132102272725,1575379690.4618826
0.0851788884943182,1575379690.8458633
0.0904256924715909,1575379691.217865
0.0889599609375,1575379691.589892
0.08643510298295463,1575379691.9619
0.11757501775568184,1575379692.3458424
0.0770720880681818,1575379692.717877
0.11508700284090911,1575379693.0899017
0.10050470525568185,1575379693.4619193
0.11271972656249996,1575379693.845903
0.07455699573863639,1575379694.217923
0.09161532315340908,1575379694.5899234
0.06256569602272727,1575379694.961924
0.1074307528409091,1575379695.345906
0.09131081321022727,1575379695.7179294
0.09874733664772728,1575379696.0899315
0.10661798650568183,1575379696.4619517
0.09203702059659093,1575379696.846039
0.09334117542613633,1575379697.2180169
0.08322487571022723,1575379697.5900319
0.10308682528409092,1575379697.962016
0.07935191761363636,1575379698.345972
0.09484064275568191,1575379698.7179909
0.07607510653409087,1575379699.089988
0.09523259943181821,1575379699.4620428
0.08552334872159094,1575379699.845971
0.0934059836647727,1575379700.218002
0.09018732244318188,1575379700.5900242
0.0915993430397727,1575379700.9620214
0.0926318359375,1575379701.3460283
0.08979181463068177,1575379701.7180479
0.08882368607954545,1575379702.0900269
0.08480335582386365,1575379702.4620519
0.09454856178977275,1575379702.8460345
0.08399414062500005,1575379703.2180402
0.09806107954545457,1575379703.5900772
0.07921075994318183,1575379703.9620829
0.09579811789772738,1575379704.3460662
0.08306463068181824,1575379704.7180655
0.09478515624999999,1575379705.090115
0.08191006747159091,1575379705.4621365
0.09332697088068183,1575379705.8460636
0.08359108664772727,1575379706.2181249
0.08382368607954546,1575379706.5901213
0.09117631392045453,1575379706.9621398
0.11310946377840915,1575379707.346125
0.12956010298295453,1575379707.7181494
0.0876109730113635,1575379708.0901258
0.0748677201704546,1575379708.4621418
0.08805353338068185,1575379708.8461542
0.08412686434659093,1575379709.2181566
0.08678622159090907,1575379709.590179
0.08751553622159092,1575379709.9621708
0.0894167258522728,1575379710.3461535
0.0844708806818181,1575379710.7181604
0.08676180752840905,1575379711.0902023
0.09094770951704549,1575379711.4622242
0.0938898259943182,1575379711.8461604
0.09248180042613637,1575379712.2182302
0.09581409801136369,1575379712.590208
0.08353915127840912,1575379712.9622304
0.09307439630681819,1575379713.3462164
0.09779163707386361,1575379713.718239
0.08517223011363637,1575379714.0902684
0.09100941051136376,1575379714.4622593
0.11281161221590912,1575379714.8462412
0.09542702414772725,1575379715.2182732
0.11168057528409092,1575379715.5902739
0.08645862926136365,1575379715.9623
0.10111505681818181,1575379716.346274
0.10160600142045453,1575379716.7182736
0.10858132102272738,1575379717.0902996
0.09893066406250006,1575379717.4623296
0.08994051846590909,1575379717.8462799
0.10125799005681814,1575379718.2183032
0.0856489701704546,1575379718.5904098
0.09926846590909098,1575379718.9624062
0.0868270596590909,1575379719.3463645
0.10218528053977265,1575379719.7183628
0.09008123224431822,1575379720.0903623
0.09781294389204549,1575379720.4623652
0.09156116832386366,1575379720.8463476
0.09420454545454544,1575379721.2183633
0.10281827059659089,1575379721.5903707
0.09218350497159092,1575379721.9623847
0.1021595348011364,1575379722.3463733
0.0869611150568182,1575379722.718341
0.10491077769886367,1575379723.0903893
0.09659845525568185,1575379723.4624133
0.10997514204545446,1575379723.8463974
0.10879971590909085,1575379724.2184
0.10574928977272732,1575379724.5904274
0.09162286931818178,1575379724.962446
0.10227450284090911,1575379725.346402
0.08735928622159089,1575379725.7184267
0.09884454900568186,1575379726.0904615
0.08965243252840914,1575379726.4624507
0.09531471946022739,1575379726.8464375
0.09303089488636368,1575379727.218462
0.09523615056818184,1575379727.5904644
0.0949360795454545,1575379727.9624834
0.08874600497159099,1575379728.3464594
0.10074795809659082,1575379728.718469
0.08918989701704547,1575379729.0904603
0.10024946732954537,1575379729.462518
0.08971013849431818,1575379729.846491
0.09900701349431823,1575379730.2184834
0.08866122159090914,1575379730.5905201
0.09826038707386359,1575379730.9625432
0.08737038352272726,1575379731.3464956
0.09952814275568184,1575379731.7185307
0.09230024857954543,1575379732.0905495
0.09754572088068174,1575379732.4625432
0.09181063565340909,1575379732.8465195
0.0950053267045455,1575379733.2185538
0.09811656605113638,1575379733.5905797
0.08702237215909088,1575379733.962553
0.10078480113636366,1575379734.346543
0.08383655894886365,1575379734.7185836
0.1064439808238636,1575379735.0905848
0.07379039417613638,1575379735.4626093
0.09304199218749995,1575379735.8465605
0.09437455610795446,1575379736.2185879
0.11725452769886359,1575379736.5905828
0.10373979048295458,1575379736.9626117
0.09011496803977266,1575379737.3465903
0.08953702059659091,1575379737.7186184
0.10265758167613644,1575379738.0906446
0.10500000000000001,1575379738.4626634
0.09940829190340902,1575379738.8465946
0.1003231534090909,1575379739.2186463
0.08557705965909095,1575379739.5906847
0.10555530894886361,1575379739.9626658
0.08427201704545453,1575379740.3467221
0.10285688920454543,1575379740.718725
0.08782936789772734,1575379741.0907314
0.08548206676136359,1575379741.4627218
0.09486505681818182,1575379741.846678
0.10702237215909093,1575379742.2187011
0.06998446377840911,1575379742.590705
0.08975142045454543,1575379742.962728
0.0803231534090909,1575379743.346713
0.08931285511363635,1575379743.7187154
0.10866787997159084,1575379744.0907373
0.09155495383522727,1575379744.462761
0.10099121093749995,1575379744.8467221
0.09403808593750006,1575379745.2187457
0.10286621093749994,1575379745.590769
0.10863458806818184,1575379745.962753
0.0994988458806818,1575379746.3467426
0.09026278409090913,1575379746.718772
0.09663396661931815,1575379747.090765
0.09795188210227276,1575379747.4627953
0.11845259232954544,1575379747.846775
0.13333274147727273,1575379748.2187994
0.1350292968750001,1575379748.590801
0.13638361150568176,1575379748.9628325
0.12877175071022726,1575379749.3468115
0.1229669744318182,1575379749.7188094
0.11012606534090906,1575379750.09083
0.11298473011363634,1575379750.4628305
0.11868829900568179,1575379750.846819
0.1223135653409091,1575379751.2188358
0.12144220525568175,1575379751.5908623
0.13028764204545454,1575379751.9628646
0.12344948508522723,1575379752.3468382
0.12422274502840906,1575379752.7188663
0.13005726207386373,1575379753.090865
0.12882856889204544,1575379753.4628932
0.11814275568181813,1575379753.8468504
0.10880681818181823,1575379754.2189
0.1021746271306818,1575379754.5909097
0.09004794034090911,1575379754.962924
0.08880593039772723,1575379755.3469062
0.08882146661931821,1575379755.7188962
0.08888405539772727,1575379756.0909262
0.08782759232954544,1575379756.4629488
0.08876109730113638,1575379756.846909
0.10373668323863638,1575379757.2189083
0.12116077769886362,1575379757.590952
0.1231161221590909,1575379757.9629836
0.1124942294034091,1575379758.3469388
0.09839754971590911,1575379758.718957
0.11478693181818186,1575379759.0909865
0.1059685724431818,1575379759.4629579
0.11666548295454549,1575379759.8469653
0.1181884765625,1575379760.2189965
0.11968039772727276,1575379760.590994
0.10744406960227276,1575379760.9630134
0.12102761008522728,1575379761.346991
0.11155184659090908,1575379761.7190006
0.1234938742897727,1575379762.0910952
0.1161292613636364,1575379762.4630926
0.08782848011363639,1575379762.8470514
0.08737082741477266,1575379763.219029
0.11408291903409092,1575379763.5910523
0.1290283203125,1575379763.9630787
0.1347212357954545,1575379764.3470335
0.10335360440340902,1575379764.7190523
0.08331676136363639,1575379765.091083
0.11082919034090911,1575379765.463081
0.12367764559659085,1575379765.8470592
0.13242808948863644,1575379766.2190819
0.06262340198863639,1575379766.5910826
0.08024902343749997,1575379766.9631069
0.08706010298295457,1575379767.3470857
0.09612215909090907,1575379767.7190588
0.11626065340909096,1575379768.0911107
0.11820223721590904,1575379768.463139
0.14181107954545455,1575379768.8471143
0.12137295809659086,1575379769.2191129
0.0978666548295455,1575379769.591143
0.12231001420454546,1575379769.9631672
0.11980735085227273,1575379770.3471196
0.13287686434659096,1575379770.7191186
0.11862659801136358,1575379771.0911713
0.1356454190340909,1575379771.46317
0.09399147727272728,1575379771.8471465
0.09313387784090912,1575379772.2191525
0.08439675071022724,1575379772.5911996
0.09278764204545453,1575379772.963195
0.07764737215909084,1575379773.3471782
0.10197265625,1575379773.719204
0.08457697088068175,1575379774.0911996
0.09456010298295452,1575379774.4632318
0.08334028764204546,1575379774.8472083
0.0988467684659091,1575379775.2192063
0.08795010653409087,1575379775.5912333
0.09521129261363638,1575379775.9632561
0.08721857244318187,1575379776.3472455
0.09192294034090916,1575379776.719243
0.1002601207386364,1575379777.0912921
0.11956276633522721,1575379777.4632885
0.13539950284090913,1575379777.8472483
0.0988325639204545,1575379778.2192633
0.09043323863636364,1575379778.5912962
0.09146395596590912,1575379778.9632947
0.1155260120738636,1575379779.3472755
0.12011896306818193,1575379779.7193022
0.10911709872159082,1575379780.0913026
0.10623357599431814,1575379780.463327
0.1065238813920454,1575379780.8472772
0.12120694247159088,1575379781.2193055
0.11402343749999999,1575379781.5913312
0.11078568892045458,1575379781.9633477
0.11069779829545456,1575379782.347332
0.11715110085227272,1575379782.719337
0.13099165482954542,1575379783.0913548
0.14134765625000006,1575379783.4634569
0.11259588068181822,1575379783.8474138
0.11992231889204542,1575379784.219421
0.12284712357954537,1575379784.5914135
0.10840420809659093,1575379784.9634135
0.1127534623579546,1575379785.347344
0.12042258522727277,1575379785.7193973
0.11634588068181825,1575379786.0913963
0.11377263849431818,1575379786.4634147
0.09975807883522729,1575379786.8473957
0.0879762961647727,1575379787.2194269
0.09754572088068186,1575379787.5914237
0.13141956676136365,1575379787.9634435
0.12076127485795449,1575379788.3474343
0.11260431463068184,1575379788.7194252
0.10516867897727278,1575379789.0914521
0.08773481889204539,1575379789.4634724
0.09787331321022727,1575379789.847435
0.1191534978693181,1575379790.2194622
0.11570490056818178,1575379790.591483
0.07783602627840916,1575379790.9634836
0.06793989701704545,1575379791.3474672
0.07461647727272733,1575379791.7194934
0.06552246093749999,1575379792.0914862
0.06454412286931821,1575379792.4635103
0.05616122159090912,1575379792.8474932
0.055430575284090865,1575379793.2195194
0.05584383877840909,1575379793.591516
0.05748180042613637,1575379793.963542
0.05563831676136362,1575379794.3475187
0.05586825284090909,1575379794.7195299
0.04319779829545454,1575379795.0915473
0.03224032315340914,1575379795.4635694
0.03197931463068184,1575379795.84753
0.03653986150568183,1575379796.2195592
0.03217862215909093,1575379796.5915744
0.03156560724431818,1575379796.9636035
0.03520330255681818,1575379797.3475602
0.03410999644886366,1575379797.7195823
0.03166015625000001,1575379798.0916157
0.03246759588068183,1575379798.4636018
0.03579145951704547,1575379798.8475747
0.06071644176136365,1575379799.2196095
0.0711026278409091,1575379799.5916154
0.07059259588068179,1575379799.9636343
0.09472434303977272,1575379800.3476226
0.1017147549715909,1575379800.719616
0.07543101917613637,1575379801.091635
0.05366432883522726,1575379801.4636679
0.055084783380681845,1575379801.8476465
0.05711736505681816,1575379802.219646
0.058350053267045454,1575379802.5916507
0.05852583451704543,1575379802.9636898
0.05609641335227271,1575379803.347648
0.053801491477272735,1575379803.719706
0.05904119318181816,1575379804.0917027
0.07170055042613635,1575379804.4636986
0.07106800426136367,1575379804.8476799
0.07623890269886364,1575379805.2197785
0.08983620383522721,1575379805.5917773
0.05554998224431819,1575379805.9637747
0.05831010298295454,1575379806.3477345
0.07159002130681821,1575379806.7197132
0.07110440340909092,1575379807.0917614
0.08004350142045454,1575379807.4637568
0.07653009588068178,1575379807.8477397
0.05573908025568184,1575379808.2197385
0.06059259588068182,1575379808.5917647
0.058955078125,1575379808.9637907
0.059748757102272704,1575379809.3477435
0.05845836292613639,1575379809.7197652
0.058909801136363606,1575379810.0917947
0.05901278409090909,1575379810.463823
0.055617453835227273,1575379810.8477795
0.06123535156250001,1575379811.2198036
0.05814808238636366,1575379811.5917964
0.05726695667613637,1575379811.9638224
0.05616388494318184,1575379812.3477807
0.08376020951704545,1575379812.7198336
0.07187855113636361,1575379813.0918334
0.06850142045454546,1575379813.4638538
0.07444291548295465,1575379813.847831
0.07062233664772727,1575379814.2198353
0.07346191406250002,1575379814.5918593
0.07322443181818178,1575379814.9638574
0.07446954900568188,1575379815.3478696
