amperes,timestamp
0.13641779119318181,1575376453.7942002
0.15579723011363625,1575376454.1662338
0.1605104758522727,1575376454.5382323
0.16144176136363647,1575376454.9102297
0.15448197798295468,1575376455.294212
0.16114790482954544,1575376455.6662374
0.1548295454545455,1575376456.0382614
0.15751509232954547,1575376456.4102833
0.15875976562499997,1575376456.794243
0.1588170276988637,1575376457.166263
0.15982555042613641,1575376457.5382895
0.14064186789772715,1575376457.910316
0.15862393465909094,1575376458.2942688
0.1332648259943181,1575376458.6662948
0.1338028231534091,1575376459.0383215
0.13489435369318184,1575376459.4103198
0.15625532670454542,1575376459.7943037
0.15558638139204545,1575376460.1663263
0.1410684481534092,1575376460.5382993
0.15751953125000004,1575376460.9103546
0.15837668678977268,1575376461.294329
0.1547771661931818,1575376461.6663291
0.1556050248579547,1575376462.0383565
0.16207253196022717,1575376462.4103878
0.15719149502840907,1575376462.7943575
0.13350674715909092,1575376463.1663635
0.14963023792613636,1575376463.5383844
0.16133078835227274,1575376463.9104054
0.161561612215909,1575376464.2943647
0.16162109375,1575376464.6663704
0.16449307528409104,1575376465.0384173
0.16270552201704547,1575376465.4104133
0.16363236860795455,1575376465.794392
0.1642613636363637,1575376466.1664212
0.15086248224431817,1575376466.5384524
0.13380814985795456,1575376466.9104438
0.1456551846590909,1575376467.2945004
0.15655273437500006,1575376467.666448
0.15988014914772714,1575376468.0384488
0.1600847833806817,1575376468.410458
0.16019087357954553,1575376468.7944565
0.16305664062500005,1575376469.1664507
0.15741388494318184,1575376469.5384853
0.16164861505681827,1575376469.9105034
0.15643243963068165,1575376470.2945523
0.1532355291193182,1575376470.6665635
0.13103116122159092,1575376471.0385625
0.13249378551136368,1575376471.4105625
0.13609907670454546,1575376471.7945104
0.15117942116477276,1575376472.1665199
0.15895951704545444,1575376472.5385387
0.1628284801136364,1575376472.9105406
0.16371937144886367,1575376473.2945108
0.15543501420454559,1575376473.6665454
0.13439630681818185,1575376474.0385447
0.15634721235795448,1575376474.4105647
0.1583584872159091,1575376474.794525
0.16068093039772716,1575376475.1665177
0.16343128551136352,1575376475.5385706
0.16284135298295463,1575376475.9105763
0.14028409090909097,1575376476.2945495
0.13532848011363632,1575376476.666583
0.14318625710227278,1575376477.0385835
0.14032848011363633,1575376477.410624
0.15787198153409096,1575376477.7945879
0.135390625,1575376478.16662
0.1523206676136364,1575376478.5386384
0.1294784268465909,1575376478.9106393
0.1491135475852274,1575376479.294609
0.138915127840909,1575376479.6666403
0.14955566406249998,1575376480.038661
0.1314812677556818,1575376480.4106681
0.14654074928977262,1575376480.794644
0.13284490411931818,1575376481.1666706
0.14428355823863642,1575376481.538668
0.12988370028409085,1575376481.9106963
0.13754394531249994,1575376482.2946742
0.1372247869318182,1575376482.6666758
0.1400066583806819,1575376483.038698
0.14443758877840915,1575376483.4107215
0.13511052911931815,1575376483.7946925
0.13937544389204543,1575376484.1666987
0.12072487571022728,1575376484.538726
0.1401890980113636,1575376484.9107494
0.13140580610795455,1575376485.294703
0.14952547940340913,1575376485.666725
0.1276318359375,1575376486.038762
0.13561301491477268,1575376486.4107585
0.12702503551136357,1575376486.794727
0.15010875355113634,1575376487.1667595
0.14687588778409097,1575376487.5387576
0.13329634232954538,1575376487.9107845
0.14960671164772732,1575376488.294765
0.13667480468750004,1575376488.6667404
0.13625133167613637,1575376489.0387917
0.12975452769886361,1575376489.410818
0.13317826704545443,1575376489.7947757
0.1289675071022727,1575376490.1667924
0.1310147372159091,1575376490.5388198
0.128857421875,1575376490.910841
0.1303826349431818,1575376491.2948039
0.13096857244318183,1575376491.6668293
0.12731445312499992,1575376492.0389256
0.13848055752840913,1575376492.4109263
0.15220081676136354,1575376492.7948842
0.15050426136363637,1575376493.1668835
0.15088600852272718,1575376493.5388803
0.1534690163352274,1575376493.9108667
0.13657182173295462,1575376494.2948585
0.11772594105113633,1575376494.6668832
0.12702636718750004,1575376495.038885
0.12897727272727277,1575376495.4109132
0.12791503906250007,1575376495.7948954
0.13176979758522736,1575376496.1668942
0.13289328835227274,1575376496.5389106
0.12605513139204547,1575376496.910939
0.13260653409090914,1575376497.2948964
0.12623357599431828,1575376497.6669168
0.12684437144886365,1575376498.0389445
0.122753018465909,1575376498.410948
0.1342054332386364,1575376498.7949173
0.1336993963068181,1575376499.1669524
0.12908824573863636,1575376499.5389824
0.13392977627840905,1575376499.9109719
0.12394087357954542,1575376500.294973
0.1360733309659091,1575376500.6669784
0.11518066406249995,1575376501.0389843
0.1291028941761364,1575376501.4110036
0.1189546342329546,1575376501.794966
0.13688609730113638,1575376502.1669877
0.12567826704545457,1575376502.539001
0.12555264559659096,1575376502.9110281
0.11974786931818183,1575376503.2949765
0.12566672585227281,1575376503.6669893
0.13410466974431812,1575376504.0390425
0.13649236505681817,1575376504.4110608
0.13909135298295464,1575376504.7950134
0.1286257102272727,1575376505.1670346
0.1361487926136364,1575376505.539069
0.11888938210227276,1575376505.911038
0.13268110795454538,1575376506.2950542
0.12466752485795453,1575376506.667074
0.131107510653409,1575376507.0390756
0.12304776278409084,1575376507.4111001
0.14760786576704543,1575376507.7950788
0.13299849076704537,1575376508.1671026
0.14379128196022728,1575376508.5391066
0.14764071377840912,1575376508.911123
0.13722922585227262,1575376509.2951086
0.13258167613636357,1575376509.6670802
0.12511319247159094,1575376510.0391371
0.13273082386363638,1575376510.411156
0.12183016690340905,1575376510.7951262
0.13199795809659087,1575376511.1671333
0.12135342684659092,1575376511.53914
0.13128995028409088,1575376511.911161
0.12237260298295456,1575376512.2951393
0.12892933238636364,1575376512.6671655
0.1260444779829546,1575376513.0391707
0.1285236150568182,1575376513.4111953
0.12701748934659096,1575376513.7952433
0.12489390980113628,1575376514.1672502
0.13132723721590908,1575376514.5392435
0.11943181818181818,1575376514.9112492
0.12595969460227271,1575376515.295205
0.12319557883522733,1575376515.667225
0.12530850497159088,1575376516.0392475
0.1204616477272727,1575376516.4112537
0.13957341974431814,1575376516.795203
0.13422496448863636,1575376517.1672337
0.14050825639204556,1575376517.5392253
0.12421741832386377,1575376517.911233
0.12794167258522732,1575376518.2952046
0.12363148082386363,1575376518.6672628
0.12873401988636365,1575376519.0392857
0.12608531605113638,1575376519.4112902
0.13186745383522727,1575376519.7952683
0.13064053622159105,1575376520.16729
0.12565296519886363,1575376520.5392933
0.13462624289772726,1575376520.9113374
0.11970969460227264,1575376521.2952986
0.13227539062499993,1575376521.667295
0.11585582386363628,1575376522.0393195
0.13280495383522725,1575376522.4113593
0.12495694247159084,1575376522.7953296
0.14948286576704556,1575376523.1673288
0.14792702414772727,1575376523.5393512
0.14271972656249995,1575376523.9113727
0.11926269531249999,1575376524.2953355
0.11135697798295455,1575376524.6673572
0.12524680397727278,1575376525.0393822
0.1273486328125,1575376525.4113846
0.11725674715909094,1575376525.795361
0.11813343394886358,1575376526.1673565
0.14181551846590904,1575376526.5393898
0.1327170632102272,1575376526.911413
0.13923117897727294,1575376527.295388
0.1308851207386364,1575376527.667418
0.13299715909090906,1575376528.0394118
0.12127441406250002,1575376528.4114459
0.1398686079545455,1575376528.7954173
0.13388627485795462,1575376529.1674206
0.13445445667613642,1575376529.5394478
0.1416388494318182,1575376529.9114616
0.13316539417613626,1575376530.295399
0.13978560014204547,1575376530.6674511
0.12452858664772723,1575376531.039472
0.13544167258522719,1575376531.41147
0.12478293678977269,1575376531.7954562
0.13681773792613638,1575376532.167468
0.12511230468750012,1575376532.5395086
0.13198686079545466,1575376532.9115028
0.12633478338068188,1575376533.2954555
0.13589577414772716,1575376533.6675088
0.12892533735795458,1575376534.0395062
0.1359903231534091,1575376534.4115334
0.13674138849431816,1575376534.795517
0.13426003196022723,1575376535.1675136
0.137032137784091,1575376535.5396125
0.12497336647727265,1575376535.9115841
0.13922185724431813,1575376536.2955742
0.12734996448863628,1575376536.6675503
0.1398153409090909,1575376537.0395522
0.12479003906250004,1575376537.4115942
0.14065784801136366,1575376537.79555
0.13531338778409083,1575376538.1675715
0.13619362571022736,1575376538.539573
0.12024680397727275,1575376538.9115958
0.15387517755681812,1575376539.2955787
0.13167968749999992,1575376539.6675832
0.133310546875,1575376540.0396044
0.14466619318181825,1575376540.4116333
0.12980601917613638,1575376540.7956307
0.15293235085227272,1575376541.1675825
0.1268745561079546,1575376541.539641
0.13068137428977264,1575376541.9116566
0.1293337180397727,1575376542.2956154
0.14462224786931815,1575376542.6676383
0.14090287642045457,1575376543.0396686
0.13742187500000003,1575376543.41169
0.1266299715909091,1575376543.7956457
0.137802734375,1575376544.167671
0.14037153764204546,1575376544.5396955
0.13100186434659097,1575376544.911693
0.13410378196022724,1575376545.295677
0.12768687855113642,1575376545.667701
0.13687189275568187,1575376546.0396886
0.1274196555397728,1575376546.411728
0.14312100497159083,1575376546.795707
0.1262353515625,1575376547.167734
0.13636985085227277,1575376547.5397274
0.12738414417613633,1575376547.91175
0.13304598721590913,1575376548.2957308
0.13327414772727283,1575376548.6677325
0.1343381569602273,1575376549.0397549
0.13357954545454545,1575376549.4117808
0.1326407137784092,1575376549.7957456
0.12668279474431818,1575376550.1677628
0.13317871093749997,1575376550.5397842
0.13311967329545454,1575376550.9117908
0.13015580610795452,1575376551.295779
0.14159135298295447,1575376551.667794
0.12944025213068172,1575376552.0397916
0.14045498934659095,1575376552.4118228
0.1267231889204545,1575376552.7958007
0.13484907670454535,1575376553.1678247
0.12779651988636354,1575376553.539824
0.13082341974431821,1575376553.911852
0.13148837002840918,1575376554.2958302
0.1301162997159092,1575376554.667828
0.12404918323863623,1575376555.0398512
0.12782359730113635,1575376555.411873
0.13008078835227266,1575376555.7958584
0.12577192826704547,1575376556.1678615
0.13641779119318187,1575376556.5398932
0.12859730113636367,1575376556.9119911
0.138731356534091,1575376557.2959545
0.127476473721591,1575376557.6679332
0.1286678799715909,1575376558.0399404
0.11108354048295449,1575376558.411935
0.1186265980113636,1575376558.7958715
0.11207253196022722,1575376559.167891
0.14509499289772732,1575376559.5399196
0.14647416548295442,1575376559.911941
0.1253440163352273,1575376560.295925
0.1315354225852273,1575376560.6679163
0.1330393288352273,1575376561.0399373
0.1374272017045455,1575376561.411975
0.14342151988636362,1575376561.7959268
0.14748446377840913,1575376562.1679242
0.14894886363636353,1575376562.5399563
0.15727361505681808,1575376562.9119961
0.15634676846590911,1575376563.2959588
0.1561816406249999,1575376563.667983
0.12509188565340912,1575376564.0400043
0.1460342684659091,1575376564.4120066
0.15147682883522737,1575376564.7959826
0.09083851207386362,1575376565.1680076
0.12690030184659096,1575376565.5400074
0.14882812500000006,1575376565.9120312
0.15229314630681806,1575376566.2960103
0.14979447798295448,1575376566.667987
0.15532004616477277,1575376567.0400372
0.14734863281250005,1575376567.4120684
0.15326571377840906,1575376567.7960155
0.15079856178977263,1575376568.1680465
0.14854936079545458,1575376568.5400712
0.13179865056818182,1575376568.9120934
0.14475008877840911,1575376569.2960496
0.15382990056818183,1575376569.6680498
0.14963689630681815,1575376570.0401113
0.14363813920454543,1575376570.4121063
0.14626642400568182,1575376570.7961125
0.14691761363636355,1575376571.168108
0.14422141335227281,1575376571.5401278
0.1388769531250001,1575376571.912132
0.15116166548295443,1575376572.2961168
0.1469273792613637,1575376572.6681352
0.13399502840909094,1575376573.040105
0.13588867187499998,1575376573.41216
0.14984641335227283,1575376573.7961457
0.1493687855113636,1575376574.1681435
0.1479918323863635,1575376574.5401654
0.1581898082386364,1575376574.9121912
0.1464328835227272,1575376575.2961738
0.12887428977272727,1575376575.668171
0.12962047230113638,1575376576.0401933
0.15278986150568183,1575376576.412191
0.15351651278409095,1575376576.7961662
0.14910866477272733,1575376577.1682045
0.1494637784090909,1575376577.5402277
0.1344699928977273,1575376577.9122326
0.14206054687499992,1575376578.2962143
0.15748845880681828,1575376578.6683097
0.15377485795454549,1575376579.040301
0.13742098721590912,1575376579.4123037
0.1308935546875,1575376579.7962546
0.1432080078125001,1575376580.1682541
0.1594016335227273,1575376580.5402606
0.15633567116477282,1575376580.9122794
0.1488156960227272,1575376581.296234
0.11095969460227269,1575376581.668257
0.1399449573863636,1575376582.040286
0.15079145951704553,1575376582.4123123
0.15087535511363637,1575376582.7962625
0.10690651633522723,1575376583.168288
0.13086603338068187,1575376583.5403173
0.1487375710227272,1575376583.912312
0.15549272017045454,1575376584.2962923
0.14027254971590908,1575376584.6683254
0.12648171164772723,1575376585.0403192
0.1299791370738636,1575376585.4123428
0.11929066051136368,1575376585.7963233
0.13750310724431825,1575376586.1683505
0.11613059303977272,1575376586.5403492
0.12647416548295448,1575376586.9123733
0.11164861505681811,1575376587.2965617
0.13378329190340907,1575376587.6683517
0.12341219815340912,1575376588.0403767
0.13264115767045453,1575376588.4124053
