amperes,timestamp
0.12129749644886359,1575376722.6705263
0.14297008167613642,1575376723.0425434
0.15584428267045453,1575376723.4145713
0.1506582919034092,1575376723.7985299
0.15958496093750002,1575376724.1705463
0.16112260298295475,1575376724.5425725
0.16111550071022748,1575376724.9145863
0.1574946732954545,1575376725.2985754
0.15689231178977286,1575376725.6705792
0.15937100497159098,1575376726.042603
0.14020330255681818,1575376726.4146388
0.13872159090909092,1575376726.7985806
0.15187100497159092,1575376727.1706042
0.13695534446022734,1575376727.5426323
0.1504709694602272,1575376727.9146466
0.15297274502840916,1575376728.2986214
0.15694424715909092,1575376728.6706493
0.158330078125,1575376729.0426545
0.15407848011363637,1575376729.4146767
0.15770108309659098,1575376729.7986567
0.15878817471590917,1575376730.1707542
0.15460759943181818,1575376730.5427527
0.1468971946022727,1575376730.9147549
0.15847700639204557,1575376731.298712
0.15606534090909097,1575376731.670707
0.16004705255681817,1575376732.0427105
0.1581059126420456,1575376732.4147363
0.1604700816761365,1575376732.79869
0.16144753196022743,1575376733.1707172
0.16165394176136358,1575376733.542742
0.1401877663352274,1575376733.9147408
0.12348721590909088,1575376734.2987266
0.1280810546875,1575376734.6707423
0.13415127840909088,1575376735.0427637
0.152188387784091,1575376735.4147537
0.1500071022727271,1575376735.79875
0.16085715553977264,1575376736.1707773
0.1610444779829545,1575376736.5427747
0.16121848366477273,1575376736.9148045
0.15873313210227277,1575376737.2987726
0.16142755681818177,1575376737.6707764
0.15657315340909078,1575376738.042804
0.14692649147727282,1575376738.4148169
0.12792524857954535,1575376738.7987843
0.13011097301136368,1575376739.1708052
0.15062455610795455,1575376739.5428336
0.1560116299715908,1575376739.9148366
0.1604829545454547,1575376740.2988122
0.15572088068181827,1575376740.670845
0.14418190696022737,1575376741.0428603
0.13275168678977275,1575376741.4148607
0.1572669566761364,1575376741.7988715
0.15853471235795458,1575376742.1708698
0.15971457741477285,1575376742.5428324
0.16199573863636374,1575376742.9148881
0.14962757457386353,1575376743.2988698
0.12690696022727269,1575376743.6708963
0.12863991477272732,1575376744.042891
0.14219904119318197,1575376744.4149075
0.12848765980113638,1575376744.798896
0.12431906960227275,1575376745.1708765
0.12363325639204543,1575376745.5429275
0.1313259055397728,1575376745.9149504
0.14557572798295448,1575376746.2988968
0.13023570667613638,1575376746.6709323
0.13313964843749984,1575376747.0429468
0.12142311789772728,1575376747.4149568
0.1324764737215909,1575376747.7989397
0.13584028764204548,1575376748.1709692
0.12845703125,1575376748.5429468
0.12107022372159089,1575376748.914973
0.14103959517045464,1575376749.298965
0.12261496803977281,1575376749.6709886
0.12960360440340907,1575376750.0429957
0.11306773792613631,1575376750.4150016
0.14365056818181826,1575376750.7989914
0.13005371093750007,1575376751.1709874
0.13308638139204546,1575376751.5430293
0.11690429687499997,1575376751.9151306
0.1294597833806818,1575376752.2990599
0.13199085582386358,1575376752.671064
0.1312544389204546,1575376753.0430706
0.11959250710227275,1575376753.4150727
0.12196999289772725,1575376753.7990642
0.12092640269886362,1575376754.1710474
0.13254039417613636,1575376754.5430691
0.14374067826704545,1575376754.9150717
0.1270419034090909,1575376755.29906
0.11342196377840895,1575376755.671088
0.1213982599431819,1575376756.0430825
0.13754261363636375,1575376756.4151063
0.12051846590909095,1575376756.7990754
0.12294122869318178,1575376757.1710823
0.12408291903409087,1575376757.5431252
0.12339666193181824,1575376757.9151292
0.12095747514204548,1575376758.2991204
0.1230828302556818,1575376758.671124
0.1365704900568181,1575376759.0431585
0.1099489524147727,1575376759.415162
0.13490944602272725,1575376759.799108
0.10883389559659094,1575376760.171133
0.12248712713068174,1575376760.543154
0.11719105113636369,1575376760.9151723
0.13410333806818178,1575376761.299141
0.12969815340909088,1575376761.6711643
0.13325195312499996,1575376762.0431652
0.1253937322443182,1575376762.4152105
0.13336869673295457,1575376762.7991662
0.14026189630681815,1575376763.17118
0.12247602982954549,1575376763.5432096
0.11614302201704546,1575376763.915243
0.12111017400568173,1575376764.2992013
0.12355158025568186,1575376764.671205
0.12905140269886362,1575376765.0432355
0.11155229048295465,1575376765.4152567
0.11868030894886358,1575376765.7992017
0.11193137428977273,1575376766.1712396
0.11981223366477273,1575376766.5432746
0.11717640269886372,1575376766.9152617
0.12316983309659084,1575376767.2992568
0.12703169389204547,1575376767.6712747
0.1154567649147727,1575376768.0432842
0.11502219460227267,1575376768.415284
0.10872780539772718,1575376768.799281
0.12550781249999995,1575376769.1713066
0.12276145241477272,1575376769.5433068
0.11771706321022726,1575376769.915335
0.11313432173295458,1575376770.2993073
0.11938121448863633,1575376770.671302
0.10409002130681809,1575376771.0433228
0.11809792258522728,1575376771.4153686
0.1156178977272727,1575376771.7993164
0.12052379261363633,1575376772.1713402
0.12576660156250005,1575376772.543361
0.11885875355113631,1575376772.9153595
0.11756081321022727,1575376773.2993274
0.11534756747159092,1575376773.671431
0.12299627130681819,1575376774.0434463
0.11440873579545452,1575376774.4154415
0.11802112926136367,1575376774.7994049
0.10821022727272729,1575376775.1713908
0.1240518465909091,1575376775.5434124
0.11802556818181816,1575376775.9154086
0.14271706321022737,1575376776.2994115
0.14602450284090904,1575376776.6714325
0.1296897194602272,1575376777.0434372
0.14712269176136375,1575376777.4154477
0.1393110795454545,1575376777.7994149
0.12273881392045453,1575376778.1714468
0.12277166193181818,1575376778.543458
0.1285227272727273,1575376778.9154696
0.11811567826704542,1575376779.2994392
0.12923517400568185,1575376779.6714623
0.12023393110795456,1575376780.04349
0.12357333096590904,1575376780.4154744
0.10782270951704545,1575376780.799448
0.11765269886363632,1575376781.1714785
0.11017045454545453,1575376781.5435152
0.1180055930397727,1575376781.915522
0.11979714133522719,1575376782.2994995
0.12621670809659088,1575376782.671511
0.11995117187500003,1575376783.0435028
0.1241730291193182,1575376783.4155374
0.1202152876420454,1575376783.7995226
0.11598632812499995,1575376784.1715386
0.13023126775568186,1575376784.54355
0.1139612926136363,1575376784.9155788
0.14144531249999998,1575376785.2995176
0.12696155894886357,1575376785.6715415
0.13272327769886363,1575376786.0435603
0.12023215553977273,1575376786.4156003
0.12576970880681818,1575376786.799557
0.12454856178977268,1575376787.171586
0.12150834517045452,1575376787.54361
0.1246040482954546,1575376787.9156132
0.1161954012784092,1575376788.2995803
0.12983709161931814,1575376788.6715999
0.11441006747159094,1575376789.0436144
0.12702104048295457,1575376789.4156408
0.10961958451704548,1575376789.7996194
0.12173473011363639,1575376790.1716115
0.11458984375000006,1575376790.5436459
0.13389337713068175,1575376790.9156587
0.12391734730113631,1575376791.299624
0.1469682173295454,1575376791.6716394
0.14876997514204546,1575376792.0436668
0.1100821200284091,1575376792.4156992
0.1152774325284091,1575376792.799647
0.11653542258522728,1575376793.1716826
0.1197767223011363,1575376793.5437076
0.12495916193181822,1575376793.9157043
0.12409845525568186,1575376794.2996898
0.1194149502840909,1575376794.6717103
0.12604048295454554,1575376795.0437107
0.12238947088068176,1575376795.4158099
0.1273668323863637,1575376795.79975
0.1299906782670454,1575376796.171753
0.12277166193181817,1575376796.5437665
0.1317205255681818,1575376796.915766
0.1194997336647727,1575376797.2998488
0.13912464488636356,1575376797.6717298
0.12228027343750002,1575376798.0437558
0.13309392755681818,1575376798.4157805
0.12295632102272733,1575376798.7997332
0.13111372514204545,1575376799.1717725
0.12367098721590906,1575376799.543809
0.12528986150568175,1575376799.9158006
0.12609241832386361,1575376800.2997735
0.1298779296875001,1575376800.671791
0.13033469460227276,1575376801.0438223
0.12116432883522728,1575376801.4158285
0.13335759943181802,1575376801.7998078
0.11945445667613637,1575376802.171837
0.13611505681818184,1575376802.543839
0.12450639204545455,1575376802.9158463
0.1342600319602273,1575376803.2998438
0.12144087357954544,1575376803.6718433
0.12583229758522718,1575376804.0438635
0.11410955255681816,1575376804.4159012
0.13137517755681802,1575376804.7998567
0.12039728338068184,1575376805.171856
0.13206276633522734,1575376805.543883
0.13335582386363642,1575376805.9159274
0.13711514559659088,1575376806.2998655
0.1430397727272726,1575376806.6719048
0.138231534090909,1575376807.0439258
0.14662863991477273,1575376807.415918
0.1288698508522727,1575376807.7998936
0.13438121448863632,1575376808.1719162
0.1183664772727273,1575376808.5439155
0.13199795809659082,1575376808.9159532
0.11958895596590915,1575376809.2999387
0.1309632457386364,1575376809.6719375
0.12390047940340912,1575376810.0439463
0.12939852627840923,1575376810.415971
0.1266827947443182,1575376810.7999382
0.12466042258522729,1575376811.1719513
0.13210182883522728,1575376811.5439856
0.11844327059659086,1575376811.9160163
0.13305619673295446,1575376812.2999694
0.12059525923295453,1575376812.6719797
0.13097966974431818,1575376813.0440068
0.12016024502840902,1575376813.4160225
0.12990101207386362,1575376813.8000188
0.12179021661931813,1575376814.1720278
0.13078702059659097,1575376814.5440145
0.12410333806818176,1575376814.9160357
0.1287127130681819,1575376815.300017
0.12561212713068182,1575376815.6720219
0.1272434303977274,1575376816.0440419
0.1288884943181819,1575376816.416075
0.12001287286931814,1575376816.8001287
0.13658114346590924,1575376817.1721358
0.11880504261363639,1575376817.5441217
0.11539284446022723,1575376817.916126
0.10893599076704545,1575376818.3000822
0.1281574041193182,1575376818.672083
0.11711869673295446,1575376819.044113
0.13283469460227276,1575376819.4160988
0.1380775035511364,1575376819.800078
0.1139777166193182,1575376820.1721091
0.08420276988636366,1575376820.5441267
0.09642267400568182,1575376820.916124
0.08943536931818177,1575376821.3001223
0.0992760120738636,1575376821.672153
0.09527876420454551,1575376822.0441484
0.09329723011363643,1575376822.416165
0.0875550426136364,1575376822.8001413
0.08767888849431824,1575376823.1721377
0.10384898792613635,1575376823.5441632
0.10325550426136361,1575376823.916207
0.11432883522727269,1575376824.3001819
0.0945991654829545,1575376824.672169
0.10839976917613642,1575376825.044202
0.08610617897727277,1575376825.416217
0.10492942116477279,1575376825.8001833
0.08355468750000004,1575376826.1722279
0.08821067116477276,1575376826.544227
0.09418457031249998,1575376826.9162269
0.0964071377840909,1575376827.3003485
0.0828857421875,1575376827.672235
0.09807306463068187,1575376828.0442302
0.09931551846590912,1575376828.4162588
0.08535910866477273,1575376828.8002486
0.10910466974431816,1575376829.172253
0.0975452769886363,1575376829.5442908
0.09915127840909085,1575376829.9162905
0.08774902343750003,1575376830.3002703
0.13445845170454537,1575376830.6722782
0.12245383522727277,1575376831.0443006
0.06051535866477259,1575376831.4163258
0.0628746448863636,1575376831.8002825
0.11579190340909086,1575376832.172305
0.14413707386363633,1575376832.544316
0.15181818181818188,1575376832.9163232
0.160126953125,1575376833.300297
0.061980646306818044,1575376833.6723356
0.07086825284090914,1575376834.0443592
0.11490589488636369,1575376834.4163623
0.16609552556818183,1575376834.800313
0.1623259943181821,1575376835.172366
0.16153142755681807,1575376835.5443668
0.16237615411931838,1575376835.9163806
0.16108886718750007,1575376836.3003745
0.16124289772727268,1575376836.672357
0.1457492897727273,1575376837.0443838
0.1627991832386363,1575376837.4164102
0.15637739701704556,1575376837.8003616
0.16245738636363632,1575376838.1723902
0.1615385298295454,1575376838.5444982
0.15156649502840913,1575376838.9164941
0.1388401100852273,1575376839.300447
0.15883300781250015,1575376839.6724508
0.15289550781249994,1575376840.0444577
0.14480823863636366,1575376840.4164665
0.15736550071022723,1575376840.800436
0.162035245028409,1575376841.1724665
0.15884721235795463,1575376841.5444713
0.1572247869318181,1575376841.9165115
0.16093838778409106,1575376842.3004553
0.15792658025568182,1575376842.6724691
0.14743386008522724,1575376843.04449
0.14135387073863642,1575376843.4165108
0.1287140447443181,1575376843.800498
0.13881525213068163,1575376844.17249
0.15143687855113636,1575376844.5445118
0.15864080255681812,1575376844.9165316
0.16220614346590895,1575376845.3004851
0.14835360440340903,1575376845.6725104
0.1584179687499999,1575376846.044551
0.13577237215909094,1575376846.416547
0.1252152876420456,1575376846.800531
0.1271280184659091,1575376847.1725516
0.1274800248579545,1575376847.5445497
0.12385520241477269,1575376847.916569
0.13658069957386368,1575376848.3005428
0.1510515802556818,1575376848.6725872
0.15722878196022733,1575376849.0445886
0.1457501775568181,1575376849.41663
0.12253639914772725,1575376849.8005714
0.14202725497159088,1575376850.1725764
0.15205610795454536,1575376850.5446057
0.15495205965909087,1575376850.9166367
0.15478204900568185,1575376851.3006039
0.14589488636363632,1575376851.6726232
0.10016690340909083,1575376852.0446513
0.0900572620738637,1575376852.4166305
0.11844637784090901,1575376852.80061
0.14044655539772732,1575376853.1726387
0.14692382812499993,1575376853.5446856
0.12190385298295456,1575376853.9166741
0.10050914417613636,1575376854.3006532
0.10302024147727278,1575376854.6726823
0.12377752130681821,1575376855.0446854
0.1424556107954546,1575376855.4166877
0.13135564630681815,1575376855.8006666
0.09340731534090906,1575376856.1726885
0.10184392755681818,1575376856.544708
0.11985174005681816,1575376856.9167411
0.12755237926136367,1575376857.3006938
0.14465376420454543,1575376857.6726995
0.11180042613636372,1575376858.0447266
0.09232022372159086,1575376858.4167564
0.08959872159090912,1575376858.8007238
0.08815074573863638,1575376859.1727424
0.08883789062500001,1575376859.5447721
0.08909845525568187,1575376859.9167633
0.11860218394886357,1575376860.3008108
0.12253329190340904,1575376860.672825
0.14457297585227277,1575376861.0448146
0.09781383167613637,1575376861.4168222
0.12051091974431823,1575376861.8007767
0.13037997159090906,1575376862.1728015
0.11895419034090916,1575376862.544798
0.09380282315340907,1575376862.9168196
0.09010875355113629,1575376863.3007932
0.09813343394886358,1575376863.672814
0.10363370028409097,1575376864.0448315
0.13021617542613628,1575376864.416856
0.09838467684659091,1575376864.800802
0.09510653409090916,1575376865.1728256
0.09195268110795456,1575376865.5448527
0.11352272727272728,1575376865.9168665
0.0905939275568182,1575376866.3008404
