amperes,timestamp
0.030777254971590905,1574457500.582148
0.03171919389204544,1574457500.9541752
0.03318670099431818,1574457501.3261461
0.05170010653409094,1574457501.7101345
0.043085049715909075,1574457502.082146
0.04626464843749998,1574457502.4541566
0.05165793678977272,1574457502.8261824
0.042006392045454546,1574457503.2101474
0.04349254261363633,1574457503.582171
0.04828613281250003,1574457503.9541812
0.04392400568181817,1574457504.3261795
0.040067027698863625,1574457504.710176
0.03760875355113639,1574457505.0822089
0.04008167613636365,1574457505.4541886
0.03866566051136366,1574457505.826245
0.03978471235795454,1574457506.2101903
0.04022638494318183,1574457506.5822313
0.03437366832386365,1574457506.9542446
0.0375088778409091,1574457507.3262503
0.034995117187499994,1574457507.7102249
0.029791814630681798,1574457508.0822475
0.026562943892045464,1574457508.4542677
0.025280095880681825,1574457508.8262687
0.028349165482954533,1574457509.2102623
0.0323251065340909,1574457509.582272
0.03510253906250002,1574457509.954298
0.033147638494318205,1574457510.3262916
0.02591574928977272,1574457510.7102687
0.02493741122159092,1574457511.0822935
0.027845348011363645,1574457511.4543083
0.028679421164772713,1574457511.8263206
0.035204634232954564,1574457512.2102969
0.03262207031249998,1574457512.582291
0.03470214843750002,1574457512.9543223
0.03373979048295454,1574457513.3263407
0.030023082386363628,1574457513.7103145
0.02994318181818182,1574457514.0823257
0.027834250710227288,1574457514.4543712
0.025113636363636355,1574457514.8264515
0.025138938210227273,1574457515.2103388
0.023495205965909087,1574457515.5823624
0.02644531249999998,1574457515.9544
0.030577947443181815,1574457516.3264067
0.03161487926136363,1574457516.7103648
0.03343306107954545,1574457517.0824103
0.035764382102272736,1574457517.454411
0.03364479758522726,1574457517.8264215
0.03432883522727272,1574457518.2104025
0.03257590553977274,1574457518.5824206
0.028570667613636372,1574457518.9544332
0.03229181463068182,1574457519.3264458
0.029722567471590914,1574457519.710434
0.02586869673295454,1574457520.0824304
0.02290793678977272,1574457520.4544451
0.023875177556818172,1574457520.8264596
0.02349564985795455,1574457521.2105289
0.023191139914772726,1574457521.5825295
0.022573686079545442,1574457521.9545178
0.023208451704545455,1574457522.3265197
0.02468350497159091,1574457522.7104855
0.025527343749999994,1574457523.0824904
0.024737215909090914,1574457523.4545095
0.024955166903409074,1574457523.8265452
0.03116743607954544,1574457524.2104754
0.03052112926136362,1574457524.5825033
0.03063032670454545,1574457524.954522
0.0274920099431818,1574457525.3265443
0.024427823153409092,1574457525.7105236
0.025433682528409076,1574457526.0825214
0.023867631392045445,1574457526.4545398
0.03579012784090907,1574457526.8265743
0.03419833096590909,1574457527.210535
0.03605069247159089,1574457527.5825624
0.040519353693181784,1574457527.9545848
0.02640536221590909,1574457528.3266468
0.02568492542613635,1574457528.7105634
0.029763405539772716,1574457529.0825963
0.02544256036931818,1574457529.4545918
0.025440784801136367,1574457529.826618
0.03490056818181821,1574457530.2105856
0.02690607244318181,1574457530.5825925
0.02431773792613638,1574457530.954628
0.024600941051136388,1574457531.326658
0.024818448153409094,1574457531.7106164
0.028868075284090917,1574457532.0826218
0.024469105113636373,1574457532.454659
0.024633345170454547,1574457532.8266513
0.026398259943181814,1574457533.2106452
0.024025213068181797,1574457533.5826616
0.02868341619318182,1574457533.9546413
0.02558904474431817,1574457534.3266907
0.024189009232954525,1574457534.710661
0.02406116832386362,1574457535.0826757
0.023266157670454545,1574457535.4547083
0.03041459517045454,1574457535.8267038
0.029141512784090905,1574457536.210671
0.024871271306818165,1574457536.5826914
0.023887162642045438,1574457536.954735
0.02602361505681816,1574457537.326712
0.02706276633522726,1574457537.710713
0.0246444424715909,1574457538.0827336
0.02576837713068181,1574457538.4547362
0.024169477982954553,1574457538.826762
0.024999999999999998,1574457539.2107596
0.026477716619318154,1574457539.5827549
0.024079811789772736,1574457539.9547696
0.024459339488636368,1574457540.326777
0.02561079545454545,1574457540.7107522
0.02394176136363637,1574457541.0827973
0.02481045809659093,1574457541.4548273
0.024021218039772717,1574457541.8268173
0.024400301846590915,1574457542.2107875
0.027383256392045446,1574457542.582897
0.026644176136363624,1574457542.95479
0.024455788352272724,1574457543.3269114
0.0238037109375,1574457543.7108557
0.02556019176136362,1574457544.082857
0.02589488636363637,1574457544.454852
0.0246613103693182,1574457544.8268692
0.02354314630681819,1574457545.2108452
0.02546031605113636,1574457545.582841
0.025745294744318185,1574457545.9548743
0.024652876420454543,1574457546.3268957
0.023349609374999986,1574457546.7108445
0.02395019531249999,1574457547.0828722
0.02617409446022723,1574457547.4549024
0.02585271661931817,1574457547.8268964
0.02418368252840909,1574457548.21088
0.024122869318181812,1574457548.5829005
0.025083451704545446,1574457548.955043
0.02622114701704546,1574457549.3269358
0.02436345880681815,1574457549.7109315
0.023423295454545457,1574457550.082898
0.027352627840909065,1574457550.454945
0.023475674715909108,1574457550.826962
0.024913884943181804,1574457551.2109249
0.02395019531249999,1574457551.5829537
0.02361816406249998,1574457551.9549458
0.025905095880681798,1574457552.3269806
0.02332297585227273,1574457552.7109444
0.023371803977272725,1574457553.0829818
0.023765536221590906,1574457553.4550068
0.02494939630681818,1574457553.8270087
0.025569957386363643,1574457554.210991
0.02485751065340909,1574457554.5829663
0.023715820312500004,1574457554.9550035
0.023079723011363646,1574457555.3270593
0.026752041903409067,1574457555.7110152
0.027691317471590905,1574457556.0830216
0.026225142045454564,1574457556.4550242
0.026931374289772714,1574457556.8270462
0.027799183238636355,1574457557.2110384
0.028862304687499982,1574457557.5830624
0.026819513494318173,1574457557.9550636
0.028569779829545457,1574457558.3270776
0.024758522727272733,1574457558.7110407
0.024733664772727267,1574457559.0830686
0.0238778409090909,1574457559.4551485
0.024082475142045447,1574457559.8271003
0.03139160156249999,1574457560.21106
0.023228426846590905,1574457560.5832684
0.023927556818181824,1574457560.955111
0.027017933238636375,1574457561.3271549
0.0300399502840909,1574457561.7111032
0.031674360795454555,1574457562.0831294
0.02828613281249998,1574457562.4551337
0.02853249289772727,1574457562.8271623
0.027912375710227283,1574457563.2111492
0.029112659801136368,1574457563.5831418
0.02933283025568181,1574457563.9551704
0.027243874289772724,1574457564.3271658
0.027748579545454555,1574457564.711138
0.02266779119318183,1574457565.083236
0.024941850142045446,1574457565.4552484
0.02403852982954545,1574457565.8272405
0.024766956676136355,1574457566.2111933
0.0363387784090909,1574457566.583186
0.028602627840909098,1574457566.9552703
0.02633567116477273,1574457567.3272555
0.025540660511363632,1574457567.7112
0.025061700994318196,1574457568.0832136
0.02726606889204545,1574457568.4552293
0.026364524147727282,1574457568.8272421
0.025503817471590896,1574457569.2112453
0.02521218039772727,1574457569.5832043
0.024023437499999998,1574457569.9552624
0.025478959517045437,1574457570.3272998
0.025659179687499995,1574457570.7112465
0.027018377130681795,1574457571.0832782
0.02787642045454543,1574457571.4553058
0.026804865056818193,1574457571.827303
0.027769442471590904,1574457572.2112722
0.028329190340909072,1574457572.5833015
0.027998934659090896,1574457572.9552968
0.02915571732954544,1574457573.3273208
0.028073064630681824,1574457573.7112892
0.027317560369318164,1574457574.0833108
0.02744584517045455,1574457574.455327
0.030122958096590918,1574457574.8273358
0.028219992897727274,1574457575.2113106
0.026706764914772748,1574457575.5833519
0.027594992897727287,1574457575.9553547
0.027263405539772717,1574457576.3273692
0.02729403409090909,1574457576.7113461
0.02801935369318182,1574457577.0833735
0.029615589488636372,1574457577.4553683
0.028267489346590915,1574457577.827407
0.027021484375000005,1574457578.2113776
0.028520507812500012,1574457578.5833771
0.02774946732954546,1574457578.955417
0.027796075994318194,1574457579.3274121
0.027829811789772736,1574457579.7113934
0.029401633522727275,1574457580.0833964
0.02830655184659092,1574457580.4554107
0.0280411044034091,1574457580.8274376
0.028915127840909098,1574457581.2114367
0.028333629261363645,1574457581.5834777
0.0271511008522727,1574457581.9554589
0.028819691051136388,1574457582.327455
0.027741477272727254,1574457582.7114255
0.027975852272727253,1574457583.0834682
0.02774502840909091,1574457583.4554882
0.02959872159090909,1574457583.827499
0.02822753906250001,1574457584.2114606
0.027711292613636366,1574457584.5834672
0.028935990767045457,1574457584.95548
0.028482333096590932,1574457585.3275204
0.02720436789772726,1574457585.7115195
0.028703835227272725,1574457586.0834873
0.029941850142045458,1574457586.455516
0.027993607954545453,1574457586.8276215
0.02733797940340908,1574457587.2115908
0.02980957031250001,1574457587.5835638
0.028379794034090893,1574457587.9555573
0.02731534090909092,1574457588.3275468
0.02854092684659091,1574457588.7115638
0.02786754261363633,1574457589.0835855
0.028689186789772742,1574457589.4555857
0.027858220880681822,1574457589.827598
0.028742453835227274,1574457590.211543
0.029109552556818175,1574457590.5835621
0.028965731534090922,1574457590.9556043
0.02785245028409091,1574457591.3276365
0.02854048295454545,1574457591.7116034
0.029479758522727252,1574457592.0836205
0.03347478693181819,1574457592.4556205
0.030166903409090912,1574457592.8276405
0.03134144176136362,1574457593.2116394
0.03078835227272727,1574457593.5836442
0.02976651278409091,1574457593.955658
0.02833185369318182,1574457594.3276684
0.02859419389204545,1574457594.7116587
0.028050426136363663,1574457595.083662
0.029433593750000004,1574457595.455662
0.02912819602272727,1574457595.8276854
0.027181729403409068,1574457596.2116885
0.02875399502840911,1574457596.5836847
0.028497869318181827,1574457596.9556959
0.028799272017045456,1574457597.32774
0.027953657670454518,1574457597.7116876
0.02992675781249999,1574457598.083696
0.028480557528409084,1574457598.4557128
0.028114346590909098,1574457598.827729
0.028111239346590922,1574457599.211709
0.028305664062500017,1574457599.5837033
0.02730379971590911,1574457599.9557438
0.028706054687499996,1574457600.3277633
0.029231178977272728,1574457600.7117145
0.030067915482954545,1574457601.083752
0.030618785511363624,1574457601.455778
0.029467329545454543,1574457601.8278003
0.030598366477272713,1574457602.2117388
0.029728338068181818,1574457602.5837862
0.029359907670454544,1574457602.9557934
0.03001598011363637,1574457603.3278167
0.029113991477272734,1574457603.7117972
0.027254083806818197,1574457604.0838013
0.030636097301136356,1574457604.4558165
0.030425248579545455,1574457604.8278415
0.029074928977272714,1574457605.2118218
0.030240145596590915,1574457605.5838094
0.030005770596590924,1574457605.9558616
0.03062988281249997,1574457606.3278646
0.02901322798295457,1574457606.7118456
0.029163263494318175,1574457607.0838547
0.030239257812499983,1574457607.455854
0.03054554332386366,1574457607.827884
0.029477982954545453,1574457608.21186
0.02891335227272727,1574457608.5839593
0.029064719460227262,1574457608.9559534
0.03080877130681819,1574457609.3279526
0.029466885653409092,1574457609.7118945
0.028827237215909084,1574457610.0838842
0.030539328835227295,1574457610.4559357
0.02980468749999999,1574457610.8279362
0.028525834517045448,1574457611.2119155
0.030155362215909098,1574457611.5839345
0.02925337357954545,1574457611.955938
0.028897372159090905,1574457612.3279767
0.030249023437499994,1574457612.7119582
0.03171519886363638,1574457613.0839398
0.0293350497159091,1574457613.455954
0.02849165482954545,1574457613.8279707
0.03099343039772727,1574457614.2119522
0.029129971590909094,1574457614.5839903
0.028588423295454548,1574457614.955986
0.030622336647727254,1574457615.327999
0.02936212713068182,1574457615.7119844
0.028049094460227252,1574457616.084019
0.0300204190340909,1574457616.4560282
0.029228959517045437,1574457616.8280487
0.028596857244318184,1574457617.2119937
0.030499822443181817,1574457617.5840287
0.028869850852272744,1574457617.9560513
0.029325727982954547,1574457618.3280587
0.028551580255681833,1574457618.712039
0.03022283380681818,1574457619.0840592
0.02930797230113636,1574457619.4560535
0.029993785511363637,1574457619.8281064
0.03233043323863636,1574457620.2120574
0.030440340909090913,1574457620.5840573
0.029436700994318186,1574457620.9560862
0.030757279829545434,1574457621.3281329
0.03176757812500001,1574457621.7120996
0.02814763849431816,1574457622.0840921
0.03575594815340907,1574457622.4561079
0.0314053622159091,1574457622.8281493
0.029842418323863636,1574457623.2121143
0.029938742897727254,1574457623.5840952
0.031357421875000006,1574457623.9561079
0.0351065340909091,1574457624.3281302
0.02882368607954547,1574457624.7121189
0.031300159801136346,1574457625.0841439
0.031068892045454533,1574457625.4561305
0.0300008877840909,1574457625.8281577
0.029564098011363647,1574457626.2121487
0.029067382812500004,1574457626.5841508
0.031025834517045464,1574457626.9561749
0.028917347301136348,1574457627.3282099
0.03090021306818182,1574457627.712167
0.032017933238636366,1574457628.0841746
0.028992808948863642,1574457628.456171
0.031264204545454546,1574457628.828202
0.030906871448863622,1574457629.2121885
0.02977317116477273,1574457629.584195
0.029771839488636383,1574457629.9562106
0.031835049715909086,1574457630.3283093
0.03658602627840908,1574457630.712261
0.030978781960227266,1574457631.084258
0.030522460937500013,1574457631.4562824
0.03227672230113636,1574457631.828271
0.028742009943181806,1574457632.2122464
0.031056906960227275,1574457632.5842726
0.0295467862215909,1574457632.9562685
0.029464666193181804,1574457633.328309
0.030138938210227253,1574457633.7122447
0.026778231534090917,1574457634.0842748
0.02922363281249999,1574457634.4563043
0.02944335937499999,1574457634.8283248
0.029820223721590922,1574457635.2123003
0.030158913352272734,1574457635.5843015
0.029264470880681813,1574457635.9563107
0.02949529474431819,1574457636.3283486
0.03144042968750002,1574457636.71232
0.03058549360795454,1574457637.0843067
0.029892134232954542,1574457637.4563382
0.02888627485795455,1574457637.8283763
0.0313924893465909,1574457638.2123377
0.02896972656249998,1574457638.5843482
0.029412730823863628,1574457638.9563682
0.030910866477272734,1574457639.3284068
0.03043767755681817,1574457639.7123659
0.029004350142045453,1574457640.0843797
0.028813476562499975,1574457640.456393
0.03224564985795454,1574457640.8284066
0.0286483487215909,1574457641.2123985
0.030769708806818168,1574457641.584386
0.03208584872159091,1574457641.956421
0.029746093749999997,1574457642.3284457
0.03092862215909092,1574457642.7124043
0.0317001065340909,1574457643.08444
0.030752840909090914,1574457643.4564302
0.029322620738636368,1574457643.8284469
0.031097301136363633,1574457644.212438
0.030375088778409085,1574457644.584428
0.028959960937500005,1574457644.9564674
0.030882901278409102,1574457645.3284829
0.031485262784090924,1574457645.712469
0.029270241477272727,1574457646.0844672
0.029059392755681826,1574457646.4564831
0.031009410511363633,1574457646.828526
0.029493963068181816,1574457647.2124736
0.03154829545454544,1574457647.584506
0.030490944602272724,1574457647.9565077
0.02917258522727271,1574457648.328538
0.029122425426136356,1574457648.7125304
0.031487482244318195,1574457649.0845451
0.030566406250000015,1574457649.456536
0.028828568892045468,1574457649.8285606
0.02855291193181817,1574457650.2125654
0.03211825284090909,1574457650.5845516
0.028683860085227286,1574457650.9565687
0.03028187144886363,1574457651.3285692
0.031091086647727285,1574457651.712544
0.03028009588068181,1574457652.0846322
0.03496582031249999,1574457652.4566405
0.03536354758522728,1574457652.828644
0.029591619318181835,1574457653.2125883
0.03421564275568184,1574457653.5846019
0.031282404119318194,1574457653.9566283
0.03134854403409092,1574457654.3286746
0.03053755326704545,1574457654.7125988
0.029039861505681816,1574457655.0846379
0.03384410511363639,1574457655.456619
0.03424849076704547,1574457655.828656
0.029838867187499986,1574457656.2126439
0.029944957386363626,1574457656.5846605
0.027230557528409086,1574457656.956658
0.028635919744318183,1574457657.3287
0.030336914062499998,1574457657.7126343
0.029985795454545466,1574457658.0846646
0.031002752130681828,1574457658.4566932
0.030868696732954524,1574457658.8286943
0.029123313210227274,1574457659.2126746
0.03106400923295456,1574457659.5847123
0.03252219460227276,1574457659.9567003
0.03061789772727273,1574457660.3287182
0.031053799715909085,1574457660.712714
0.03396839488636365,1574457661.0847075
0.029794477982954554,1574457661.4567254
0.029732776988636356,1574457661.828755
0.031349431818181825,1574457662.2127247
0.03248979048295454,1574457662.5847433
0.029612038352272746,1574457662.95677
0.032858220880681833,1574457663.3287623
0.030799893465909084,1574457663.7127552
0.02963201349431816,1574457664.0847785
0.030852272727272725,1574457664.4567785
0.030909978693181815,1574457664.8288295
0.028112571022727274,1574457665.2127876
0.031218483664772707,1574457665.584785
0.030416814630681823,1574457665.9568145
0.02938964843750001,1574457666.3288379
0.03544877485795454,1574457666.7127826
0.032214577414772724,1574457667.084828
0.031291281960227284,1574457667.4568422
0.033143643465909096,1574457667.8288608
0.03312411221590909,1574457668.2128246
0.03227761008522729,1574457668.5848606
0.031438210227272737,1574457668.9568539
0.02908957741477274,1574457669.3288815
0.031132368607954517,1574457669.7128544
0.03158203124999999,1574457670.0848532
0.02853382457386363,1574457670.456887
0.029224964488636363,1574457670.828921
0.032058771306818196,1574457671.2128606
0.028765536221590907,1574457671.584897
0.030945490056818185,1574457671.9569426
0.03125843394886366,1574457672.3289452
0.03178533380681819,1574457672.7129767
0.029247602982954535,1574457673.0849628
0.030901100852272732,1574457673.4569607
0.02957785866477272,1574457673.829053
0.029249378551136355,1574457674.2130108
0.02896617542613637,1574457674.5850062
0.031250887784090894,1574457674.9570072
0.028778409090909094,1574457675.329038
0.03022150213068181,1574457675.71303
0.030183327414772743,1574457676.085004
0.029853071732954553,1574457676.4570148
0.029887695312499987,1574457676.8290465
0.030528675426136336,1574457677.2129831
0.031033380681818174,1574457677.5850224
0.029485973011363648,1574457677.9570527
0.03044167258522728,1574457678.329046
0.030257013494318183,1574457678.7130294
0.029261363636363627,1574457679.0850673
0.028550692471590894,1574457679.4570713
0.03077059659090911,1574457679.8290856
0.027489346590909097,1574457680.2130752
0.029477095170454545,1574457680.585085
0.03122602982954546,1574457680.9571059
0.03004083806818183,1574457681.3291245
0.029575195312500004,1574457681.7131183
0.032690873579545476,1574457682.0851057
0.0312508877840909,1574457682.4571176
0.03800337357954546,1574457682.8291266
0.03162863991477273,1574457683.2130995
0.0326478160511364,1574457683.5851283
0.02936035156249999,1574457683.957133
0.03452325994318179,1574457684.3291655
0.034031871448863625,1574457684.7131326
0.02992276278409092,1574457685.0851333
0.029969371448863625,1574457685.4571505
0.03117009943181817,1574457685.8291914
0.030342240767045454,1574457686.2131574
0.029650656960227284,1574457686.58517
0.030061257102272743,1574457686.9571815
0.03033336292613636,1574457687.329207
0.030055042613636365,1574457687.7131732
0.02969549005681817,1574457688.085212
0.030785245028409087,1574457688.45721
0.029606711647727275,1574457688.8292513
0.0302547940340909,1574457689.2131922
0.028738014914772722,1574457689.5852263
0.029215198863636382,1574457689.957256
0.02951526988636362,1574457690.3292708
0.03063831676136363,1574457690.7132373
0.03191361860795452,1574457691.0852604
0.028452592329545445,1574457691.4572659
0.02954634232954546,1574457691.8292813
0.030702681107954568,1574457692.2132862
0.030054598721590914,1574457692.585262
0.0334073153409091,1574457692.9572804
0.03191095525568182,1574457693.3293195
0.030001331676136375,1574457693.7132678
0.02788263494318182,1574457694.0852885
0.03025435014204546,1574457694.4572775
0.03127574573863636,1574457694.829316
0.028346502130681815,1574457695.2133725
0.030713778409090897,1574457695.5853832
0.03261496803977273,1574457695.9573567
0.02947265625,1574457696.3293686
0.03013183593750001,1574457696.7133281
0.032391246448863625,1574457697.0853496
0.030004438920454554,1574457697.4573617
0.03178799715909091,1574457697.829376
0.02936745383522727,1574457698.2133522
0.030070134943181826,1574457698.5853686
0.029816672585227275,1574457698.9573975
0.03258833451704546,1574457699.3293955
0.030130948153409075,1574457699.7133844
0.029280894886363647,1574457700.085404
0.031794655539772725,1574457700.4574
0.030891779119318185,1574457700.8294387
0.02853204900568183,1574457701.213416
0.030864257812500007,1574457701.585404
0.03142311789772727,1574457701.9574292
0.02887473366477272,1574457702.329477
0.03203879616477273,1574457702.7134178
0.03155939275568183,1574457703.085449
0.030011097301136373,1574457703.457467
0.030752397017045466,1574457703.8294759
0.030440784801136368,1574457704.2134554
0.030219726562500014,1574457704.585487
0.030771484375000012,1574457704.9574733
0.03044256036931819,1574457705.3295088
0.029820223721590912,1574457705.7134776
0.029583185369318192,1574457706.0854785
0.031679687500000005,1574457706.4575157
0.029899680397727273,1574457706.8295496
0.029724786931818195,1574457707.2134917
0.03255814985795454,1574457707.5855033
0.02997869318181819,1574457707.9575393
0.02891290838068182,1574457708.329598
0.02987837357954546,1574457708.71352
0.03065296519886366,1574457709.0855644
0.029314186789772725,1574457709.4575307
0.029591619318181817,1574457709.8296244
0.02873757102272725,1574457710.213571
0.02967373934659092,1574457710.5855815
0.028574218750000022,1574457710.9575748
0.030104758522727267,1574457711.3295937
0.03101207386363637,1574457711.7135642
0.029119318181818184,1574457712.085613
0.029612926136363647,1574457712.4576325
0.030719992897727273,1574457712.8296127
0.03761985085227277,1574457713.213591
0.03142134232954546,1574457713.5856042
0.031036044034090896,1574457713.9576025
0.03524547230113638,1574457714.3296397
0.03340420809659091,1574457714.7135894
0.029839754971590894,1574457715.0856233
0.03252263849431818,1574457715.457643
0.031249556107954574,1574457715.8296602
0.02953435724431818,1574457716.2136226
0.03086425781249999,1574457716.5856516
0.02879350142045455,1574457716.9577484
0.028838778409090906,1574457717.3297462
0.031807972301136384,1574457717.713702
0.030695578835227288,1574457718.0856955
0.030302290482954543,1574457718.4576948
0.029406960227272738,1574457718.8297133
0.029846413352272727,1574457719.2137246
0.030826083096590913,1574457719.5857115
0.030138494318181823,1574457719.9577248
0.03201793323863635,1574457720.3297253
0.027991832386363637,1574457720.713731
0.029944513494318186,1574457721.0857503
0.02939142400568181,1574457721.457751
0.030824307528409103,1574457721.8297582
0.030843394886363652,1574457722.2137234
0.029569868607954557,1574457722.5857303
0.03104092684659091,1574457722.9577672
0.030234375000000004,1574457723.3297815
0.03088512073863636,1574457723.7137547
0.031193181818181818,1574457724.0857816
0.02894753196022729,1574457724.4578133
0.029586736505681818,1574457724.829803
0.029763405539772733,1574457725.2137892
0.029537464488636367,1574457725.5858111
0.029278231534090923,1574457725.957824
0.02899103338068183,1574457726.3298404
0.029716796874999993,1574457726.7138135
0.02882146661931819,1574457727.0858257
0.02770818536931817,1574457727.4578476
0.03195578835227274,1574457727.8298633
0.030820312499999992,1574457728.2138233
0.029973810369318194,1574457728.5858629
0.0294793146306818,1574457728.9578874
0.031594016335227265,1574457729.3298934
0.030064808238636356,1574457729.7138557
0.029815784801136364,1574457730.0858703
0.030953036221590884,1574457730.4578764
0.03081099076704546,1574457730.829907
0.028954190340909097,1574457731.213871
0.029801136363636356,1574457731.5858963
0.0314950284090909,1574457731.9579163
0.02878417968749998,1574457732.329925
0.03132191051136363,1574457732.713936
0.028444602272727278,1574457733.085932
0.0295556640625,1574457733.4579484
0.02914994673295452,1574457733.8299725
0.02996759588068183,1574457734.2139354
0.03301802201704547,1574457734.5859663
0.028678089488636354,1574457734.957971
0.031283735795454536,1574457735.3300033
0.03270285866477272,1574457735.7139435
0.029632901278409087,1574457736.0859811
0.03227228338068183,1574457736.4579916
0.030978781960227283,1574457736.830025
0.029558327414772753,1574457737.2139843
0.03099076704545453,1574457737.5860136
0.030337801846590923,1574457737.958026
0.030212624289772717,1574457738.3300598
0.02954279119318183,1574457738.714071
0.0296280184659091,1574457739.086072
0.03059703480113636,1574457739.4581037
0.029115767045454547,1574457739.830088
0.029985351562499988,1574457740.2140353
0.031364080255681805,1574457740.586071
0.03005770596590908,1574457740.9580927
0.030893554687500015,1574457741.3301039
0.030356001420454557,1574457741.7140632
0.029690607244318195,1574457742.086059
0.030490944602272727,1574457742.4580936
0.02895330255681818,1574457742.8301141
0.030609907670454538,1574457743.2140744
0.029779829545454554,1574457743.5861003
0.034057173295454525,1574457743.958129
0.03376953125,1574457744.3301396
0.030161576704545456,1574457744.7140958
0.02958939985795456,1574457745.0861316
0.031010298295454534,1574457745.4581285
0.034949840198863664,1574457745.8301675
0.0313503196022727,1574457746.2141309
0.030801225142045464,1574457746.5861614
0.031226029829545462,1574457746.9581559
0.029780717329545445,1574457747.3302073
0.03213201349431817,1574457747.7141488
0.03215332031250001,1574457748.0861762
0.030282759232954558,1574457748.4582047
0.029715909090909105,1574457748.8302047
0.03307750355113635,1574457749.214183
0.030351562500000023,1574457749.5861995
0.02896351207386362,1574457749.9581997
0.0304012784090909,1574457750.3302414
0.030196200284090903,1574457750.7142184
0.029414950284090885,1574457751.0862038
0.030436345880681805,1574457751.458251
0.029158380681818176,1574457751.8302677
0.02954900568181819,1574457752.2142231
0.030521573153409084,1574457752.5862474
0.030935280539772732,1574457752.9582732
0.02981489701704543,1574457753.33029
0.02999556107954549,1574457753.7142587
0.03679776278409091,1574457754.08629
0.031308593750000016,1574457754.4582913
0.029906782670454535,1574457754.8303123
0.029596946022727284,1574457755.2143064
0.03171253551136364,1574457755.586284
0.03119096235795453,1574457755.9583292
0.03000488281250002,1574457756.3303473
0.03145108309659089,1574457756.7142835
0.03060768821022726,1574457757.086336
0.02889825994318181,1574457757.458364
0.030046164772727275,1574457757.8303618
0.029043856534090914,1574457758.2143326
0.02925870028409088,1574457758.58637
0.030342684659090905,1574457758.9583614
0.030023970170454554,1574457759.3303854
0.029947620738636375,1574457759.7143784
0.029316850142045464,1574457760.0863714
0.029970703124999984,1574457760.4584827
0.030668501420454533,1574457760.830475
0.028624822443181833,1574457761.2144177
0.030063920454545468,1574457761.5864055
0.030688920454545444,1574457761.9584408
0.029697265624999997,1574457762.3304486
0.03102627840909094,1574457762.7144017
0.030835848721590908,1574457763.0864177
0.030085227272727277,1574457763.458451
0.029032315340909096,1574457763.830469
0.031858575994318176,1574457764.2144248
0.03035777698863636,1574457764.5864723
0.029795809659090917,1574457764.9584785
0.029896129261363636,1574457765.330504
0.029737659801136372,1574457765.714464
0.029139737215909116,1574457766.0864847
0.03174138849431817,1574457766.4585018
0.030530450994318187,1574457766.8305302
0.029500177556818188,1574457767.2144954
0.02946022727272727,1574457767.586502
0.030963245738636364,1574457767.9585204
0.030723987926136363,1574457768.3305247
0.02914151278409092,1574457768.7145088
0.029022105823863626,1574457769.0865235
0.03184747869318182,1574457769.458533
0.028816139914772724,1574457769.8305628
0.029231622869318182,1574457770.2145412
0.0317009943181818,1574457770.5865371
0.029857066761363644,1574457770.9585836
0.029952059659090924,1574457771.3305962
0.02953036221590908,1574457771.7145495
0.032792524857954565,1574457772.086569
0.0289590731534091,1574457772.4585996
0.031195845170454563,1574457772.8306313
0.03165926846590909,1574457773.2145863
0.02972079190340909,1574457773.5866268
0.03003417968749998,1574457773.9586413
0.03039506392045455,1574457774.3306468
0.02989035866477272,1574457774.7146113
0.030187766335227264,1574457775.0866408
0.040903764204545445,1574457775.4586606
0.03750221946022728,1574457775.830661
0.03025745738636364,1574457776.2146518
0.03138982599431819,1574457776.5866475
0.035601029829545466,1574457776.9586651
0.03062189275568185,1574457777.3306823
0.030682705965909086,1574457777.7146635
0.02849298650568183,1574457778.0866838
0.029599165482954538,1574457778.4586864
0.029743874289772747,1574457778.8307118
0.03021040482954544,1574457779.2147014
0.0326056463068182,1574457779.58669
0.02919522372159091,1574457779.9587183
0.03150967684659092,1574457780.3307533
0.030591264204545457,1574457780.7147007
0.029627130681818173,1574457781.0867321
0.03024547230113636,1574457781.458831
0.032144886363636355,1574457781.830847
0.030006658380681825,1574457782.2148013
0.029221413352272733,1574457782.5867982
0.030268110795454523,1574457782.9588225
0.030624112215909074,1574457783.3307958
0.02912198153409093,1574457783.7147863
0.02992942116477275,1574457784.0867844
0.031004527698863648,1574457784.4587982
0.030883345170454546,1574457784.8308303
0.03110218394886364,1574457785.2147923
0.030242808948863643,1574457785.5868132
0.030163796164772726,1574457785.958847
0.029186789772727265,1574457786.3308325
0.03296120383522725,1574457786.7148287
0.030200195312499994,1574457787.0868485
0.028880060369318186,1574457787.4588444
0.033464577414772725,1574457787.8308764
0.029570312500000022,1574457788.2148657
0.029660422585227268,1574457788.5868516
0.0308797940340909,1574457788.958879
0.033105024857954544,1574457789.3309097
0.047612304687499975,1574457789.7148743
0.04611106178977274,1574457790.0868955
0.037349964488636346,1574457790.4588883
0.04203702059659089,1574457790.8308947
0.0421661931818182,1574457791.2148952
0.032716619318181824,1574457791.5869079
0.0406689453125,1574457791.95891
0.044762517755681824,1574457792.3309493
0.03602627840909091,1574457792.7149262
0.034368341619318156,1574457793.0869184
0.030265891335227283,1574457793.4589617
0.03517178622159093,1574457793.8309715
0.03473810369318186,1574457794.214935
0.0340283203125,1574457794.5869572
0.028710937500000002,1574457794.9589748
0.029430486505681804,1574457795.3309798
0.028906693892045435,1574457795.7149765
0.03557217684659092,1574457796.0869925
0.03054953835227272,1574457796.4589791
0.03082874644886366,1574457796.8310351
0.030826970880681835,1574457797.2150097
0.03653275923295454,1574457797.5870001
0.032171075994318205,1574457797.9590416
0.03061656605113635,1574457798.331018
0.03057173295454545,1574457798.7150235
0.04054598721590911,1574457799.0870304
0.03804287997159092,1574457799.45905
0.03190562855113638,1574457799.8310657
0.03061479048295455,1574457800.215036
0.031872336647727276,1574457800.5870638
0.03521129261363635,1574457800.9590673
0.03880770596590906,1574457801.3310997
0.04066006747159093,1574457801.7150838
0.028224431818181822,1574457802.0870807
0.029966264204545463,1574457802.459101
0.02989923650568182,1574457802.831114
0.03522194602272726,1574457803.2150774
0.04682705965909092,1574457803.5871732
0.03800470525568181,1574457803.959167
0.032138671875,1574457804.3311946
0.033711381392045464,1574457804.715175
0.03028409090909091,1574457805.087142
0.03842684659090909,1574457805.4591486
0.03568892045454544,1574457805.831181
0.03265314275568181,1574457806.2151372
0.03272904829545456,1574457806.5871696
0.03900124289772729,1574457806.9591606
0.03547230113636366,1574457807.3311877
0.03228870738636364,1574457807.715168
0.03364612926136366,1574457808.0872047
0.03719992897727274,1574457808.4591992
0.031068892045454547,1574457808.8312144
0.031197176846590936,1574457809.2151935
0.032824041193181816,1574457809.5872097
0.0316290838068182,1574457809.9592252
0.031947798295454556,1574457810.331254
0.030638760653409074,1574457810.7152107
0.033345170454545485,1574457811.0872242
0.031215376420454542,1574457811.4592338
0.031063565340909118,1574457811.8312495
0.03261851917613635,1574457812.2152424
0.030688476562499987,1574457812.587239
0.03275834517045457,1574457812.9592726
