amperes,timestamp
0.030676935369318183,1574458472.5984297
0.030331587357954562,1574458472.9704268
0.029399857954545465,1574458473.3424253
0.03166237571022726,1574458473.7263975
0.05115234374999999,1574458474.0983763
0.03981445312499996,1574458474.470407
0.041110174005681815,1574458474.8424048
0.04974121093749999,1574458475.226391
0.04026988636363637,1574458475.598395
0.03747159090909092,1574458475.970411
0.046180308948863644,1574458476.3424468
0.03789151278409095,1574458476.726407
0.03936390269886365,1574458477.0984292
0.033069069602272703,1574458477.4704573
0.039057617187499984,1574458477.8424473
0.04125000000000004,1574458478.2264292
0.03852805397727274,1574458478.5984643
0.03693847656249998,1574458478.9704607
0.030665838068181826,1574458479.342489
0.03244806463068181,1574458479.726472
0.030552645596590912,1574458480.0984662
0.03517134232954547,1574458480.4704893
0.033606178977272715,1574458480.8425179
0.037290039062500016,1574458481.2264783
0.030670276988636374,1574458481.5985034
0.029580965909090932,1574458481.9705424
0.029208984375,1574458482.3425221
0.03648703835227271,1574458482.7265263
0.04051447088068182,1574458483.0985785
0.03904918323863635,1574458483.4705307
0.037887073863636364,1574458483.842569
0.03484552556818179,1574458484.2265415
0.03173517400568181,1574458484.5985384
0.030014648437499993,1574458484.9705844
0.03052112926136365,1574458485.3425999
0.03114257812500001,1574458485.7265463
0.03991566051136363,1574458486.098578
0.03724165482954543,1574458486.4705977
0.04214177911931818,1574458486.8425987
0.042921697443181805,1574458487.22658
0.04457386363636366,1574458487.5986161
0.04156605113636363,1574458487.9706125
0.04203302556818182,1574458488.3426445
0.025739968039772722,1574458488.7266173
0.024612482244318175,1574458489.0986197
0.0248330965909091,1574458489.4706397
0.023400213068181817,1574458489.8426673
0.022844016335227254,1574458490.2266133
0.021920720880681817,1574458490.5986552
0.021243785511363637,1574458490.9706786
0.021215376420454547,1574458491.3426695
0.02095259232954545,1574458491.7266595
0.021897638494318174,1574458492.0986805
0.022674893465909094,1574458492.4706857
0.02771351207386362,1574458492.8427112
0.027832919034090894,1574458493.2266896
0.028511186079545447,1574458493.5986958
0.038700727982954555,1574458493.9707172
0.04439453125,1574458494.342806
0.03286532315340908,1574458494.726773
0.03264426491477274,1574458495.0987585
0.028591530539772727,1574458495.4707687
0.027366832386363636,1574458495.8427699
0.038655007102272744,1574458496.2267454
0.040916193181818154,1574458496.598769
0.044469992897727274,1574458496.9707744
0.03841264204545454,1574458497.342792
0.027692205255681814,1574458497.726747
0.029417169744318197,1574458498.0987842
0.0375665838068182,1574458498.4708073
0.031000976562500008,1574458498.8428268
0.035175781249999996,1574458499.22679
0.030085671164772725,1574458499.598829
0.030074129971590893,1574458499.970831
0.028305220170454552,1574458500.3428278
0.030209960937500002,1574458500.7268312
0.02845925071022728,1574458501.0988367
0.027369495738636368,1574458501.4708622
0.026902965198863624,1574458501.8428707
0.029308416193181818,1574458502.2268398
0.03244939630681817,1574458502.5988557
0.02723721590909091,1574458502.9708836
0.027471590909090918,1574458503.3428757
0.028175159801136378,1574458503.7268674
0.028904030539772724,1574458504.0988982
0.028201349431818182,1574458504.4708917
0.027467151988636383,1574458504.842941
0.03010786576704545,1574458505.2268975
0.02827681107954545,1574458505.5988982
0.02677468039772726,1574458505.970913
0.02886141690340909,1574458506.3429487
0.02820667613636364,1574458506.7269073
0.027534179687499983,1574458507.0989285
0.026372070312500002,1574458507.470961
0.026913618607954555,1574458507.842963
0.029744762073863628,1574458508.226951
0.030083007812499986,1574458508.598968
0.027452503551136365,1574458508.9709723
0.02714577414772726,1574458509.34299
0.03177068536931817,1574458509.7269752
0.02790882457386364,1574458510.098983
0.027241210937499993,1574458510.471001
0.029230291193181802,1574458510.84304
0.028872958096590906,1574458511.226985
0.02792658025568181,1574458511.5990028
0.02662908380681819,1574458511.9710324
0.030907315340909076,1574458512.3430336
0.027040571732954544,1574458512.7270174
0.02768022017045454,1574458513.099034
0.026464843749999974,1574458513.4710412
0.027263849431818164,1574458513.8430643
0.029560990767045468,1574458514.2270422
0.02842862215909088,1574458514.5990486
0.027060990767045455,1574458514.9710815
0.028405983664772733,1574458515.3431082
0.030025301846590902,1574458515.7270484
0.02841086647727273,1574458516.0991416
0.028172052556818178,1574458516.4711459
0.031321910511363654,1574458516.8431466
0.027295809659090904,1574458517.2271008
0.02713512073863636,1574458517.599128
0.02714000355113636,1574458517.971124
0.028707830255681806,1574458518.3431964
0.028739790482954525,1574458518.7271066
0.02682661576704544,1574458519.0991354
0.027834250710227288,1574458519.4711637
0.02792746803977273,1574458519.8431733
0.027703746448863635,1574458520.2271364
0.026821732954545457,1574458520.5991583
0.028026455965909105,1574458520.971183
0.025897549715909084,1574458521.3431885
0.02765003551136363,1574458521.727172
0.026772904829545457,1574458522.0991688
0.028680752840909107,1574458522.4711978
0.027647372159090924,1574458522.8432302
0.02641157670454543,1574458523.2271845
0.027071644176136365,1574458523.5992122
0.026749822443181824,1574458523.9712331
0.02777965198863637,1574458524.3432355
0.027668235085227276,1574458524.7272253
0.02780229048295456,1574458525.0992422
0.025636097301136366,1574458525.471251
0.027597212357954534,1574458525.843271
0.027184392755681807,1574458526.2272513
0.02811967329545455,1574458526.5992496
0.026630415482954535,1574458526.9712799
0.02767977627840911,1574458527.343303
0.027444513494318167,1574458527.727252
0.029960049715909102,1574458528.0992863
0.028098810369318168,1574458528.4713054
0.029371892755681816,1574458528.8433094
0.034284889914772756,1574458529.2272933
0.030611239346590918,1574458529.5993404
0.028081942471590907,1574458529.971314
0.026863458806818192,1574458530.3433383
0.026403586647727267,1574458530.7273264
0.031084872159090924,1574458531.099335
0.029838867187500007,1574458531.4713616
0.028688299005681817,1574458531.8433757
0.028591530539772723,1574458532.2273343
0.035585937500000005,1574458532.5993567
0.029398970170454553,1574458532.9713862
0.03118696732954546,1574458533.343403
0.028553799715909076,1574458533.727372
0.029810458096590903,1574458534.0993853
0.026984641335227256,1574458534.4713948
0.027534179687500007,1574458534.8434343
0.02726606889204545,1574458535.2274082
0.026139914772727278,1574458535.5994403
0.028215553977272757,1574458535.971438
0.027598987926136385,1574458536.3434675
0.026864790482954544,1574458536.7274194
0.027835582386363633,1574458537.099449
0.02860351562499999,1574458537.4715354
0.02785245028409092,1574458537.8435287
0.027753018465909093,1574458538.227474
0.03129261363636361,1574458538.5994844
0.029467773437500004,1574458538.971478
0.027080522017045448,1574458539.3435056
0.027985617897727248,1574458539.7274928
0.028702059659090902,1574458540.0995116
0.027587002840909078,1574458540.4715345
0.02724343039772726,1574458540.843536
0.026824396306818186,1574458541.2275035
0.02777077414772725,1574458541.5995243
0.027153320312500007,1574458541.9715283
0.026814630681818198,1574458542.343556
0.028316317471590913,1574458542.7275302
0.027853781960227253,1574458543.099542
0.026872336647727268,1574458543.4715648
0.02899414062500001,1574458543.8435638
0.027559481534090907,1574458544.227543
0.028295898437500015,1574458544.5995696
0.027424094460227286,1574458544.9715674
0.028190696022727276,1574458545.3435874
0.02768998579545455,1574458545.7275746
0.0269881924715909,1574458546.0995827
0.028531161221590894,1574458546.4716012
0.028164506392045447,1574458546.843631
0.02750577059659091,1574458547.2275906
0.02736239346590909,1574458547.5996196
0.02828080610795455,1574458547.9716456
0.027803178267045463,1574458548.3436522
0.02700683593749998,1574458548.7276287
0.028581321022727278,1574458549.0996573
0.029159712357954528,1574458549.4716694
0.02798428622159091,1574458549.843668
0.027189275568181803,1574458550.2276578
0.027552823153409074,1574458550.5996742
0.027614524147727266,1574458550.9716835
0.026106622869318197,1574458551.3437023
0.026479492187499995,1574458551.72768
0.029227183948863623,1574458552.0996904
0.027385475852272734,1574458552.4717143
0.02699129971590908,1574458552.8437169
0.02780539772727272,1574458553.2277002
0.027033025568181834,1574458553.5997264
0.027120916193181813,1574458553.9717338
0.027836026278409084,1574458554.3437479
0.028431729403409073,1574458554.727728
0.027751686789772727,1574458555.099734
0.02607688210227272,1574458555.4717538
0.027642489346590908,1574458555.8437853
0.028280362215909093,1574458556.2277346
0.027359730113636356,1574458556.5997634
0.02680708451704546,1574458556.9718273
0.02530495383522727,1574458557.3438067
0.027225674715909066,1574458557.7277648
0.02730246803977272,1574458558.0998075
0.027182173295454547,1574458558.471827
0.023189808238636363,1574458558.8439298
0.02658380681818181,1574458559.227853
0.036747602982954534,1574458559.5998664
0.028205788352272762,1574458559.9718597
0.027206143465909088,1574458560.3438733
0.03104891690340911,1574458560.7278461
0.029233398437500016,1574458561.0998514
0.028543146306818184,1574458561.471913
0.027646928267045446,1574458561.8438787
0.027564808238636374,1574458562.2278419
0.026809303977272724,1574458562.599894
0.02768776633522726,1574458562.9718788
0.02738148082386363,1574458563.3438978
0.027724609374999994,1574458563.7278848
0.026183860085227245,1574458564.0998812
0.02787775213068183,1574458564.4719105
0.02919167258522728,1574458564.8439324
0.02693093039772726,1574458565.2278867
0.026717862215909084,1574458565.5999203
0.02701793323863636,1574458565.971946
0.027535955255681796,1574458566.3439424
0.026452414772727275,1574458566.727933
0.027052556818181812,1574458567.0999584
0.02821732954545455,1574458567.4719622
0.027685546874999998,1574458567.843973
0.026609996448863634,1574458568.2279644
0.02831232244318183,1574458568.599956
0.0272891512784091,1574458568.97198
0.02705033735795456,1574458569.3440096
0.029786044034090905,1574458569.727968
0.02681596235795455,1574458570.0999904
0.02740012428977273,1574458570.471998
0.026296164772727268,1574458570.8440244
0.02657137784090909,1574458571.2279985
0.028518732244318168,1574458571.6000361
0.03194957386363636,1574458571.972039
0.027163085937499984,1574458572.344057
0.027767223011363626,1574458572.728048
0.02763494318181821,1574458573.1000345
0.026977095170454546,1574458573.4720662
0.02659446022727273,1574458573.844089
0.02742542613636361,1574458574.2280474
0.028265269886363645,1574458574.6000712
0.0275155362215909,1574458574.9720883
0.026043146306818175,1574458575.3441148
0.028447709517045436,1574458575.7280707
0.0278857421875,1574458576.1001458
0.02665172230113636,1574458576.4721093
0.027354847301136367,1574458576.8441656
0.02803311434659091,1574458577.228137
0.027305575284090916,1574458577.6001375
0.027525745738636365,1574458577.9721663
0.028773082386363637,1574458578.3441675
0.0275275213068182,1574458578.7281206
0.026118164062500004,1574458579.1001737
0.028017134232954554,1574458579.4721909
0.028541814630681808,1574458579.8441794
0.027668235085227262,1574458580.228179
0.02782670454545455,1574458580.6002767
0.02901278409090911,1574458580.9722617
0.027237215909090905,1574458581.3442574
0.026170543323863628,1574458581.7282262
0.027448508522727268,1574458582.100233
0.028759765625,1574458582.4722514
0.02723544034090907,1574458582.8442845
0.027094282670454564,1574458583.2282214
0.02633522727272726,1574458583.6002522
0.027095170454545445,1574458583.97227
0.02619850852272728,1574458584.3442962
0.02810901988636364,1574458584.7282681
0.02714266690340907,1574458585.1002567
0.028252840909090915,1574458585.4722886
0.026977982954545447,1574458585.844314
0.028008700284090908,1574458586.2282994
0.026717862215909088,1574458586.6003046
0.02806729403409088,1574458586.9723163
0.027780983664772718,1574458587.3443224
0.03095880681818183,1574458587.7282972
0.028016690340909083,1574458588.1003344
0.026627752130681817,1574458588.4723504
0.027301580255681804,1574458588.8443635
0.02792835582386364,1574458589.2283328
0.030173561789772735,1574458589.6003413
0.026951793323863642,1574458589.9723682
0.034738103693181824,1574458590.3443651
0.027106711647727252,1574458590.7283576
0.02796209161931818,1574458591.1003623
0.030046608664772732,1574458591.4724033
0.029379882812499997,1574458591.8444135
0.028424183238636366,1574458592.2284012
0.028951970880681816,1574458592.60042
0.02814541903409093,1574458592.9724004
0.027745028409090912,1574458593.3444417
0.027017489346590918,1574458593.728421
0.03037642045454547,1574458594.1004179
0.027227450284090907,1574458594.472458
0.029234730113636354,1574458594.8444939
0.030239257812499965,1574458595.2284229
0.029223188920454536,1574458595.600444
0.027663796164772724,1574458595.9724844
0.028660333806818164,1574458596.3444843
0.030632546164772727,1574458596.7284713
0.02847567471590909,1574458597.100505
0.029402077414772725,1574458597.4724908
0.030471413352272728,1574458597.8445153
0.028684747869318173,1574458598.2284687
0.02792391690340909,1574458598.600484
0.028880948153409105,1574458598.972524
0.030921963778409084,1574458599.3445227
0.02817027698863637,1574458599.7285094
0.029361683238636364,1574458600.1005192
0.027192382812500006,1574458600.4725492
0.02857732599431817,1574458600.8445559
0.02833451704545455,1574458601.2285304
0.028972833806818202,1574458601.6005588
0.028875177556818187,1574458601.9725595
0.02872913707386363,1574458602.3446562
0.028208007812499977,1574458602.7286057
0.02843350497159089,1574458603.1006117
0.028540926846590924,1574458603.4726188
0.02844282670454544,1574458603.8446171
0.02811967329545456,1574458604.22859
0.027547052556818177,1574458604.6005986
0.027256303267045444,1574458604.9726167
0.02746715198863636,1574458605.344647
0.03144841974431819,1574458605.7286184
0.028892933238636356,1574458606.1006086
0.029164151278409094,1574458606.4726427
0.028156516335227276,1574458606.8446693
0.028711381392045453,1574458607.2286313
0.027947887073863618,1574458607.6006637
0.02892755681818182,1574458607.972678
0.02783069957386363,1574458608.3446803
0.02839355468749999,1574458608.7286515
0.028450372869318185,1574458609.100684
0.030730646306818196,1574458609.472693
0.028662997159090934,1574458609.8447292
0.029205877130681828,1574458610.228701
0.03017089843749998,1574458610.600699
0.029435813210227254,1574458610.9727213
0.028184037642045467,1574458611.344761
0.0293181818181818,1574458611.7286959
0.030422141335227255,1574458612.1007288
0.027204811789772715,1574458612.4727654
0.028994584517045452,1574458612.8447576
0.029454456676136352,1574458613.2287362
0.028707386363636386,1574458613.6007707
0.028517844460227284,1574458613.9727657
0.03014648437500001,1574458614.344776
0.029939630681818184,1574458614.7287667
0.02821821732954543,1574458615.1007645
0.02855513139204545,1574458615.47279
0.030270330255681818,1574458615.8448262
0.029707475142045456,1574458616.228783
0.030464311079545444,1574458616.6008205
0.029705699573863625,1574458616.9728189
0.02875133167613635,1574458617.3448343
0.02830211292613636,1574458617.7288206
0.030061700994318187,1574458618.1008098
0.029750532670454542,1574458618.4728398
0.027421874999999988,1574458618.8448684
0.027974520596590897,1574458619.2288322
0.025578391335227272,1574458619.600839
0.028925337357954543,1574458619.972869
0.029062943892045442,1574458620.3448982
0.03612127130681816,1574458620.728845
0.031407581676136366,1574458621.100868
0.031237127130681816,1574458621.472879
0.031963778409090926,1574458621.844905
0.0297314453125,1574458622.228878
0.02896040482954545,1574458622.600905
0.02838423295454546,1574458622.972904
0.02818670099431817,1574458623.3449473
0.02980779474431818,1574458623.7289913
0.029525923295454552,1574458624.1009734
0.027723721590909103,1574458624.4729698
0.029346147017045424,1574458624.8449829
0.02981578480113637,1574458625.2289443
0.028579101562499987,1574458625.60098
0.02867453835227271,1574458625.9729762
0.030836292613636365,1574458626.3449826
0.029652876420454534,1574458626.7289457
0.027075195312499994,1574458627.1009877
0.029430486505681804,1574458627.4729974
0.029268909801136358,1574458627.8450325
0.02825594815340909,1574458628.228987
0.02841796874999999,1574458628.6010258
0.030275656960227274,1574458628.9730582
0.029522372159090912,1574458629.345043
0.02788130326704546,1574458629.729002
0.028790838068181814,1574458630.101064
0.0304541015625,1574458630.4730601
0.027515980113636367,1574458630.8450747
0.02997381036931816,1574458631.2290447
0.029952947443181836,1574458631.6010582
0.02858398437499999,1574458631.9730792
0.02810102982954548,1574458632.3450978
0.028169833096590918,1574458632.729071
0.02734197443181817,1574458633.1010725
0.027725941051136363,1574458633.4730792
0.027840465198863636,1574458633.8451102
0.02981090198863637,1574458634.2290986
0.02980779474431818,1574458634.601106
0.029063387784090896,1574458634.973125
0.028371360085227247,1574458635.3451438
0.03115767045454546,1574458635.7291138
0.030256125710227285,1574458636.1011171
0.028060635653409084,1574458636.473165
0.02871759588068181,1574458636.8451843
0.031034268465909093,1574458637.2291334
0.027871537642045446,1574458637.6011753
0.02914106889204546,1574458637.9731855
0.02839266690340909,1574458638.3451967
0.028787730823863645,1574458638.7291765
0.02831809303977272,1574458639.1011791
0.027282492897727273,1574458639.4732084
0.03155717329545452,1574458639.8452165
0.027582120028409065,1574458640.2291994
0.028317205255681814,1574458640.6012068
0.030452325994318175,1574458640.9732416
0.028974165482954548,1574458641.3452444
0.028350941051136364,1574458641.729203
0.028354048295454553,1574458642.1012518
0.03092196377840909,1574458642.4732528
0.027523970170454534,1574458642.8452628
0.0292693536931818,1574458643.2292497
0.029004794034090908,1574458643.6012516
0.028419744318181825,1574458643.9732904
0.028297674005681814,1574458644.3453038
0.02792214133522726,1574458644.7292612
0.028967063210227278,1574458645.101289
0.02807794744318183,1574458645.4733737
0.027906161221590935,1574458645.8453658
0.03118918678977272,1574458646.2293217
0.02881125710227273,1574458646.6013083
0.028328746448863636,1574458646.973348
0.029270241477272713,1574458647.3453581
0.030857599431818174,1574458647.7293365
0.02800381747159088,1574458648.1013255
0.028968394886363637,1574458648.4733372
0.030510031960227276,1574458648.845379
0.028795276988636365,1574458649.2293415
0.028428178267045447,1574458649.6013691
0.02963423295454545,1574458649.9733953
0.03039683948863639,1574458650.3453896
0.027250976562499994,1574458650.7293668
0.03742143110795453,1574458651.1013885
0.03003417968749999,1574458651.473391
0.02870605468750001,1574458651.8454158
0.03242675781249998,1574458652.2294106
0.03126287286931819,1574458652.6014113
0.02746138139204547,1574458652.9734428
0.027414772727272715,1574458653.3454585
0.02815340909090909,1574458653.7294257
0.02855823863636363,1574458654.1014345
0.0306014737215909,1574458654.4734733
0.02857910156250001,1574458654.8454704
0.02838955965909091,1574458655.2294295
0.026655273437500022,1574458655.6014712
0.028675870028409087,1574458655.9734704
0.029599609375000006,1574458656.345515
0.027648259943181812,1574458656.7294734
0.028321200284090922,1574458657.1014955
0.029504616477272722,1574458657.4734945
0.02766912286931817,1574458657.8455062
0.02774192116477273,1574458658.2294817
0.028548916903409095,1574458658.6015148
0.02838911576704544,1574458658.9735327
0.027902166193181834,1574458659.3455405
0.028516956676136365,1574458659.7295272
0.030763494318181806,1574458660.1015563
0.028362038352272707,1574458660.4735763
0.028158735795454533,1574458660.8455791
0.029038085937500003,1574458661.2295556
0.02874289772727272,1574458661.6015704
0.02742143110795455,1574458661.9735775
0.029361239346590923,1574458662.345612
0.029948952414772717,1574458662.7295685
0.03033780184659091,1574458663.101598
0.028191583806818184,1574458663.4736252
0.02877086292613637,1574458663.8456323
0.02926669034090909,1574458664.2295983
0.027357954545454536,1574458664.601626
0.03010919744318183,1574458664.9736307
0.02911709872159092,1574458665.34565
0.028065074573863646,1574458665.7296379
0.028303000710227285,1574458666.10163
0.030332475142045467,1574458666.473658
0.029276899857954532,1574458666.8457477
0.027877752130681808,1574458667.2296863
0.027511097301136368,1574458667.6017134
0.028605291193181823,1574458667.9737225
0.027696200284090908,1574458668.3457022
0.02842640269886361,1574458668.7296612
0.029212979403409105,1574458669.101716
0.02862659801136362,1574458669.4737203
0.028177379261363655,1574458669.8457484
0.02795942826704545,1574458670.2296677
0.028199129971590912,1574458670.6017113
0.028607066761363625,1574458670.9737453
0.028102361505681822,1574458671.3457475
0.029982688210227273,1574458671.7297199
0.030258789062499986,1574458672.1017573
0.02774369673295454,1574458672.4737523
0.029120205965909068,1574458672.845782
0.030061700994318173,1574458673.2297494
0.028655894886363616,1574458673.6017494
0.02782892400568182,1574458673.9737802
0.029853071732954525,1574458674.3458216
0.02915793678977274,1574458674.7297862
0.027923916903409108,1574458675.1018007
0.029787375710227274,1574458675.4738233
0.029834872159090895,1574458675.8458235
0.02912597656250002,1574458676.2297926
0.0280038174715909,1574458676.601817
0.030156693892045464,1574458676.9738228
0.02925825639204544,1574458677.3458612
0.027034357244318172,1574458677.7298439
0.029013671875000008,1574458678.101834
0.02460715553977273,1574458678.4738908
0.0288299005681818,1574458678.845881
0.02838201349431818,1574458679.2298188
0.028858753551136367,1574458679.601883
0.030400834517045457,1574458679.9739006
0.030055486505681846,1574458680.3458683
0.028621271306818175,1574458680.7298837
0.02979181463068179,1574458681.1019065
0.037728160511363656,1574458681.473902
0.028611949573863635,1574458681.8459373
0.029689719460227266,1574458682.2299225
0.03189142400568183,1574458682.601904
0.030783025568181795,1574458682.9739535
0.028019797585227255,1574458683.3459675
0.02740944602272726,1574458683.729906
0.030316495028409086,1574458684.101954
0.02833629261363638,1574458684.4739847
0.027981178977272706,1574458684.8459775
0.02965465198863636,1574458685.2299466
0.029370561079545443,1574458685.6019719
0.02840332031249997,1574458685.9739797
0.029847301136363667,1574458686.3460338
0.02973544034090911,1574458686.729986
0.028596857244318184,1574458687.1019967
0.027983842329545462,1574458687.4740222
0.028764648437499988,1574458687.8460495
0.029981356534090908,1574458688.2299922
0.02816805752840908,1574458688.6020877
0.028668323863636356,1574458688.974084
0.0301797762784091,1574458689.346088
0.028230202414772712,1574458689.7300518
0.02940074573863638,1574458690.1020622
0.028967063210227274,1574458690.4740624
0.0302157315340909,1574458690.8460915
0.027470703125,1574458691.2300458
0.029762961647727265,1574458691.602043
0.027666459517045446,1574458691.9741106
0.02854447798295455,1574458692.3461056
0.028551580255681833,1574458692.7300737
0.028935990767045446,1574458693.1021101
0.02889337713068181,1574458693.47411
0.029603160511363635,1574458693.8461483
0.028511629971590926,1574458694.230113
0.028115678267045457,1574458694.60211
0.02923783735795455,1574458694.9741313
0.0282470703125,1574458695.3461766
0.02997691761363634,1574458695.7301307
0.028828568892045468,1574458696.102142
0.02877929687500001,1574458696.4741669
0.027773881392045473,1574458696.8461807
0.028602183948863644,1574458697.2301583
0.02917391690340908,1574458697.6021938
0.027494673295454554,1574458697.9741845
0.029615145596590918,1574458698.3462248
0.027017489346590904,1574458698.7302067
0.02841663707386363,1574458699.1021984
0.028247070312500015,1574458699.4741895
0.02838023792613637,1574458699.8462641
0.029578746448863647,1574458700.2301989
0.02725719105113637,1574458700.602251
0.029817116477272722,1574458700.974242
0.027263849431818192,1574458701.3462534
0.02857066761363636,1574458701.7302272
0.028021129261363648,1574458702.1022666
0.028776189630681813,1574458702.4742727
0.028881392045454535,1574458702.8462977
0.027220791903409078,1574458703.230254
0.028864968039772742,1574458703.6022644
0.027539062500000003,1574458703.9743028
0.026923828125000004,1574458704.3463225
0.027966974431818174,1574458704.730281
0.028284357244318183,1574458705.102283
0.02916814630681818,1574458705.4743338
0.03039817116477272,1574458705.846337
0.02773437500000002,1574458706.230287
0.029122425426136356,1574458706.6023457
0.02818980823863637,1574458706.9743335
0.028334960937499994,1574458707.346375
0.028173384232954544,1574458707.7303512
0.02836869673295454,1574458708.1023567
0.030495827414772737,1574458708.4743707
0.027239435369318166,1574458708.8463855
0.02925825639204546,1574458709.2303526
0.0310986328125,1574458709.6023822
0.02933149857954547,1574458709.9744751
0.027986949573863648,1574458710.34644
0.02853382457386363,1574458710.7304263
0.030940163352272718,1574458711.1024244
0.03632679332386366,1574458711.474429
0.028896484375000003,1574458711.8464544
0.03246271306818182,1574458712.230407
0.03254927201704544,1574458712.6024294
0.03022327769886365,1574458712.9744418
0.028544921874999983,1574458713.3464558
0.030230379971590914,1574458713.7304494
0.0278875177556818,1574458714.1024504
0.028312766335227283,1574458714.4744697
0.030418146306818165,1574458714.8464985
0.029974698153409092,1574458715.2304275
0.027530184659090882,1574458715.6024714
0.0287411221590909,1574458715.974492
0.030259232954545457,1574458716.346533
0.02811345880681817,1574458716.730485
0.02937544389204544,1574458717.1025352
0.027346413352272718,1574458717.474539
0.02850985440340908,1574458717.8465414
0.028008256392045454,1574458718.2305171
0.02868874289772729,1574458718.6025438
0.028741566051136355,1574458718.9745388
0.028549804687499975,1574458719.3465776
0.028305664062500003,1574458719.7305508
0.029509055397727267,1574458720.1025493
0.028708718039772745,1574458720.4745615
0.027576349431818175,1574458720.846574
0.028801047585227273,1574458721.2305536
0.026094637784090904,1574458721.6025953
0.02837801846590908,1574458721.9745886
0.028020241477272733,1574458722.3466215
0.029086914062500004,1574458722.730595
0.028481889204545464,1574458723.1025739
0.028484552556818178,1574458723.4746053
0.02839932528409093,1574458723.8466442
0.03176091974431818,1574458724.230607
0.030616122159090927,1574458724.6026337
0.02845925071022727,1574458724.9746761
0.02851207386363637,1574458725.3466547
0.031170099431818192,1574458725.7306337
0.02956498579545454,1574458726.1026611
0.02833851207386363,1574458726.4746845
0.028420632102272737,1574458726.846686
0.027951882102272715,1574458727.230664
0.027666459517045466,1574458727.6026945
0.028357599431818176,1574458727.974705
0.029897460937499974,1574458728.3467765
0.028768199573863645,1574458728.7307003
0.027834250710227274,1574458729.102694
0.02893022017045455,1574458729.4747198
0.030146040482954547,1574458729.846719
0.028422407670454543,1574458730.2307243
0.029251154119318168,1574458730.6027503
0.02950727982954545,1574458730.9747741
0.02836337002840911,1574458731.346756
0.02802956321022726,1574458731.7307978
0.02952858664772726,1574458732.102806
0.029267578124999992,1574458732.4748127
0.027190607244318182,1574458732.846808
0.028947531960227278,1574458733.2307863
0.027739257812500022,1574458733.6027896
0.028736683238636363,1574458733.9748342
0.028075284090909085,1574458734.34682
0.028827237215909088,1574458734.730786
0.029949396306818202,1574458735.1027992
0.026827503551136365,1574458735.4748285
0.029020330255681823,1574458735.8468595
0.029325727982954537,1574458736.2308173
0.02874644886363638,1574458736.602832
0.028435280539772737,1574458736.974853
0.028772638494318183,1574458737.3468924
0.02900656960227273,1574458737.7308424
0.027222123579545433,1574458738.102877
0.02905939275568178,1574458738.4748816
0.029538352272727258,1574458738.8468838
0.028765980113636364,1574458739.2308779
0.028252840909090884,1574458739.6029065
0.0291814630681818,1574458739.9749048
0.031238014914772735,1574458740.3469224
0.027566139914772716,1574458740.7308939
0.028960848721590913,1574458741.1029043
0.029734108664772718,1574458741.4749413
0.028410866477272742,1574458741.8469694
0.035651633522727245,1574458742.2309039
0.030269442471590913,1574458742.6029413
0.033196910511363635,1574458742.9749546
0.029457563920454538,1574458743.3469453
0.02993430397727272,1574458743.7309482
0.02940962357954546,1574458744.1029727
0.028412642045454545,1574458744.4749708
0.028193359375,1574458744.8469868
0.03020197088068183,1574458745.2309616
0.028777521306818172,1574458745.6030028
0.02785999644886363,1574458745.9750195
0.029032759232954536,1574458746.3470123
0.030629438920454544,1574458746.7309756
0.02871537642045453,1574458747.1030073
0.028009144176136338,1574458747.4750361
0.028853870738636378,1574458747.8470175
0.02917347301136362,1574458748.231033
0.027834694602272704,1574458748.6030574
0.02890314275568182,1574458748.9750218
0.02863414417613637,1574458749.3470793
0.028516068892045426,1574458749.7310574
0.028896928267045433,1574458750.103108
0.028337624289772732,1574458750.4750693
0.029853959517045454,1574458750.8470886
0.026979314630681813,1574458751.2310884
0.028518288352272735,1574458751.6031015
0.02863414417613637,1574458751.9751182
0.028953746448863633,1574458752.3471115
0.02766823508522725,1574458752.7310867
0.02967018821022726,1574458753.1031861
0.02785600142045453,1574458753.4751823
0.028200461647727257,1574458753.847188
0.028338068181818197,1574458754.231143
0.027662908380681812,1574458754.6031697
0.03132501775568182,1574458754.9751716
0.02852805397727275,1574458755.347182
0.02855823863636362,1574458755.731141
0.029266690340909094,1574458756.103169
0.03,1574458756.4751754
0.027585671164772705,1574458756.8472037
0.02903941761363637,1574458757.231192
0.030154918323863626,1574458757.6031904
0.028878284801136363,1574458757.9752157
0.028370028409090916,1574458758.3472245
0.0291845703125,1574458758.7311714
0.029335493607954545,1574458759.103199
0.027245205965909083,1574458759.475244
0.02874200994318182,1574458759.8472455
0.026562056107954545,1574458760.2312114
0.028898259943181827,1574458760.603245
0.02834117542613638,1574458760.9752412
0.028181374289772746,1574458761.34729
0.029694158380681814,1574458761.7312543
0.02895330255681817,1574458762.1032717
0.028196022727272743,1574458762.475287
0.029564541903409097,1574458762.8473053
0.028657670454545432,1574458763.2312558
0.02763538707386361,1574458763.6032913
0.028326970880681805,1574458763.97531
0.0292440518465909,1574458764.3473275
0.028048650568181815,1574458764.7312932
0.029044744318181815,1574458765.103301
0.031075106534090898,1574458765.475302
0.03069691051136364,1574458765.84734
0.028748224431818185,1574458766.2313342
0.03256436434659092,1574458766.6033225
0.0283389559659091,1574458766.9753609
0.027892844460227283,1574458767.3474069
0.029268909801136365,1574458767.731344
0.02901722301136364,1574458768.1033585
0.036419566761363646,1574458768.4753938
0.049033647017045455,1574458768.8473828
0.046864790482954555,1574458769.231357
0.035496715198863646,1574458769.6034117
0.03604225852272728,1574458769.9754078
0.040717773437500014,1574458770.3474216
0.03284801136363638,1574458770.731404
0.03453835227272729,1574458771.1034029
0.04326305042613635,1574458771.4754343
0.03770862926136362,1574458771.8474443
0.03169522372159091,1574458772.2314038
0.024657315340909113,1574458772.603467
0.028472123579545434,1574458772.9754922
0.028180486505681827,1574458773.3474667
0.0342258522727273,1574458773.731439
0.041644176136363634,1574458774.1034698
0.035776367187499984,1574458774.4755704
0.029754083806818182,1574458774.8475618
0.03793279474431816,1574458775.2315092
0.03666148792613639,1574458775.6035147
0.03266202059659092,1574458775.975506
0.04086647727272729,1574458776.3475494
0.03216663707386365,1574458776.7314794
0.030008433948863635,1574458777.1035326
0.029440252130681816,1574458777.4755304
0.03505060369318179,1574458777.8475344
0.035109641335227273,1574458778.2315338
0.03715687144886362,1574458778.6035042
0.036273526278409074,1574458778.975542
0.028057528409090912,1574458779.347584
0.029365678267045458,1574458779.7315433
0.029295543323863648,1574458780.10356
0.03692338423295455,1574458780.475601
0.040026633522727256,1574458780.8475952
0.03123845880681817,1574458781.2315738
0.03207830255681818,1574458781.6036067
0.030854048295454566,1574458781.9756076
0.03388805042613637,1574458782.347616
0.03585005326704544,1574458782.7315996
0.04157759232954546,1574458783.1036055
0.02760697798295455,1574458783.4756255
0.02881214488636361,1574458783.8476577
0.02760387073863636,1574458784.2316341
0.029386541193181806,1574458784.603665
0.03858575994318181,1574458784.9756756
0.04426669034090909,1574458785.3476715
0.03694735440340909,1574458785.7316592
0.029692382812499998,1574458786.1036916
0.03188254616477275,1574458786.4756885
0.02869406960227272,1574458786.8477066
0.03342151988636365,1574458787.231693
0.03729714133522726,1574458787.6036918
0.029332386363636356,1574458787.9756923
0.03103781960227274,1574458788.347723
0.030804332386363643,1574458788.731705
0.03914950284090911,1574458789.1037285
0.03364080255681819,1574458789.4757545
0.030850053267045457,1574458789.8477495
0.03296297940340908,1574458790.2317295
0.03557306463068184,1574458790.6037884
0.030012872869318183,1574458790.9757555
0.030344904119318172,1574458791.3477905
0.03025923295454546,1574458791.7317536
0.03135387073863635,1574458792.1037812
0.029870383522727265,1574458792.4757848
0.02987704190340909,1574458792.8478155
0.030729314630681806,1574458793.2317817
0.030429687500000017,1574458793.603794
0.03008966619318183,1574458793.9758246
0.030235262784090916,1574458794.3478534
0.0316943359375,1574458794.731831
0.03063077059659091,1574458795.1038532
0.03055087002840908,1574458795.4758055
0.03209916548295454,1574458795.8478794
