amperes,timestamp
0.03605735085227273,1574460040.4964173
0.03762562144886363,1574460040.8684418
0.03672762784090909,1574460041.2524035
0.04346502130681818,1574460041.624418
0.04768199573863637,1574460041.996457
0.04307040127840908,1574460042.3684325
0.051659268465909056,1574460042.7524416
0.04545720880681819,1574460043.1244564
0.04068359374999998,1574460043.4964743
0.050002663352272755,1574460043.8684855
0.04172540838068178,1574460044.252456
0.041456409801136365,1574460044.6244628
0.032024591619318164,1574460044.9964924
0.038726917613636336,1574460045.3685453
0.04068048650568183,1574460045.7524781
0.03674982244318181,1574460046.1244817
0.036768022017045474,1574460046.4965203
0.02984596946022728,1574460046.868532
0.02876686789772727,1574460047.2525177
0.029228515625000007,1574460047.6245883
0.03378728693181817,1574460047.9965806
0.042415216619318186,1574460048.3686411
0.036474609374999994,1574460048.7525415
0.028712713068181808,1574460049.1245532
0.028720259232954556,1574460049.4965844
0.030613458806818185,1574460049.8685765
0.03716841264204544,1574460050.252551
0.03687766335227274,1574460050.6245573
0.03400568181818181,1574460050.9965909
0.034653320312500006,1574460051.3686016
0.029585848721590913,1574460051.7525961
0.029360351562500008,1574460052.1245985
0.027505326704545467,1574460052.4966362
0.028079279119318176,1574460052.8686383
0.025761718749999985,1574460053.252598
0.024244495738636355,1574460053.6246324
0.032203924005681825,1574460053.9966493
0.039618252840909064,1574460054.3686519
0.037721502130681844,1574460054.7526367
0.04167391690340909,1574460055.124657
0.04127485795454543,1574460055.4966583
0.043181818181818175,1574460055.8686855
0.03844193892045455,1574460056.2526777
0.03480601917613636,1574460056.6246743
0.03328524502840908,1574460056.9967048
0.030962801846590914,1574460057.368732
0.02877974076704545,1574460057.752676
0.02256436434659092,1574460058.124698
0.02279030539772727,1574460058.4967282
0.024362127130681824,1574460058.8687246
0.023626598011363627,1574460059.2527092
0.023622602982954554,1574460059.6247356
0.029248490767045464,1574460059.9967508
0.03232865767045454,1574460060.368758
0.0371506569602273,1574460060.7527447
0.030677379261363633,1574460061.1247466
0.023963512073863637,1574460061.4967513
0.02394398082386364,1574460061.8687909
0.023711825284090923,1574460062.2527595
0.02352583451704543,1574460062.6247704
0.035240589488636336,1574460062.9968023
0.03541326349431818,1574460063.3688078
0.03672185724431819,1574460063.752792
0.03917702414772728,1574460064.1247747
0.03797052556818184,1574460064.4968102
0.0242049893465909,1574460064.8688335
0.028612393465909092,1574460065.252808
0.029595614346590905,1574460065.62482
0.027401899857954517,1574460065.996843
0.027668235085227266,1574460066.3688767
0.03276100852272729,1574460066.7528243
0.02463290127840909,1574460067.1248512
0.024453124999999992,1574460067.496878
0.023766867897727292,1574460067.8688505
0.02689897017045457,1574460068.2528634
0.02646306818181818,1574460068.624944
0.027266956676136374,1574460068.9968908
0.02414994673295452,1574460069.3689795
0.024108220880681815,1574460069.7529285
0.025301402698863624,1574460070.1249287
0.027298473011363632,1574460070.4968967
0.02612127130681817,1574460070.868933
0.0234774502840909,1574460071.2529118
0.024000799005681812,1574460071.6249452
0.025993430397727255,1574460071.996934
0.025112304687500003,1574460072.3689725
0.025082563920454548,1574460072.7529426
0.025396839488636348,1574460073.1249418
0.026393821022727273,1574460073.4969752
0.025978781960227272,1574460073.8690073
0.02435324928977273,1574460074.2529676
0.0232958984375,1574460074.6249804
0.023974165482954543,1574460074.997009
0.028357599431818165,1574460075.3689966
0.024141956676136358,1574460075.7529936
0.02722389914772727,1574460076.1250055
0.023668767755681823,1574460076.4970155
0.023392666903409083,1574460076.8690293
0.028112571022727278,1574460077.2529976
0.02678089488636364,1574460077.6250217
0.025107865767045448,1574460077.9970255
0.02584073153409091,1574460078.3693695
0.025441672585227258,1574460078.7530234
0.025784357244318195,1574460079.1250396
0.024356356534090892,1574460079.4970858
0.023269264914772735,1574460079.8690841
0.024446022727272736,1574460080.2530875
0.02658469460227273,1574460080.62509
0.02528053977272728,1574460080.9970884
0.024035422585227274,1574460081.369121
0.024085582386363647,1574460081.7530658
0.025022638494318187,1574460082.1250947
0.025894442471590905,1574460082.4971623
0.02470525568181818,1574460082.8691294
0.02453480113636364,1574460083.2531211
0.024976029829545467,1574460083.625141
0.027092507102272727,1574460083.9971507
0.0244668856534091,1574460084.3691735
0.023963955965909098,1574460084.753141
0.024238281249999997,1574460085.1251595
0.027397460937499982,1574460085.4971697
0.02513583096590908,1574460085.8691862
0.023806374289772708,1574460086.2531967
0.023926669034090905,1574460086.625163
0.03079279119318181,1574460086.997218
0.02845081676136363,1574460087.3692088
0.026451526988636374,1574460087.7531493
0.028477450284090922,1574460088.125207
0.028255504261363636,1574460088.4972548
0.02790305397727273,1574460088.8692355
0.02723943536931818,1574460089.2532272
0.02789018110795456,1574460089.6252337
0.02409845525568182,1574460089.9972467
0.02469105113636363,1574460090.3692634
0.023912020596590887,1574460090.7533114
0.024598721590909096,1574460091.1253
0.022972745028409076,1574460091.4972978
0.024815340909090888,1574460091.8692946
0.024015447443181806,1574460092.2532754
0.02321555397727274,1574460092.6252947
0.02697398792613637,1574460092.9973142
0.028397105823863626,1574460093.3693159
0.02626731178977274,1574460093.753313
0.027096058238636367,1574460094.125288
0.02781294389204545,1574460094.4972968
0.027938121448863644,1574460094.8693273
0.026734730113636373,1574460095.2533283
0.02687899502840909,1574460095.6253166
0.025071466619318184,1574460095.9973245
0.03031116832386364,1574460096.3693469
0.031885653409090914,1574460096.7533364
0.027260298295454566,1574460097.1253624
0.027020152698863636,1574460097.4973688
0.025803444602272744,1574460097.8693895
0.024018554687499992,1574460098.2533557
0.023488103693181817,1574460098.6253598
0.02383433948863635,1574460098.9974158
0.026462180397727273,1574460099.369426
0.02498180042613639,1574460099.7533617
0.02476118607954544,1574460100.1254249
0.02498091264204545,1574460100.4974074
0.024451793323863626,1574460100.8694246
0.023495649857954555,1574460101.2534232
0.02534579190340907,1574460101.6254487
0.02737304687500001,1574460101.9974358
0.027037464488636358,1574460102.369469
0.027923916903409094,1574460102.7534416
0.033107688210227276,1574460103.125448
0.03014825994318182,1574460103.4974499
0.02895152698863636,1574460103.869493
0.029271573153409107,1574460104.2534914
0.03270152698863637,1574460104.6254802
0.027094726562499984,1574460104.9974802
0.0251651278409091,1574460105.3694954
0.028058860085227285,1574460105.7534776
0.026618430397727242,1574460106.1255014
0.025338689630681806,1574460106.4974935
0.024461115056818167,1574460106.869541
0.024140625000000002,1574460107.2535162
0.023345170454545455,1574460107.6255236
0.02698774857954545,1574460107.9975512
0.029726118607954533,1574460108.3696125
0.027818270596590904,1574460108.7535007
0.02751553622159092,1574460109.125538
0.030359552556818204,1574460109.497551
0.02905983664772728,1574460109.869567
0.027811612215909103,1574460110.2535665
0.029636452414772727,1574460110.6255567
0.029609818892045437,1574460110.997563
0.02660466974431819,1574460111.3695943
0.02669300426136366,1574460111.7535803
0.028671875,1574460112.1256535
0.02754838423295455,1574460112.497677
0.027075195312499998,1574460112.8696566
0.028865411931818186,1574460113.2536337
0.026791992187499978,1574460113.625618
0.027096502130681824,1574460113.9976518
0.027497780539772736,1574460114.3696625
0.02972789417613636,1574460114.7536206
0.028389115767045465,1574460115.1256316
0.02757279829545453,1574460115.4976547
0.029263139204545464,1574460115.869668
0.028214222301136384,1574460116.253658
0.026917613636363618,1574460116.6256628
0.028506303267045438,1574460116.9976768
0.027959428267045432,1574460117.3696916
0.027638494318181793,1574460117.7536597
0.02827769886363637,1574460118.1256964
0.030064364346590898,1574460118.4976997
0.02919566761363637,1574460118.8697145
0.027541725852272728,1574460119.2537136
0.029252485795454558,1574460119.6256895
0.028239968039772727,1574460119.997724
0.03140891335227275,1574460120.369765
0.02840021306818183,1574460120.7536955
0.02986328125,1574460121.1257324
0.028315429687499984,1574460121.497756
0.028149414062499982,1574460121.8697453
0.02824707031249999,1574460122.2537694
0.02840198863636363,1574460122.6257818
0.026756924715909073,1574460122.9977512
0.028334960937499997,1574460123.3697906
0.030351118607954548,1574460123.7537508
0.028786843039772726,1574460124.125774
0.027602539062499997,1574460124.4978096
0.028807705965909106,1574460124.8697948
0.028111683238636366,1574460125.2537963
0.02711248224431819,1574460125.6258085
0.02769353693181817,1574460125.997798
0.028320756392045468,1574460126.3698277
0.028395774147727273,1574460126.7538056
0.02742453835227273,1574460127.1258318
0.029869939630681824,1574460127.4978316
0.034789595170454525,1574460127.8698556
0.02878995028409089,1574460128.25388
0.031408913352272735,1574460128.6258512
0.02975319602272729,1574460128.9978619
0.027989169034090922,1574460129.3698742
0.027673117897727275,1574460129.7538574
0.02862659801136362,1574460130.1258798
0.02807883522727271,1574460130.4979
0.027926136363636365,1574460130.869897
0.027583451704545466,1574460131.25396
0.02949840198863635,1574460131.6259234
0.028544477982954546,1574460131.9979067
0.027493785511363614,1574460132.3699317
0.029583185369318185,1574460132.7539203
0.02813254616477274,1574460133.125922
0.02826882102272727,1574460133.497946
0.02699529474431818,1574460133.8700495
0.029625799005681828,1574460134.2540135
0.02819779829545454,1574460134.625982
0.028066406249999988,1574460134.9979913
0.02881969105113638,1574460135.3699863
0.02775124289772727,1574460135.7539802
0.02725452769886363,1574460136.1259744
0.028348721590909096,1574460136.4980166
0.028049094460227273,1574460136.8699925
0.028018909801136357,1574460137.2539794
0.02806773792613635,1574460137.6260035
0.02839133522727273,1574460137.9979973
0.028760209517045447,1574460138.3700457
0.027579012784090914,1574460138.7540095
0.02908735795454545,1574460139.1260247
0.029849964488636367,1574460139.4980357
0.027865767045454532,1574460139.87006
0.028319868607954556,1574460140.2540197
0.028285688920454525,1574460140.6260366
0.02846857244318181,1574460140.9980755
0.029074928977272752,1574460141.3700988
0.027613192471590907,1574460141.754046
0.031166992187499996,1574460142.126078
0.030164683948863645,1574460142.4980817
0.031371182528409085,1574460142.8701358
0.028476562499999993,1574460143.2541468
0.029891690340909105,1574460143.6261444
0.028663884943181814,1574460143.9981382
0.029679066051136377,1574460144.3701656
0.029473100142045447,1574460144.7541108
0.028236860795454552,1574460145.1261404
0.028668767755681803,1574460145.4981692
0.02851828835227274,1574460145.870189
0.029769620028409112,1574460146.25418
0.028532049005681806,1574460146.6261783
0.03071644176136362,1574460146.9981692
0.0292693536931818,1574460147.3701925
0.029457563920454535,1574460147.7541974
0.029827325994318185,1574460148.126186
0.03100408380681818,1574460148.4982164
0.028999023437499986,1574460148.8702374
0.029032315340909085,1574460149.254267
0.03230690696022727,1574460149.6262171
0.02944513494318182,1574460149.9982438
0.02849032315340908,1574460150.370282
0.03139604048295455,1574460150.7542403
0.028624378551136365,1574460151.126256
0.028647904829545462,1574460151.4982758
0.03066716974431818,1574460151.8702466
0.029244495738636352,1574460152.254252
0.028623046874999985,1574460152.6262813
0.030340021306818173,1574460152.998296
0.030049715909090915,1574460153.3703089
0.028567116477272735,1574460153.7542942
0.030274769176136362,1574460154.1262686
0.02950994318181816,1574460154.4983134
0.029098011363636374,1574460154.870338
0.028965731534090884,1574460155.2543385
0.0302792080965909,1574460155.6263955
0.02928355823863637,1574460155.998397
0.032134676846590916,1574460156.3703985
0.02807883522727272,1574460156.7543495
0.028878728693181824,1574460157.1263592
0.0299382990056818,1574460157.4983714
0.03215864701704545,1574460157.8704042
0.030866033380681824,1574460158.25438
0.038081498579545466,1574460158.6263776
0.030120738636363626,1574460158.9983826
0.03149058948863636,1574460159.3704069
0.029272904829545456,1574460159.7543883
0.03461825284090908,1574460160.1264238
0.033552911931818176,1574460160.498425
0.03101029829545453,1574460160.8704286
0.029440696022727263,1574460161.2544208
0.030417702414772728,1574460161.6264098
0.031708984375000006,1574460161.9984434
0.02908069957386362,1574460162.3704467
0.03026100852272727,1574460162.7544308
0.030716441761363632,1574460163.1264436
0.03137207031250002,1574460163.4984303
0.030912198153409075,1574460163.8704731
0.03145862926136363,1574460164.254475
0.030275656960227274,1574460164.6264906
0.029469992897727285,1574460164.9984906
0.029653320312499988,1574460165.3705115
0.03284046519886363,1574460165.7544744
0.02900568181818181,1574460166.1265085
0.03042436079545456,1574460166.498505
0.032287819602272734,1574460166.8705099
0.02952059659090908,1574460167.2545052
0.0314901455965909,1574460167.6265376
0.03162508877840907,1574460167.9985309
0.030320490056818177,1574460168.3706136
0.029300426136363623,1574460168.7545154
0.031072887073863648,1574460169.126535
0.03565074573863637,1574460169.4985316
0.029014559659090923,1574460169.8705742
0.030970348011363627,1574460170.2545426
0.03152476917613637,1574460170.6265454
0.02859286221590907,1574460170.9985695
0.030422141335227266,1574460171.3706157
0.03097212357954545,1574460171.7545445
0.028994140624999994,1574460172.1265774
0.030608575994318172,1574460172.4986353
0.03209161931818182,1574460172.8706002
0.029723899147727276,1574460173.2545972
0.030838512073863636,1574460173.6265945
0.029268022017045443,1574460173.9986222
0.03254572088068184,1574460174.3706448
0.02887517755681818,1574460174.7545888
0.030062144886363645,1574460175.126619
0.028742009943181802,1574460175.4986556
0.02947310014204547,1574460175.8707032
0.02938831676136362,1574460176.254679
0.029137517755681807,1574460176.6266534
0.03286931818181817,1574460176.9987688
0.028876953124999993,1574460177.3707752
0.03125355113636365,1574460177.7547183
0.03267533735795455,1574460178.1267197
0.03067560369318182,1574460178.4987273
0.03041326349431821,1574460178.8707144
0.030882457386363655,1574460179.2547624
0.029686612215909097,1574460179.626733
0.030716885653409087,1574460179.998744
0.03356445312499996,1574460180.3707702
0.030223721590909094,1574460180.7547479
0.029382546164772746,1574460181.126745
0.030862926136363624,1574460181.498796
0.029757634943181822,1574460181.8707948
0.029357244318181815,1574460182.2547715
0.030100763494318193,1574460182.6267655
0.031154119318181815,1574460182.998801
0.029365678267045454,1574460183.370791
0.030470525568181833,1574460183.7547958
0.030938831676136383,1574460184.1268122
0.02996448863636363,1574460184.4988196
0.03021129261363638,1574460184.8708398
0.031137695312499998,1574460185.2548265
0.029564098011363647,1574460185.6268234
0.029301313920454566,1574460185.9988475
0.02890403053977272,1574460186.370848
0.03179154829545455,1574460186.75483
0.028986150568181816,1574460187.1268651
0.030686257102272733,1574460187.498841
0.030579279119318188,1574460187.8708744
0.029937411221590913,1574460188.2548761
0.031111505681818197,1574460188.6268632
0.035636097301136364,1574460188.9988813
0.03462890625000001,1574460189.3709202
0.029959161931818166,1574460189.7548807
0.033994140624999995,1574460190.126884
0.03426136363636363,1574460190.4989324
0.02948020241477276,1574460190.8709478
0.03071866122159092,1574460191.2549148
0.030913085937500022,1574460191.626925
0.02998890269886365,1574460191.998949
0.03061257102272728,1574460192.3709817
0.03116432883522727,1574460192.7549362
0.029794034090909083,1574460193.1269739
0.031188299005681795,1574460193.4989505
0.0301327237215909,1574460193.870993
0.03103870738636361,1574460194.2549827
0.029749644886363637,1574460194.6269755
0.030086115056818172,1574460194.9989858
0.03215687144886363,1574460195.3710048
0.02905362215909089,1574460195.7549896
0.03068936434659091,1574460196.1269991
0.03184215198863637,1574460196.4990118
0.02838378906249999,1574460196.8710554
0.030453213778409087,1574460197.2550256
0.02999689275568183,1574460197.6270108
0.02965864701704545,1574460197.9990351
0.030053710937500006,1574460198.3711793
0.03136807528409091,1574460198.7551131
0.031473277698863655,1574460199.1270828
0.02909845525568181,1574460199.499106
0.030072798295454572,1574460199.8711114
0.029828213778409086,1574460200.2550735
0.02969415838068181,1574460200.6270838
0.02938299005681818,1574460200.9991162
0.032205699573863635,1574460201.371119
0.03302556818181819,1574460201.755075
0.02973366477272729,1574460202.1270902
0.031561168323863645,1574460202.4991167
0.031263316761363624,1574460202.8711467
0.029078924005681808,1574460203.2551255
0.03189364346590908,1574460203.6271303
0.03230113636363638,1574460203.9991484
0.029583629261363643,1574460204.3711545
0.030729758522727284,1574460204.7551427
0.03171963778409091,1574460205.1271756
0.029648881392045447,1574460205.4991689
0.030666725852272744,1574460205.871167
0.03038263494318182,1574460206.2551963
0.029394975142045438,1574460206.6271656
0.029392311789772717,1574460206.9991946
0.029893022017045464,1574460207.3712254
0.029371448863636344,1574460207.7551656
0.028824573863636366,1574460208.1272109
0.03065562855113637,1574460208.4992332
0.028910688920454564,1574460208.8712406
0.02965287642045454,1574460209.2552273
0.02957075639204545,1574460209.6272287
0.03091841264204545,1574460209.999229
0.030767045454545467,1574460210.371254
0.02878329190340908,1574460210.7552426
0.03037242542613637,1574460211.1272202
0.03163085937500001,1574460211.4992576
0.02905051491477274,1574460211.8712752
0.03067027698863638,1574460212.255286
0.03139248934659091,1574460212.6272779
0.029086914062500004,1574460212.9992943
0.03094904119318182,1574460213.3713148
0.02685102982954545,1574460213.7552514
0.028275035511363622,1574460214.1273117
0.029012340198863614,1574460214.4992962
0.029483753551136364,1574460214.87135
0.03098943536931817,1574460215.2553284
0.029961381392045464,1574460215.6273332
0.030779030539772725,1574460215.9993243
0.029657315340909093,1574460216.371361
0.029852183948863617,1574460216.755317
0.029583185369318175,1574460217.1273596
0.02803089488636363,1574460217.4993708
0.029734108664772725,1574460217.8713622
0.02903586647727273,1574460218.2553658
0.03001731178977274,1574460218.627374
0.02931019176136364,1574460218.99938
0.030851384943181803,1574460219.3714259
0.028690518465909084,1574460219.755381
0.03499156605113636,1574460220.1273863
0.031137251420454537,1574460220.4994876
0.03013227982954545,1574460220.8714864
0.03491566051136365,1574460221.2554739
0.03218661221590908,1574460221.6274245
0.030197088068181804,1574460221.9994621
0.03008522727272728,1574460222.3714561
0.03078258167613636,1574460222.7554524
0.029559215198863648,1574460223.1274774
0.030436789772727263,1574460223.4994407
0.029553444602272733,1574460223.8714902
0.029965820312500013,1574460224.2554471
0.029619584517045435,1574460224.6274912
0.028484996448863636,1574460224.9995077
0.03135475852272727,1574460225.371509
0.03048739346590911,1574460225.7554657
0.02922230113636365,1574460226.127498
0.029421164772727274,1574460226.4994946
0.03037642045454546,1574460226.8715186
0.030890891335227273,1574460227.2555425
0.027794744318181786,1574460227.6274998
0.030644087357954552,1574460227.9995475
0.031381392045454544,1574460228.371603
0.030035511363636348,1574460228.7554917
0.03034224076704547,1574460229.1275427
0.02897638494318179,1574460229.4995785
0.029920099431818163,1574460229.8715725
0.029765181107954543,1574460230.2555633
0.030589932528409105,1574460230.627587
0.03000710227272727,1574460230.9995785
0.029277343749999997,1574460231.3716145
0.031377397017045464,1574460231.755579
0.030898437499999994,1574460232.1275797
0.029450905539772722,1574460232.4996064
0.03076349431818182,1574460232.8716419
0.029212535511363658,1574460233.255625
0.03102938565340908,1574460233.6276288
0.02921164772727273,1574460233.999654
0.028722922585227267,1574460234.3716514
0.03136052911931818,1574460234.7556179
0.027953213778409085,1574460235.1276412
0.029476207386363633,1574460235.4996667
0.03267267400568182,1574460235.871683
0.030556196732954552,1574460236.2556813
0.02896706321022725,1574460236.6276588
0.030092329545454533,1574460236.9996808
0.03007368607954545,1574460237.371711
0.029058504971590897,1574460237.7556682
0.030686700994318163,1574460238.1277025
0.03288529829545454,1574460238.499734
0.029445578835227273,1574460238.8717175
0.031663707386363614,1574460239.2557182
0.030947709517045455,1574460239.62773
0.029537464488636356,1574460239.999735
0.03189897017045454,1574460240.3717647
0.030073242187499995,1574460240.7557228
0.030354225852272744,1574460241.1277385
0.030341352982954532,1574460241.4997523
0.03318137428977272,1574460241.8717709
0.029803799715909098,1574460242.2558596
0.029671075994318192,1574460242.6278055
0.03171209161931818,1574460242.9997976
0.030375976562500007,1574460243.3718069
0.03046786221590911,1574460243.7557995
0.031781338778409114,1574460244.1277933
0.03128240411931818,1574460244.4998176
0.028080166903409108,1574460244.8718169
0.03048295454545453,1574460245.2558331
0.030528675426136364,1574460245.6278133
0.029287553267045453,1574460245.9998477
0.03104936079545453,1574460246.3718357
0.029329723011363638,1574460246.7558432
0.02957919034090908,1574460247.1278589
0.029557439630681824,1574460247.499857
0.030546875,1574460247.871876
0.029392311789772727,1574460248.2558675
0.029818448153409095,1574460248.627871
0.03122780539772727,1574460248.9999044
0.028418856534090917,1574460249.371923
0.02868119673295456,1574460249.7558818
0.03449351917613639,1574460250.1279058
0.03540305397727271,1574460250.4999454
0.029804243607954525,1574460250.8719203
0.030124733664772738,1574460251.2559123
0.03332741477272725,1574460251.6279342
0.03244229403409092,1574460251.9999356
0.031014737215909086,1574460252.371972
0.02879660866477273,1574460252.755943
0.030839843750000005,1574460253.127927
0.028274591619318192,1574460253.4999762
0.029072709517045478,1574460253.8719962
0.02925159801136366,1574460254.2559376
0.03042924360795455,1574460254.627981
0.031385830965909085,1574460255.0000079
0.030092773437500008,1574460255.371994
0.03125044389204544,1574460255.7559981
0.03046919389204547,1574460256.1280015
0.029703924005681805,1574460256.5000205
0.031277077414772744,1574460256.8720417
0.030896218039772747,1574460257.2560446
0.029754083806818182,1574460257.627982
0.029143732244318203,1574460258.0000477
0.030340909090909092,1574460258.3720818
0.030617453835227276,1574460258.7560256
0.029046075994318167,1574460259.1280582
0.030311612215909087,1574460259.5000684
0.030190429687499985,1574460259.8720722
0.028721590909090898,1574460260.2560537
0.0313711825284091,1574460260.6280828
0.02980158025568183,1574460261.0000925
0.028520063920454548,1574460261.3721132
0.03009676846590909,1574460261.7560825
0.030199307528409113,1574460262.1280885
0.030665394176136354,1574460262.5001228
0.029160156250000006,1574460262.87214
0.031209161931818188,1574460263.2561133
0.03029119318181817,1574460263.6281972
0.029069158380681828,1574460264.000191
0.02776100852272728,1574460264.3721883
0.0312744140625,1574460264.7561452
0.028477006392045458,1574460265.1281366
0.029340820312499984,1574460265.5001776
0.030514914772727258,1574460265.8721657
0.028849875710227266,1574460266.25617
0.02897505326704545,1574460266.6281812
0.029196555397727256,1574460267.0001905
0.031877663352272746,1574460267.372205
0.028983043323863634,1574460267.756186
0.030478959517045465,1574460268.1281981
0.031030273437499995,1574460268.5002034
0.030039950284090903,1574460268.8722408
0.030762162642045454,1574460269.256215
0.03274813565340909,1574460269.6282125
0.030485174005681813,1574460270.000252
0.02979891690340909,1574460270.37227
0.0328133877840909,1574460270.7562346
0.0306387606534091,1574460271.128224
0.028965731534090912,1574460271.5002904
0.03067471590909089,1574460271.872275
0.030485174005681848,1574460272.25628
0.028320312499999986,1574460272.6282928
0.030307617187500014,1574460273.000301
0.033005149147727265,1574460273.3723116
0.030099431818181806,1574460273.7563019
0.030662286931818182,1574460274.1283016
0.02920809659090908,1574460274.5003228
0.030025301846590895,1574460274.8723314
0.02947709517045454,1574460275.2563272
0.029204101562500005,1574460275.628329
0.031256658380681805,1574460276.0003273
0.028555131392045463,1574460276.3723528
0.030328480113636366,1574460276.7563407
0.030812322443181807,1574460277.1283355
0.029425603693181805,1574460277.5003626
0.03184836647727273,1574460277.8724022
0.02983931107954547,1574460278.2563782
0.03136807528409091,1574460278.628359
0.029808682528409073,1574460279.0004084
0.02925559303977273,1574460279.3724246
0.030477627840909113,1574460279.7563763
0.029178799715909084,1574460280.1284313
0.03389248934659093,1574460280.500424
0.036689453125000035,1574460280.872442
0.030565962357954553,1574460281.2564437
0.03341441761363637,1574460281.6284404
0.032024591619318185,1574460282.0004575
0.030815429687499996,1574460282.3724391
0.02964888139204547,1574460282.7564332
0.029311079545454526,1574460283.1284487
0.030460316051136378,1574460283.5004504
0.031613991477272736,1574460283.8724544
0.029703036221590894,1574460284.256479
0.030649414062499988,1574460284.6284764
0.03121004971590908,1574460285.0005672
0.02920676491477271,1574460285.3725665
0.03139825994318181,1574460285.7565274
0.02923872514204546,1574460286.128525
0.029582297585227263,1574460286.5005257
0.029162375710227284,1574460286.8725495
0.029315962357954556,1574460287.256599
0.029854403409090912,1574460287.6285224
0.028675426136363657,1574460288.000534
0.030146484375000008,1574460288.3727596
0.031320134943181824,1574460288.7565079
0.02959250710227273,1574460289.1285648
0.030265447443181815,1574460289.5005505
0.03089888139204545,1574460289.872577
0.02964888139204545,1574460290.2566016
0.029080255681818202,1574460290.628571
0.029719904119318182,1574460291.0006018
0.031088867187499997,1574460291.3726285
0.028265713778409092,1574460291.7565904
0.030642755681818186,1574460292.128586
0.03146928267045454,1574460292.5006366
0.03559525923295452,1574460292.8726301
0.031052024147727272,1574460293.2566326
0.030699129971590883,1574460293.6286464
0.030460759943181825,1574460294.0006213
0.029734552556818186,1574460294.3726692
0.030592595880681837,1574460294.7566187
0.03149547230113634,1574460295.1286497
0.028703391335227278,1574460295.50067
0.03010342684659092,1574460295.872702
0.03049671519886364,1574460296.2566416
0.029485085227272716,1574460296.628681
0.030386186079545463,1574460297.000706
0.029821999289772735,1574460297.372712
0.03016290838068185,1574460297.7566998
0.02969415838068181,1574460298.128723
0.031046253551136396,1574460298.5007172
0.03162863991477273,1574460298.8727388
0.029245383522727268,1574460299.2567363
0.02998046874999999,1574460299.6287265
0.03190607244318181,1574460300.0007312
0.03238236860795454,1574460300.3727803
0.03013938210227273,1574460300.7567377
0.0315518465909091,1574460301.128746
0.028622602982954527,1574460301.5007622
0.030628995028409104,1574460301.8727622
0.02967285156250002,1574460302.2567854
0.02980424360795455,1574460302.6287885
0.02945667613636363,1574460303.0008016
0.03110751065340909,1574460303.372814
0.030678710937500003,1574460303.7567735
0.02906427556818181,1574460304.1288025
0.030513583096590902,1574460304.5008166
0.03072665127840911,1574460304.8728223
0.028156072443181808,1574460305.2568386
0.030779474431818186,1574460305.628834
0.031719637784090905,1574460306.0008583
0.02877352627840909,1574460306.3728497
0.030501598011363668,1574460306.7569034
0.03006525213068181,1574460307.1288986
0.029190784801136363,1574460307.500904
0.029034534801136345,1574460307.8729067
0.028331409801136357,1574460308.2568817
0.03139204545454544,1574460308.6288867
0.029049627130681828,1574460309.0009098
0.030598810369318167,1574460309.372889
0.030785688920454544,1574460309.7568922
0.030462979403409106,1574460310.128914
0.031383167613636354,1574460310.5009165
0.03693581321022724,1574460310.8729553
0.03200239701704546,1574460311.2569435
0.03169655539772726,1574460311.628932
0.035402610085227264,1574460312.000952
0.031235795454545454,1574460312.3729572
0.029907226562499997,1574460312.7569392
0.031239346590909097,1574460313.1289577
0.031245117187500025,1574460313.500989
0.029988458806818198,1574460313.872995
0.02975142045454546,1574460314.2569776
0.02949928977272727,1574460314.6290004
0.030925514914772717,1574460315.0009863
0.028059747869318172,1574460315.3730156
0.03152610085227274,1574460315.7570045
0.029174804687500003,1574460316.1289985
0.029884588068181808,1574460316.50103
0.02969193892045454,1574460316.8730145
0.030434570312499996,1574460317.2570083
0.030132723721590888,1574460317.6290386
0.028313210227272696,1574460318.001057
0.029817116477272726,1574460318.3730733
0.03139515269886364,1574460318.7570179
0.028638583096590908,1574460319.1290722
0.029771839488636372,1574460319.5010588
0.029909002130681796,1574460319.873104
0.028585759943181813,1574460320.2571266
0.029387872869318182,1574460320.6290433
0.029853959517045447,1574460321.0011024
0.029230291193181816,1574460321.3731356
0.029012340198863645,1574460321.7570899
0.02921297940340909,1574460322.1291132
0.030242365056818193,1574460322.5011327
0.03322354403409092,1574460322.873145
0.029074485085227277,1574460323.2571435
0.03431906960227272,1574460323.6291437
0.03485174005681818,1574460324.0011215
0.032393022017045456,1574460324.373161
0.0307159978693182,1574460324.7571383
0.03642267400568181,1574460325.1291306
0.04736505681818185,1574460325.5011492
0.04878950639204551,1574460325.8731668
0.04412597656249999,1574460326.257129
0.030726207386363648,1574460326.6291516
0.030500266335227275,1574460327.0011954
0.03440962357954546,1574460327.3731792
0.04221679687500001,1574460327.7571602
0.04150124289772728,1574460328.1292531
0.04304066051136363,1574460328.501247
0.03571821732954547,1574460328.8732615
0.03070933948863636,1574460329.2572246
0.03403897372159092,1574460329.6292117
0.03514914772727271,1574460330.0012565
0.04204678622159093,1574460330.373276
0.033504083806818206,1574460330.7572281
0.039579190340909134,1574460331.1292157
0.036402254971590935,1574460331.501256
0.03165793678977273,1574460331.8732734
0.04105379971590909,1574460332.2572465
0.03269087357954544,1574460332.6292446
0.030961914062499995,1574460333.0012786
0.030331143465909087,1574460333.3732781
0.03611594460227274,1574460333.757252
0.03773925781249996,1574460334.1292734
0.041066228693181855,1574460334.5013318
0.03581631747159093,1574460334.8733244
0.031236239346590904,1574460335.257307
0.030645419034090914,1574460335.6293147
0.031347212357954554,1574460336.001322
0.04480690696022725,1574460336.3733366
0.03600852272727274,1574460336.757295
0.029972478693181825,1574460337.1293402
0.031168323863636358,1574460337.5013576
0.035127840909090914,1574460337.8733609
0.03526544744318184,1574460338.2573397
0.04169389204545455,1574460338.6293652
0.03458762428977274,1574460339.001383
0.030581498579545473,1574460339.3733902
0.031313476562500005,1574460339.7573707
0.03780184659090909,1574460340.129386
0.04488281249999997,1574460340.501385
0.041797762784090906,1574460340.8734157
0.03564897017045454,1574460341.2574348
0.030866033380681848,1574460341.6293998
0.032617187500000006,1574460342.0014288
0.031378728693181805,1574460342.3734531
0.041299715909090914,1574460342.7574484
0.03107288707386363,1574460343.12943
0.03281560724431818,1574460343.5014997
0.03345348011363637,1574460343.873454
0.03858709161931816,1574460344.2574449
0.03647771661931815,1574460344.6294663
0.03294167258522728,1574460345.0014756
0.033374023437500004,1574460345.3734891
0.036475053267045476,1574460345.7574804
0.031851917613636364,1574460346.1294703
0.031012517755681826,1574460346.5015066
0.032407226562500016,1574460346.8735511
0.03238192471590908,1574460347.2574975
0.03110440340909092,1574460347.6295097
0.031093750000000007,1574460348.0015252
0.03381480823863636,1574460348.3735688
0.032206143465909116,1574460348.7575145
0.03186168323863636,1574460349.1295085
0.03287553267045453,1574460349.5015373
0.03159312855113637,1574460349.873652
0.03171297940340909,1574460350.2576108
0.03113103693181819,1574460350.6295853
