amperes,timestamp
0.03173828125,1574460978.7681327
0.030736860795454537,1574460979.1401107
0.03178888494318183,1574460979.5121677
0.043877397017045454,1574460979.884131
0.05011896306818181,1574460980.268131
0.04263671875000003,1574460980.6401448
0.04918279474431816,1574460981.012139
0.047363281250000035,1574460981.3841593
0.03965864701704543,1574460981.7681572
0.05034579190340908,1574460982.140181
0.04183283025568181,1574460982.5121877
0.04172762784090908,1574460982.8842103
0.03503861860795454,1574460983.2681491
0.04385253906250001,1574460983.6401742
0.039659534801136355,1574460984.0122082
0.03828346946022729,1574460984.3842173
0.029070490056818183,1574460984.7681868
0.02903675426136365,1574460985.1402168
0.029748757102272733,1574460985.512225
0.030760830965909095,1574460985.8842335
0.04639026988636362,1574460986.2682345
0.04098721590909094,1574460986.640213
0.030546431107954554,1574460987.0122437
0.029617808948863632,1574460987.384269
0.030704900568181818,1574460987.7682548
0.035216619318181826,1574460988.1402473
0.04036265980113635,1574460988.5122783
0.037544833096590895,1574460988.8843083
0.04171830610795455,1574460989.2682648
0.035043057528409055,1574460989.640291
0.033453924005681805,1574460990.0123143
0.028504971590909103,1574460990.384321
0.028288352272727274,1574460990.768299
0.028358043323863633,1574460991.1403265
0.030265891335227266,1574460991.5123205
0.03996360085227273,1574460991.884361
0.03539328835227273,1574460992.2683325
0.04124334161931815,1574460992.6403327
0.04388938210227272,1574460993.0123553
0.045352894176136346,1574460993.3843856
0.041972656250000004,1574460993.768395
0.03664950284090907,1574460994.1403592
0.0388241299715909,1574460994.5123734
0.03496271306818182,1574460994.884396
0.03332874644886362,1574460995.2683964
0.024681285511363636,1574460995.6404
0.023052645596590905,1574460996.0124588
0.024439808238636347,1574460996.3844898
0.024231178977272717,1574460996.768449
0.02381436434659092,1574460997.1404514
0.030284090909090917,1574460997.5124428
0.03141335227272728,1574460997.8844779
0.02991521661931818,1574460998.2684877
0.029560546874999982,1574460998.6404312
0.027422318892045435,1574460999.0124502
0.027942116477272738,1574460999.3844876
0.035562855113636375,1574460999.7684379
0.03968217329545459,1574461000.140468
0.04663529829545454,1574461000.5124872
0.0419167258522727,1574461000.8845086
0.03049316406250001,1574461001.2684655
0.030138494318181806,1574461001.6404881
0.035461647727272734,1574461002.0125246
0.03363991477272728,1574461002.384521
0.03376598011363635,1574461002.7684982
0.02856223366477271,1574461003.140512
0.033081498579545475,1574461003.5125377
0.02790838068181818,1574461003.8845704
0.032751686789772715,1574461004.2685568
0.02890003551136363,1574461004.6405294
0.027443181818181818,1574461005.012573
0.02781782670454545,1574461005.3845632
0.03227317116477274,1574461005.7685425
0.02619762073863635,1574461006.1405752
0.0287761896306818,1574461006.5126116
0.02735839843750002,1574461006.8846157
0.029892578125000006,1574461007.268594
0.029764293323863645,1574461007.6406019
0.027736594460227252,1574461008.012604
0.026795987215909103,1574461008.3846688
0.02917169744318182,1574461008.7686198
0.029849520596590913,1574461009.1406147
0.02796431107954547,1574461009.512653
0.026644620028409075,1574461009.884667
0.02928844105113637,1574461010.2686298
0.028750887784090892,1574461010.6406531
0.02699973366477273,1574461011.0126786
0.02735617897727271,1574461011.3846774
0.032132013494318185,1574461011.7686489
0.02600630326704546,1574461012.1406746
0.027607421874999982,1574461012.5126677
0.0271768465909091,1574461012.8847246
0.027882191051136363,1574461013.2686975
0.029601384943181812,1574461013.6406808
0.02804376775568182,1574461014.0127068
0.031048029119318164,1574461014.3847492
0.030057262073863625,1574461014.7687085
0.028468572443181808,1574461015.1407175
0.03132990056818182,1574461015.5127602
0.02735040838068181,1574461015.8847613
0.031241566051136357,1574461016.2687616
0.027645152698863643,1574461016.6407871
0.024730113636363637,1574461017.0127475
0.02442871093749999,1574461017.3847878
0.025320933948863644,1574461017.7688348
0.023160955255681827,1574461018.140822
0.02513583096590908,1574461018.5128276
0.024161931818181832,1574461018.8848386
0.02608354048295455,1574461019.268793
0.02754172585227272,1574461019.640809
0.025550870028409087,1574461020.012875
0.027350408380681826,1574461020.3848524
0.025391512784090905,1574461020.768826
0.02703391335227273,1574461021.1408074
0.024596502130681805,1574461021.5128489
0.023643022017045455,1574461021.8848424
0.02400612571022726,1574461022.2688267
0.025555308948863622,1574461022.640859
0.023937322443181818,1574461023.0128803
0.024750532670454566,1574461023.384883
0.023994140625000007,1574461023.768865
0.02423251065340909,1574461024.1408765
0.02553267045454545,1574461024.5128908
0.025016867897727252,1574461024.884914
0.02404563210227272,1574461025.2688978
0.024091352982954544,1574461025.64088
0.02486505681818183,1574461026.0129123
0.02346058238636364,1574461026.3849518
0.023508966619318183,1574461026.768901
0.02392089843749999,1574461027.1409264
0.02459472656250001,1574461027.5129454
0.025371981534090912,1574461027.8849568
0.024663085937500006,1574461028.2689419
0.024014559659090908,1574461028.6409595
0.02560680042613636,1574461029.012956
0.027798739346590887,1574461029.3849995
0.028453924005681804,1574461029.7689445
0.027479580965909103,1574461030.1409693
0.030668057528409107,1574461030.5129797
0.027157759232954572,1574461030.8850298
0.028647017045454557,1574461031.268984
0.02726207386363637,1574461031.6409912
0.030321377840909085,1574461032.0129948
0.03338334517045454,1574461032.3850422
0.03436567826704546,1574461032.7689989
0.02837846235795456,1574461033.141029
0.028661665482954565,1574461033.5130336
0.02822043678977273,1574461033.885052
0.029238281249999998,1574461034.2690613
0.028421075994318173,1574461034.6410475
0.027729048295454545,1574461035.0130632
0.02992897727272728,1574461035.3850865
0.028273703835227253,1574461035.7690544
0.02683061079545456,1574461036.1410847
0.0271004971590909,1574461036.5130951
0.033679865056818185,1574461036.8851051
0.02744273792613637,1574461037.2691035
0.028508966619318194,1574461037.6411066
0.028070401278409107,1574461038.013104
0.03187189275568181,1574461038.3851335
0.028845880681818207,1574461038.7691183
0.028752219460227255,1574461039.1411028
0.02829811789772726,1574461039.5131993
0.029407848011363636,1574461039.8852074
0.02699751420454546,1574461040.269173
0.027848455255681803,1574461040.6411772
0.026805308948863644,1574461041.0131767
0.025941051136363642,1574461041.3851964
0.02919788707386363,1574461041.7691398
0.027362393465909112,1574461042.1411588
0.027011718750000014,1574461042.5132022
0.02903764204545454,1574461042.8852308
0.02786576704545455,1574461043.2691803
0.027387251420454534,1574461043.641217
0.02751420454545454,1574461044.0132434
0.03151322798295455,1574461044.3852427
0.028789950284090923,1574461044.769213
0.026361416903409075,1574461045.141235
0.027831587357954532,1574461045.513302
0.027499556107954536,1574461045.8852785
0.027234996448863635,1574461046.2692523
0.027170188210227264,1574461046.6412556
0.02707919034090909,1574461047.0132709
0.02723233309659091,1574461047.3852868
0.027452947443181847,1574461047.7692559
0.027956764914772735,1574461048.1412728
0.02586070667613635,1574461048.5132897
0.02770374644886361,1574461048.8853061
0.02640403053977271,1574461049.2692966
0.027636274857954553,1574461049.6412933
0.027999822443181832,1574461050.0133061
0.027787642045454558,1574461050.3853474
0.028156072443181804,1574461050.7693017
0.026678799715909095,1574461051.1413288
0.027501331676136363,1574461051.513345
0.026714311079545455,1574461051.8853765
0.02719105113636363,1574461052.269321
0.0282186612215909,1574461052.6413646
0.027618963068181814,1574461053.0133734
0.026430220170454554,1574461053.3853776
0.028422407670454525,1574461053.7693746
0.027641157670454542,1574461054.141389
0.027370827414772734,1574461054.5133853
0.027276722301136366,1574461054.885417
0.028031338778409097,1574461055.2694051
0.02866521661931817,1574461055.6414018
0.02602849786931818,1574461056.0134213
0.027012162642045468,1574461056.3854246
0.029867276278409106,1574461056.769409
0.027387251420454554,1574461057.141438
0.027012162642045444,1574461057.5134444
0.027041015625,1574461057.885467
0.028277254971590917,1574461058.2694588
0.027034357244318196,1574461058.6414506
0.027116477272727268,1574461059.0134692
0.02854447798295455,1574461059.3855014
0.028616388494318176,1574461059.7694488
0.028509410511363645,1574461060.1415036
0.031207830255681832,1574461060.5135903
0.027850674715909105,1574461060.885607
0.027852450284090887,1574461061.269567
0.027047230113636366,1574461061.6415787
0.029307528409090896,1574461062.0135415
0.028162286931818173,1574461062.385535
0.027957208806818165,1574461062.7695205
0.028430397727272738,1574461063.141528
0.03483265269886363,1574461063.5135639
0.03044034090909091,1574461063.8855877
0.028593750000000005,1574461064.269571
0.03272682883522728,1574461064.64155
0.03103249289772728,1574461065.0135696
0.029983575994318175,1574461065.3855853
0.02893465909090909,1574461065.769562
0.02931818181818185,1574461066.1415994
0.027068093039772728,1574461066.5135896
0.02827991832386364,1574461066.8856163
0.02949129971590909,1574461067.2695975
0.028283913352272736,1574461067.641596
0.02763227982954547,1574461068.013618
0.02936656605113636,1574461068.3856642
0.028753107244318194,1574461068.7695975
0.027336647727272727,1574461069.1416285
0.028397549715909087,1574461069.5136597
0.028310102982954544,1574461069.8856535
0.027729492187500003,1574461070.269632
0.02849387428977272,1574461070.6416597
0.028615500710227247,1574461071.0136695
0.028162286931818166,1574461071.3856974
0.02763316761363635,1574461071.7696855
0.029028764204545435,1574461072.1416705
0.027798295454545454,1574461072.5137115
0.02797585227272726,1574461072.8857305
0.027693536931818166,1574461073.2696812
0.0296852805397727,1574461073.6417081
0.028202681107954552,1574461074.0137274
0.028137872869318188,1574461074.385727
0.02865855823863637,1574461074.7697022
0.027954545454545447,1574461075.1417544
0.028774857954545468,1574461075.5137346
0.028998579545454557,1574461075.8857691
0.028912020596590912,1574461076.2697659
0.02825372869318183,1574461076.641749
0.029042080965909073,1574461077.013765
0.028840553977272722,1574461077.3858042
0.02882412997159091,1574461077.7697487
0.027961203835227284,1574461078.1417968
0.030239701704545475,1574461078.5138156
0.028416193181818202,1574461078.8858364
0.027214133522727276,1574461079.2697873
0.028963512073863645,1574461079.6418214
0.03011807528409092,1574461080.014009
0.029252929687500016,1574461080.3858423
0.028435280539772723,1574461080.76982
0.02870561079545456,1574461081.1418545
0.028966175426136356,1574461081.5138729
0.027967418323863628,1574461081.8858747
0.02790616122159092,1574461082.2699158
0.029714133522727292,1574461082.641972
0.02859153053977273,1574461083.01393
0.02699485085227273,1574461083.385929
0.029551669034090924,1574461083.7698903
0.028598188920454536,1574461084.1419055
0.02801935369318182,1574461084.5139034
0.027566139914772747,1574461084.8859308
0.03022327769886364,1574461085.269892
0.028599520596590888,1574461085.6419072
0.0277579012784091,1574461086.0139234
0.029305752840909086,1574461086.3859212
0.02752041903409092,1574461086.7699106
0.02786487926136364,1574461087.1419482
0.027594992897727263,1574461087.5139549
0.029023437499999992,1574461087.8859682
0.027846235795454536,1574461088.269968
0.027299804687499978,1574461088.6419442
0.029140181107954546,1574461089.0139842
0.027700195312500026,1574461089.3860028
0.02771439985795456,1574461089.769948
0.027966974431818174,1574461090.1419792
0.031062233664772745,1574461090.5140045
0.02788041548295456,1574461090.8860385
0.02777121803977271,1574461091.2699873
0.031148792613636345,1574461091.642028
0.028619051846590894,1574461092.014023
0.027717063210227256,1574461092.3860333
0.02873313210227275,1574461092.7700183
0.029726562500000005,1574461093.142056
0.028734907670454547,1574461093.5140474
0.028097922585227288,1574461093.8860667
0.03343883167613637,1574461094.2700257
0.02933016690340909,1574461094.642071
0.02792835582386363,1574461095.0140748
0.03221812855113637,1574461095.3861103
0.03207120028409091,1574461095.7700713
0.029647105823863644,1574461096.142083
0.029272460937499988,1574461096.514119
0.028064630681818185,1574461096.886131
0.028477006392045468,1574461097.2701035
0.03084960937499999,1574461097.6421192
0.027440962357954544,1574461098.0141184
0.029573863636363627,1574461098.386152
0.0310480291193182,1574461098.7701418
0.028888050426136375,1574461099.1421285
0.02885742187500002,1574461099.5141497
0.028995472301136364,1574461099.886194
0.030734641335227273,1574461100.2701519
0.02855557528409091,1574461100.6421669
0.029434037642045455,1574461101.014155
0.02799849076704545,1574461101.3861992
0.02840598366477268,1574461101.770178
0.027787642045454558,1574461102.142198
0.02785733309659093,1574461102.5141976
0.03082830255681816,1574461102.886248
0.02742942116477274,1574461103.270195
0.028884499289772717,1574461103.6422
0.030856267755681822,1574461104.0142946
0.029237393465909062,1574461104.3862934
0.027804066051136368,1574461104.7702487
0.02735218394886367,1574461105.142248
0.03072398792613637,1574461105.5142486
0.02777033025568179,1574461105.8862822
0.027878196022727255,1574461106.2702677
0.030305397727272722,1574461106.6422732
0.029797585227272733,1574461107.0142748
0.028333629261363645,1574461107.3862753
0.030541104403409097,1574461107.7702684
0.030065252130681803,1574461108.1422815
0.027433860085227267,1574461108.5143085
0.028071289062499977,1574461108.8863387
0.029881924715909104,1574461109.2703073
0.02961115056818182,1574461109.6423287
0.027551491477272722,1574461110.0143344
0.02875399502840909,1574461110.3863597
0.03137118252840907,1574461110.7703109
0.028285245028409095,1574461111.1423295
0.028340731534090925,1574461111.5143595
0.02703924005681818,1574461111.8863726
0.028647460937500008,1574461112.270339
0.028393998579545467,1574461112.6423502
0.026979314630681827,1574461113.014349
0.030349343039772728,1574461113.3863978
0.02975008877840908,1574461113.7703524
0.027693093039772725,1574461114.14236
0.02821821732954546,1574461114.5143769
0.03105513139204547,1574461114.886403
0.028195578835227268,1574461115.2703824
0.029579634232954566,1574461115.642384
0.029512606534090893,1574461116.014395
0.02886274857954545,1574461116.3864279
0.027766335227272742,1574461116.7703605
0.028393110795454556,1574461117.1423867
0.028901811079545453,1574461117.5144346
0.027868430397727264,1574461117.8864322
0.028168057528409077,1574461118.2703962
0.029144620028409084,1574461118.642393
0.029070046164772705,1574461119.0144272
0.02741654829545453,1574461119.3864388
0.0290704900568182,1574461119.770399
0.030636541193181814,1574461120.1424189
0.028704279119318193,1574461120.5144823
0.02903364701704546,1574461120.8864698
0.028985706676136373,1574461121.270411
0.029424272017045432,1574461121.642435
0.027834250710227288,1574461122.0144384
0.028516956676136365,1574461122.3864625
0.03095925071022726,1574461122.7704265
0.027406338778409083,1574461123.1424534
0.02950328480113636,1574461123.5144641
0.029794921875000012,1574461123.8864908
0.035399946732954525,1574461124.270473
0.03275523792613637,1574461124.6424615
0.03020285866477271,1574461125.0144787
0.03542613636363637,1574461125.386477
0.030637872869318183,1574461125.7705147
0.0291162109375,1574461126.142508
0.02952281605113636,1574461126.514516
0.028346058238636347,1574461126.8865085
0.02829367897727272,1574461127.2704988
0.029335937500000013,1574461127.642515
0.029265802556818186,1574461128.0145133
0.02746848366477274,1574461128.3865302
0.02894264914772726,1574461128.7704773
0.029108664772727253,1574461129.142513
0.029147727272727273,1574461129.514517
0.028643465909090907,1574461129.886529
0.028859197443181828,1574461130.2705305
0.030067027698863633,1574461130.6425173
0.027796075994318173,1574461131.014543
0.02862792968750001,1574461131.3865597
0.026202059659090903,1574461131.7705014
0.028457031250000007,1574461132.142544
0.028727361505681837,1574461132.5145624
0.02885209517045455,1574461132.8865619
0.02910822088068181,1574461133.2705467
0.028296342329545452,1574461133.6425574
0.028033558238636375,1574461134.0145903
0.027306906960227258,1574461134.3865788
0.03079900568181818,1574461134.7705486
0.027682883522727283,1574461135.1425674
0.028476562500000028,1574461135.5145698
0.03074928977272727,1574461135.8865986
0.02888272372159093,1574461136.2705734
0.028000710227272747,1574461136.6425788
0.029992453835227265,1574461137.014611
0.030239257812500017,1574461137.3866332
0.02763494318181818,1574461137.7705703
0.029199662642045474,1574461138.1425917
0.028954190340909087,1574461138.514646
0.02890491832386364,1574461138.8866246
0.02819247159090911,1574461139.2706165
0.02919699928977273,1574461139.6426148
0.03487171519886366,1574461140.0146732
0.030611683238636354,1574461140.3866751
0.02908558238636366,1574461140.770614
0.02889470880681818,1574461141.1426344
0.03248490767045456,1574461141.514647
0.029802024147727275,1574461141.8866503
0.027140447443181843,1574461142.2706335
0.027968306107954543,1574461142.6426473
0.027930575284090906,1574461143.014643
0.030030628551136373,1574461143.3866725
0.028180042613636377,1574461143.7706375
0.027563032670454544,1574461144.1426353
0.028537819602272734,1574461144.514662
0.03061656605113635,1574461144.8866875
0.028267489346590898,1574461145.2706501
0.02889293323863635,1574461145.6426666
0.030374200994318167,1574461146.0146952
0.02975408380681819,1574461146.3867226
0.028602183948863623,1574461146.7706618
0.02904785156249999,1574461147.142741
0.031431551846590904,1574461147.514743
0.027710404829545437,1574461147.8867474
0.02820490056818183,1574461148.2707002
0.029024325284090904,1574461148.6427102
0.02818448153409091,1574461149.014726
0.027914595170454568,1574461149.3867269
0.027969193892045458,1574461149.7706797
0.028757546164772742,1574461150.142713
0.028232421875000004,1574461150.5147398
0.029352361505681802,1574461150.8867266
0.028017578125000005,1574461151.270721
0.028888494318181822,1574461151.6427352
0.028584872159090894,1574461152.014724
0.029000355113636363,1574461152.3867648
0.029212091619318186,1574461152.7707255
0.02921075994318181,1574461153.142731
0.028325639204545446,1574461153.5147607
0.02953302556818183,1574461153.8867693
0.02886807528409091,1574461154.2707434
0.02772372159090908,1574461154.6427555
0.03683283025568183,1574461155.0147848
0.029279563210227306,1574461155.3867762
0.030317826704545466,1574461155.7707484
0.03219238281249999,1574461156.142778
0.02924760298295455,1574461156.514793
0.027786754261363615,1574461156.8868058
0.02828835227272726,1574461157.2707787
0.027855557528409087,1574461157.642812
0.03180752840909092,1574461158.014797
0.026973987926136367,1574461158.3868263
0.02831365411931818,1574461158.770775
0.027712624289772742,1574461159.1428103
0.027856001420454544,1574461159.5148222
0.02896573153409088,1574461159.8868268
0.028357599431818165,1574461160.2707953
0.02964133522727273,1574461160.6428177
0.03011629971590909,1574461161.0148144
0.03267933238636365,1574461161.3868368
0.027809392755681814,1574461161.7708242
0.028854758522727265,1574461162.1428242
0.0305517578125,1574461162.514833
0.028097478693181813,1574461162.8868709
0.028432617187499988,1574461163.270818
0.029905894886363624,1574461163.6428516
0.0287606534090909,1574461164.0148733
0.02788529829545452,1574461164.386863
0.02783469460227273,1574461164.770851
0.030608575994318196,1574461165.1428692
0.02842640269886363,1574461165.5148747
0.029073153409090908,1574461165.8868961
0.02716086647727271,1574461166.2708826
0.02837047230113636,1574461166.6429458
0.027394353693181807,1574461167.0148966
0.027337979403409093,1574461167.3869104
0.030632990056818188,1574461167.7708728
0.028746448863636365,1574461168.1428926
0.02817072088068182,1574461168.5149865
0.0281170099431818,1574461168.8869836
0.029641779119318163,1574461169.2709289
0.03028542258522727,1574461169.6429327
0.037448064630681815,1574461170.014923
0.03261674360795452,1574461170.3869543
0.030416814630681827,1574461170.770891
0.032433860085227285,1574461171.1429222
0.028139648437499998,1574461171.5149362
0.030256569602272715,1574461171.8869352
0.028022460937499997,1574461172.2709215
0.02833274147727273,1574461172.6429422
0.02614968039772725,1574461173.0149455
0.0288924893465909,1574461173.386969
0.02834783380681819,1574461173.7709494
0.02736416903409088,1574461174.1429412
0.02938520951704546,1574461174.5149844
0.029387428977272714,1574461174.8869808
0.028222656250000002,1574461175.2709553
0.028106356534090923,1574461175.6429663
0.02801091974431817,1574461176.0149808
0.02784401633522729,1574461176.386975
0.027879971590909106,1574461176.7709663
0.02858043323863636,1574461177.1429796
0.029953391335227293,1574461177.5149806
0.028122780539772723,1574461177.8870025
0.028068181818181836,1574461178.2709932
0.03060280539772727,1574461178.642982
0.028626598011363642,1574461179.0149972
0.027916370738636356,1574461179.3870227
0.02895640980113636,1574461179.771008
0.026877663352272735,1574461180.1430142
0.02841308593750001,1574461180.5150375
0.029030095880681808,1574461180.887033
0.028944424715909082,1574461181.2710114
0.027073863636363642,1574461181.6430237
0.028327858664772727,1574461182.0150223
0.02811700994318182,1574461182.3870556
0.027713068181818158,1574461182.7710326
0.029125976562500003,1574461183.1430206
0.02798961292613637,1574461183.5150588
0.028204900568181823,1574461183.887062
0.02847656250000001,1574461184.2710662
0.028744673295454524,1574461184.6430457
0.03003551136363636,1574461185.015066
0.034351029829545424,1574461185.3871036
0.03119984019886364,1574461185.7710626
0.03304643110795456,1574461186.143067
0.030646306818181812,1574461186.5150826
0.028351384943181818,1574461186.887117
0.03067826704545454,1574461187.271088
0.02877707741477273,1574461187.643087
0.02822443181818182,1574461188.0150976
0.03104003906250003,1574461188.3871524
0.028809925426136355,1574461188.7710698
0.02773393110795454,1574461189.1430972
0.02934348366477272,1574461189.515121
0.02998890269886366,1574461189.8871124
0.027831143465909088,1574461190.2711604
0.02864479758522729,1574461190.6432066
0.028778852982954527,1574461191.0151663
0.028498313210227274,1574461191.3871577
0.02909845525568181,1574461191.7711322
0.028809037642045475,1574461192.1431289
0.028945312500000004,1574461192.5151632
0.028138316761363632,1574461192.8871593
0.027911487926136357,1574461193.27113
0.028247070312500004,1574461193.6431527
0.029046963778409107,1574461194.0151532
0.027274058948863623,1574461194.3871927
0.02784712357954547,1574461194.7711515
0.029943181818181806,1574461195.1431468
0.028725142045454545,1574461195.515173
0.029004794034090915,1574461195.8872027
0.029131747159090917,1574461196.2711577
0.029261807528409078,1574461196.6431682
0.028346058238636347,1574461197.0151894
0.028274591619318206,1574461197.3872042
0.029104669744318204,1574461197.771169
0.028685191761363634,1574461198.1431983
0.027801846590909098,1574461198.5151908
0.028996803977272726,1574461198.887229
0.02839488636363635,1574461199.2712123
0.028001598011363645,1574461199.6432345
0.028207120028409086,1574461200.0152788
0.030319602272727276,1574461200.3872395
0.030659179687500013,1574461200.7711933
0.02740056818181815,1574461201.1432133
0.02931862571022727,1574461201.5152445
0.029205433238636353,1574461201.8872447
0.02830743963068181,1574461202.2712271
0.02812011718750001,1574461202.6432402
0.02967640269886363,1574461203.0152547
0.03091574928977272,1574461203.3872712
0.027946999289772716,1574461203.771242
0.031156338778409075,1574461204.143265
0.027032137784090925,1574461204.51527
0.028193803267045472,1574461204.8872843
0.027943004261363633,1574461205.2712693
0.02918457031250001,1574461205.6432705
0.029746537642045445,1574461206.0152817
0.026958007812499993,1574461206.387306
0.02999200994318182,1574461206.7712605
0.02766024502840908,1574461207.1432958
0.028034002130681815,1574461207.5153122
0.02868297230113636,1574461207.8873272
0.0289786044034091,1574461208.2713013
0.028631480823863617,1574461208.643306
0.028105912642045462,1574461209.0153015
0.029363458806818177,1574461209.3873315
0.0293514737215909,1574461209.7713091
0.027221679687500007,1574461210.1433065
0.029124200994318183,1574461210.5153267
0.029565873579545453,1574461210.8873298
0.02848410866477272,1574461211.2713215
0.028484552556818206,1574461211.6434047
0.027840909090909086,1574461212.0154033
0.02815429687499999,1574461212.3874178
0.02741166548295454,1574461212.77134
0.029058948863636375,1574461213.1433434
0.029849964488636374,1574461213.5153794
0.030263227982954555,1574461213.8873942
0.02883078835227273,1574461214.2713559
0.029944957386363633,1574461214.6433868
0.0303076171875,1574461215.0153644
0.02959295099431819,1574461215.3874142
0.03856578480113634,1574461215.7713823
0.030904208096590915,1574461216.1433895
0.02793590198863636,1574461216.5153892
0.030719549005681836,1574461216.887423
0.029946289062499982,1574461217.2713728
0.03132368607954547,1574461217.64341
0.030904651988636372,1574461218.0154357
0.02760742187499999,1574461218.3874996
0.029810901988636382,1574461218.7714148
0.029410511363636368,1574461219.1434126
0.028810813210227274,1574461219.5154324
0.02879394531250001,1574461219.8874488
0.029043856534090924,1574461220.2714236
0.030323597301136346,1574461220.6434283
0.028976828835227276,1574461221.0154755
0.02907093394886362,1574461221.3874764
0.028272372159090894,1574461221.7714424
0.028734463778409092,1574461222.1434612
0.0279532137784091,1574461222.5154643
0.027660245028409088,1574461222.8875
0.02986372514204545,1574461223.2714484
0.027231445312499995,1574461223.643466
0.02821067116477272,1574461224.0154817
0.02979669744318181,1574461224.3874955
0.02885120738636364,1574461224.77148
0.027635830965909092,1574461225.1434891
0.031144353693181834,1574461225.5154886
0.03104137073863637,1574461225.8875132
0.027333540482954513,1574461226.271485
0.02799005681818183,1574461226.6435037
0.029468661221590916,1574461227.015525
0.030032848011363633,1574461227.3875155
0.02696111505681818,1574461227.7714922
0.02932128906249999,1574461228.1435065
0.028389559659090877,1574461228.5155258
0.028544477982954525,1574461228.8875399
0.028064186789772728,1574461229.271518
0.02716619318181818,1574461229.643519
0.028972833806818192,1574461230.0155456
0.027683327414772724,1574461230.38758
0.028292791193181826,1574461230.7715142
0.0314812677556818,1574461231.1435335
0.02949928977272726,1574461231.5156155
0.02748268821022725,1574461231.8876195
0.028515181107954538,1574461232.2715406
0.029231178977272704,1574461232.6436648
0.026924715909090895,1574461233.0156329
0.027759676846590916,1574461233.3876505
0.028110351562499997,1574461233.771596
0.02995960582386364,1574461234.1435988
0.03001109730113636,1574461234.5155828
0.02842462713068181,1574461234.8876185
0.030206853693181827,1574461235.2715638
0.029959161931818183,1574461235.6435933
0.030779474431818207,1574461236.0156066
0.031128817471590905,1574461236.387611
0.029596058238636355,1574461236.7715912
0.029942737926136356,1574461237.1436198
0.029568980823863604,1574461237.5156066
0.0291082208806818,1574461237.8876383
0.029572975852272722,1574461238.2716045
0.02877530184659092,1574461238.6436377
0.029682617187499986,1574461239.0156498
0.03269309303977272,1574461239.3876708
0.0402334872159091,1574461239.771623
0.03692249644886364,1574461240.1436293
0.03351695667613636,1574461240.515663
0.030226828835227267,1574461240.8876753
0.03375488281249999,1574461241.27165
0.03294167258522728,1574461241.6436732
0.032569691051136336,1574461242.0156577
0.03020241477272727,1574461242.3876798
0.029245827414772718,1574461242.7716608
0.030419034090909108,1574461243.1436586
0.03130593039772727,1574461243.5156813
0.029060280539772734,1574461243.887715
0.030011985085227268,1574461244.271667
0.032326438210227286,1574461244.6436942
0.029536576704545448,1574461245.0157208
0.031045809659090914,1574461245.3877087
0.029216974431818185,1574461245.7716832
0.04072310014204545,1574461246.143716
0.031097745028409104,1574461246.515718
0.03279074928977273,1574461246.8877306
0.03180353338068178,1574461247.2717023
0.029668856534090907,1574461247.6437135
0.02976074218749999,1574461248.015743
0.02806995738636365,1574461248.3877664
0.027303355823863618,1574461248.7717109
0.02829057173295454,1574461249.1437428
0.028891157670454536,1574461249.5157328
0.030347123579545453,1574461249.8877528
0.03023171164772726,1574461250.271735
0.028666104403409113,1574461250.643759
0.031538085937499995,1574461251.0157585
0.031071111505681835,1574461251.3877864
0.029291992187499994,1574461251.771754
0.030276544744318172,1574461252.1437666
0.03147949218750002,1574461252.515779
0.029828213778409097,1574461252.8878028
0.0291934481534091,1574461253.2717535
0.03177911931818182,1574461253.6437774
0.03045454545454546,1574461254.015812
0.02904607599431816,1574461254.387806
0.0316854580965909,1574461254.7718434
0.03131880326704547,1574461255.1438465
0.028837446732954543,1574461255.515852
0.031947354403409095,1574461255.8878386
0.031611328125000004,1574461256.2718167
0.028533824573863636,1574461256.643816
0.030403497869318164,1574461257.0158432
0.030979669744318202,1574461257.3878481
0.030079456676136356,1574461257.7718134
0.030748845880681806,1574461258.1438456
0.030458540482954544,1574461258.5158288
0.029822443181818207,1574461258.8878632
0.029498401988636364,1574461259.2718394
0.030917524857954546,1574461259.64385
0.029962713068181813,1574461260.0159123
0.032418323863636356,1574461260.3878913
0.028863636363636366,1574461260.7718475
0.03246582031250001,1574461261.1438808
0.028283913352272715,1574461261.5159009
0.031897194602272715,1574461261.8878856
0.03146262428977274,1574461262.2718663
0.02979359019886363,1574461262.6438832
0.029781605113636353,1574461263.0159044
0.03172230113636362,1574461263.3879058
0.03055664062499999,1574461263.7718894
0.028927556818181786,1574461264.1438851
0.03219327059659091,1574461264.515907
0.030866033380681827,1574461264.8879201
0.02898837002840909,1574461265.2718842
0.02962979403409093,1574461265.6439016
0.030566406250000008,1574461266.0159318
0.028425958806818176,1574461266.3879375
0.031224254261363656,1574461266.7719054
0.0289493075284091,1574461267.1439319
0.02984330610795454,1574461267.5159512
0.03108354048295455,1574461267.8879447
0.030628551136363626,1574461268.271936
0.029477982954545442,1574461268.6439314
0.03035200639204545,1574461269.0159671
0.031004083806818173,1574461269.387996
0.028384676846590916,1574461269.7719412
0.02992986505681817,1574461270.143953
0.029686612215909076,1574461270.5159943
0.03149369673295456,1574461270.887984
0.031158114346590906,1574461271.2719738
0.02946289062499999,1574461271.6439862
0.030036843039772717,1574461272.0159824
0.029726118607954533,1574461272.3880022
0.032736594460227274,1574461272.771998
0.02974209872159088,1574461273.1439924
0.029406516335227256,1574461273.5160327
0.030281871448863643,1574461273.8880432
0.02970436789772728,1574461274.271989
0.04344371448863635,1574461274.6439996
0.04978915127840912,1574461275.0160382
0.05061700994318182,1574461275.3880312
0.03325594815340909,1574461275.772066
0.03237127130681819,1574461276.1441052
0.030936168323863644,1574461276.516102
0.035881125710227266,1574461276.8880942
0.04190474076704545,1574461277.27206
0.03983398437500001,1574461277.6440501
0.04123490767045454,1574461278.0161114
0.04317649147727274,1574461278.3881068
0.03341708096590908,1574461278.7720475
0.030746182528409098,1574461279.1440763
0.03412420099431819,1574461279.5160625
0.03964399857954545,1574461279.888092
0.04210582386363636,1574461280.272078
0.032429421164772716,1574461280.6440718
0.03634277343749999,1574461281.0160866
0.044723899147727245,1574461281.3881245
0.03311257102272726,1574461281.7720752
0.041570933948863666,1574461282.1441069
0.03154829545454546,1574461282.51612
0.030758611505681814,1574461282.8881524
0.02961869673295456,1574461283.2720912
0.03973188920454546,1574461283.6441522
0.03683149857954543,1574461284.0161507
0.0389777166193182,1574461284.3881626
0.03757723721590912,1574461284.77212
0.0316131036931818,1574461285.144115
0.03195179332386362,1574461285.5161462
0.030958806818181816,1574461285.888173
0.04107599431818185,1574461286.2721164
0.03944691051136364,1574461286.6441438
0.030818093039772725,1574461287.016178
0.031030273437500006,1574461287.388195
0.03164728338068184,1574461287.7721484
0.03432750355113636,1574461288.1441677
0.03862082741477272,1574461288.516169
0.041813742897727275,1574461288.8881888
0.028981711647727285,1574461289.2721627
0.029958718039772722,1574461289.644172
0.033674538352272736,1574461290.016181
0.03792125355113637,1574461290.3882143
0.046528764204545436,1574461290.772161
0.042568359375,1574461291.1441917
0.03698020241477273,1574461291.5162287
0.03243119673295455,1574461291.8882656
0.03288396661931819,1574461292.2721996
0.04096147017045453,1574461292.6442223
0.032439186789772735,1574461293.016242
0.033054421164772724,1574461293.3882394
0.03389470880681819,1574461293.7722247
0.040208629261363635,1574461294.1442194
0.0338214666193182,1574461294.516243
0.0335977450284091,1574461294.888279
0.03379039417613637,1574461295.2722507
0.03665838068181819,1574461295.6442327
0.033507191051136344,1574461296.0162628
0.032215021306818185,1574461296.3882544
0.03215465198863636,1574461296.772241
0.0329265802556818,1574461297.1442738
0.032705522017045484,1574461297.5162857
0.03175115411931818,1574461297.888352
0.03227272727272727,1574461298.2722976
0.031541193181818174,1574461298.6443233
0.030844726562499997,1574461299.0163
0.03201526988636365,1574461299.388318
0.03081232244318181,1574461299.7722688
0.03128284801136364,1574461300.1442766
0.033820578835227266,1574461300.516311
