amperes,timestamp
0.030138494318181823,1574454377.9020133
0.03172407670454545,1574454378.2740388
0.031007634943181844,1574454378.6579952
0.048413085937500044,1574454379.0300171
0.0461279296875,1574454379.402036
0.04328169389204546,1574454379.774066
0.052265625000000024,1574454380.1580224
0.04569779829545455,1574454380.5300543
0.041869229403409085,1574454380.9020777
0.048806818181818194,1574454381.2740853
0.042322443181818145,1574454381.658028
0.043809037642045454,1574454382.030066
0.042340642755681834,1574454382.4020817
0.04575594815340911,1574454382.774092
0.044176136363636334,1574454383.158073
0.04078480113636363,1574454383.5300837
0.03846191406250001,1574454383.9020855
0.03602672230113639,1574454384.274139
0.03603648792613637,1574454384.6580932
0.031532315340909105,1574454385.0301075
0.035201083096590924,1574454385.4021826
0.03337002840909091,1574454385.7742116
0.038338512073863656,1574454386.1581686
0.03222700639204546,1574454386.5301788
0.027951882102272726,1574454386.9021468
0.028559126420454547,1574454387.2741907
0.03315740411931818,1574454387.658117
0.03570268110795453,1574454388.0301394
0.035843838778409104,1574454388.4021568
0.03560591264204543,1574454388.7742448
0.03950683593749998,1574454389.158182
0.03211558948863635,1574454389.5301743
0.03033735795454543,1574454389.9022114
0.02614346590909088,1574454390.2742155
0.025509588068181824,1574454390.658176
0.024905894886363654,1574454391.0302145
0.029541903409090915,1574454391.4022384
0.03231312144886366,1574454391.7742326
0.03467373934659093,1574454392.15822
0.032386363636363664,1574454392.5302267
0.034530806107954524,1574454392.9022624
0.03576704545454541,1574454393.274267
0.033280362215909104,1574454393.6582074
0.029729225852272716,1574454394.0302474
0.02571777343749999,1574454394.4022703
0.027016601562500006,1574454394.774289
0.03294833096590909,1574454395.158267
0.034266246448863606,1574454395.5302722
0.02865323153409092,1574454395.9023037
0.022721058238636384,1574454396.2743025
0.021337446732954547,1574454396.658283
0.021401811079545457,1574454397.030308
0.021362748579545465,1574454397.402334
0.02218350497159089,1574454397.774326
0.02526411576704544,1574454398.15831
0.027652254971590916,1574454398.5303218
0.026474609375000024,1574454398.9023297
0.027578568892045453,1574454399.2743752
0.035797230113636384,1574454399.6583316
0.03970791903409092,1574454400.030366
0.02913707386363636,1574454400.4023652
0.03020774147727273,1574454400.7743907
0.026290838068181804,1574454401.1583526
0.026790216619318193,1574454401.5303638
0.03527299360795454,1574454401.9023921
0.03477450284090908,1574454402.2744238
0.0395538884943182,1574454402.6583698
0.03736106178977276,1574454403.0303764
0.024571200284090895,1574454403.4024136
0.02674449573863637,1574454403.7744067
0.030222389914772697,1574454404.1584094
0.02570712002840908,1574454404.5304277
0.027243874289772745,1574454404.9024422
0.03231489701704546,1574454405.2744312
0.0252010830965909,1574454405.6584246
0.02408513849431818,1574454406.0304668
0.024216530539772733,1574454406.402458
0.02593439275568181,1574454406.7744565
0.02646218039772727,1574454407.158528
0.025144708806818163,1574454407.5305276
0.025275656960227284,1574454407.9025183
0.02395862926136363,1574454408.274553
0.02426846590909092,1574454408.6585026
0.026751598011363637,1574454409.0305011
0.026553622159090923,1574454409.4025238
0.024275568181818186,1574454409.7745485
0.02524014559659091,1574454410.1584904
0.02642489346590908,1574454410.5305157
0.025055930397727265,1574454410.9025505
0.024969815340909085,1574454411.274559
0.02428755326704544,1574454411.6585286
0.02326571377840908,1574454412.030551
0.02694335937500002,1574454412.4025412
0.02656871448863634,1574454412.7745755
0.02433638139204546,1574454413.1585617
0.02653409090909092,1574454413.530576
0.024465110085227275,1574454413.902583
0.026064009232954544,1574454414.2745917
0.02693714488636364,1574454414.6585429
0.024769620028409083,1574454415.0305963
0.02388671875000001,1574454415.4026186
0.027179509943181804,1574454415.7746463
0.025361328125,1574454416.158593
0.02405317826704544,1574454416.530616
0.02373623934659091,1574454416.9026566
0.02464932528409091,1574454417.2746472
0.026119939630681804,1574454417.6586316
0.024791370738636354,1574454418.0306602
0.023943980823863627,1574454418.402661
0.02536843039772728,1574454418.7746844
0.025618785511363637,1574454419.1586485
0.024391867897727272,1574454419.5306377
0.02407404119318183,1574454419.9026823
0.025344460227272717,1574454420.2747066
0.02732821377840912,1574454420.6586854
0.02500577059659089,1574454421.0306628
0.024008789062500008,1574454421.4026976
0.023674094460227273,1574454421.7747312
0.024525923295454544,1574454422.1586971
0.026617542613636375,1574454422.530715
0.02448419744318181,1574454422.9027495
0.024703480113636368,1574454423.2747498
0.025148259943181806,1574454423.658732
0.0254256924715909,1574454424.0307481
0.024490855823863615,1574454424.4027493
0.023267933238636355,1574454424.7747757
0.024692826704545437,1574454425.1587594
0.02702370383522728,1574454425.5307405
0.02504261363636362,1574454425.9027836
0.023578213778409067,1574454426.274807
0.023402876420454573,1574454426.6587646
0.026321022727272728,1574454427.0307796
0.022216352982954535,1574454427.4027975
0.024706143465909082,1574454427.7748294
0.02405184659090909,1574454428.158791
0.024253817471590933,1574454428.530815
0.025128284801136356,1574454428.9029095
0.024639559659090895,1574454429.2749138
0.023881392045454544,1574454429.6588686
0.024281782670454548,1574454430.0308738
0.02555087002840908,1574454430.402881
0.02469282670454547,1574454430.7748742
0.0235546875,1574454431.1588285
0.024999556107954554,1574454431.5308585
0.028140092329545452,1574454431.9028828
0.02651589133522727,1574454432.274908
0.02720348011363637,1574454432.658848
0.027588334517045454,1574454433.0308602
0.028278142755681815,1574454433.4029086
0.02793856534090909,1574454433.7749116
0.026719193892045436,1574454434.158889
0.02744273792613635,1574454434.5309157
0.03242054332386363,1574454434.9029405
0.03590598366477271,1574454435.2749429
0.02879261363636366,1574454435.658912
0.02935413707386363,1574454436.0309541
0.027130681818181818,1574454436.4029453
0.02943137428977272,1574454436.7749805
0.030389737215909086,1574454437.1589203
0.029608043323863603,1574454437.5309505
0.02488769531250002,1574454437.9029667
0.023126331676136373,1574454438.2749708
0.02370916193181816,1574454438.6589177
0.025719105113636346,1574454439.0309412
0.02322443181818182,1574454439.4029906
0.023614612926136376,1574454439.775002
0.024484641335227285,1574454440.1589599
0.024298206676136344,1574454440.5309782
0.029454900568181803,1574454440.903001
0.02577104048295453,1574454441.2750053
0.025309392755681816,1574454441.6589947
0.02472833806818181,1574454442.031012
0.025286310369318186,1574454442.4030216
0.028552468039772752,1574454442.775052
0.02593883167613638,1574454443.1590185
0.025991654829545456,1574454443.5310404
0.029405184659090918,1574454443.90304
0.02945978338068181,1574454444.2750645
0.027820046164772724,1574454444.659057
0.02829589843749998,1574454445.0310454
0.028136541193181812,1574454445.4030757
0.02948641690340911,1574454445.7750986
0.02822221235795454,1574454446.1590538
0.027444069602272716,1574454446.531082
0.026852805397727286,1574454446.903112
0.02792080965909091,1574454447.275118
0.02750799005681817,1574454447.6590786
0.026628196022727285,1574454448.0311072
0.027290482954545458,1574454448.4031284
0.029888139204545458,1574454448.775136
0.026763583096590902,1574454449.1591392
0.027830255681818183,1574454449.5311282
0.026271306818181815,1574454449.903144
0.0280508700284091,1574454450.2751658
0.025714666193181822,1574454450.659224
0.026763583096590913,1574454451.031221
0.027801846590909098,1574454451.4032226
0.02720037286931817,1574454451.7752328
0.02650523792613636,1574454452.1591718
0.026706321022727273,1574454452.5311882
0.02835848721590909,1574454452.9032035
0.028021573153409064,1574454453.275238
0.027619406960227272,1574454453.6591797
0.027877308238636347,1574454454.0312045
0.02826083096590911,1574454454.403241
0.0269970703125,1574454454.7752461
0.030599254261363645,1574454455.1592314
0.028091264204545465,1574454455.5312464
0.02821732954545454,1574454455.9032469
0.027550159801136353,1574454456.2752788
0.029097123579545442,1574454456.6592536
0.027820046164772717,1574454457.0312684
0.027681995738636365,1574454457.403278
0.029039861505681813,1574454457.7753224
0.028157848011363642,1574454458.1592631
0.027733931107954544,1574454458.5312827
0.02991654829545454,1574454458.9033165
0.027987837357954567,1574454459.2753456
0.027929687499999998,1574454459.6592727
0.027342418323863634,1574454460.0312948
0.027138671874999996,1574454460.4033153
0.028356711647727278,1574454460.7753272
0.027741477272727265,1574454461.1593084
0.027521750710227263,1574454461.5313432
0.030439009232954516,1574454461.90333
0.028117453835227263,1574454462.2753558
0.026875443892045457,1574454462.6593413
0.027910600142045452,1574454463.0313382
0.028374467329545433,1574454463.403352
0.02747958096590909,1574454463.775396
0.027550603693181814,1574454464.1593564
0.027509765625000012,1574454464.5313556
0.02813520951704546,1574454464.9033937
0.030142489346590907,1574454465.2754352
0.02755992542613637,1574454465.6593623
0.030898437499999997,1574454466.0314062
0.0334463778409091,1574454466.4034178
0.028148082386363633,1574454466.7754478
0.03346546519886364,1574454467.1594148
0.03031960227272729,1574454467.5314255
0.027544833096590903,1574454467.903442
0.029137517755681814,1574454468.275484
0.028083274147727263,1574454468.6594353
0.027839577414772724,1574454469.0314689
0.026696111505681814,1574454469.4034991
0.029135298295454522,1574454469.7754967
0.028629261363636364,1574454470.1594632
0.027795188210227254,1574454470.5314744
0.02878417968749999,1574454470.903608
0.02775079900568181,1574454471.2755313
0.027856445312500006,1574454471.6594777
0.02762162642045456,1574454472.0314896
0.029713689630681807,1574454472.403527
0.02812633167613635,1574454472.7755954
0.02810857599431818,1574454473.1595798
0.027309126420454535,1574454473.5316305
0.028342507102272745,1574454473.903552
0.02727006392045453,1574454474.275556
0.028034002130681808,1574454474.6595478
0.028737571022727285,1574454475.0315623
0.02789595170454546,1574454475.4035492
0.027987393465909085,1574454475.7756011
0.02892533735795454,1574454476.1595771
0.02816006747159093,1574454476.5315588
0.03036887428977273,1574454476.9035783
0.029138405539772733,1574454477.2756267
0.028968394886363637,1574454477.6595757
0.028239524147727284,1574454478.0316045
0.028314985795454547,1574454478.4036453
0.030153142755681834,1574454478.775638
0.029623135653409096,1574454479.1596138
0.028160511363636367,1574454479.531648
0.030088334517045463,1574454479.903639
0.032598544034090925,1574454480.2757118
0.0303142755681818,1574454480.6596375
0.02825328480113635,1574454481.03163
0.028912908380681814,1574454481.4036531
0.030039062500000005,1574454481.7756865
0.030530007102272716,1574454482.1596274
0.03052246093750001,1574454482.531667
0.028354936079545458,1574454482.9036844
0.028718483664772712,1574454483.27571
0.03108398437500002,1574454483.6598778
0.02878728693181818,1574454484.0321894
0.026950461647727266,1574454484.40397
0.030686257102272727,1574454484.7757125
0.0300341796875,1574454485.1597025
0.028478338068181824,1574454485.531713
0.031077769886363633,1574454485.9037137
0.02956853693181818,1574454486.2757661
0.028440163352272705,1574454486.6597157
0.030791903409090916,1574454487.0317264
0.029422940340909094,1574454487.4037542
0.02865500710227275,1574454487.7757747
0.030479403409090923,1574454488.1597297
0.029094460227272707,1574454488.5317566
0.02828924005681818,1574454488.9037807
0.029355912642045477,1574454489.275807
0.029323508522727276,1574454489.659764
0.029002130681818193,1574454490.0317783
0.02908691406250001,1574454490.4038365
0.030067471590909084,1574454490.7758088
0.02864479758522726,1574454491.159787
0.02839399857954545,1574454491.5318167
0.029340376420454565,1574454491.9038088
0.02844460227272729,1574454492.2758417
0.02871670809659091,1574454492.6598222
0.029022549715909094,1574454493.031816
0.02984952059659093,1574454493.4038475
0.028975497159090896,1574454493.7758653
0.031455965909090916,1574454494.1598449
0.031224698153409097,1574454494.5319293
0.028398437499999988,1574454494.9039292
0.030393732244318176,1574454495.275917
0.031990411931818175,1574454495.6598828
0.029531693892045456,1574454496.0318842
0.028807262073863634,1574454496.4039154
0.03539328835227271,1574454496.7759404
0.037770330255681814,1574454497.1599085
0.02868119673295454,1574454497.5319169
0.031006303267045437,1574454497.9039118
0.030825195312499998,1574454498.2759464
0.03192604758522729,1574454498.6599114
0.02926402698863637,1574454499.0319269
0.02993474786931818,1574454499.4039376
0.031882990056818196,1574454499.7759683
0.030735529119318202,1574454500.1599517
0.031228249289772726,1574454500.5319433
0.030866921164772725,1574454500.903989
0.029651988636363626,1574454501.2760096
0.029466441761363645,1574454501.659956
0.032731711647727264,1574454502.0319812
0.031040926846590922,1574454502.4040027
0.028932439630681817,1574454502.7760038
0.031093750000000017,1574454503.159993
0.030884232954545485,1574454503.532
0.028281249999999997,1574454503.9040225
0.02885786576704544,1574454504.2760537
0.03292302911931818,1574454504.6600227
0.02903542258522726,1574454505.0320227
0.03115189985795454,1574454505.4040427
0.033699840198863636,1574454505.7760763
0.029812233664772723,1574454506.1600459
0.02938565340909088,1574454506.5320349
0.030805220170454554,1574454506.9040716
0.028935990767045443,1574454507.2760932
0.029327059659090927,1574454507.6600473
0.028953302556818186,1574454508.032087
0.031915394176136355,1574454508.4040947
0.028204900568181805,1574454508.7761023
0.02958407315340908,1574454509.1600883
0.027174183238636358,1574454509.532109
0.028004261363636374,1574454509.9041147
0.02894620028409092,1574454510.276126
0.029005237926136365,1574454510.6601076
0.032717063210227264,1574454511.0321326
0.029394531249999998,1574454511.4041371
0.02996404474431818,1574454511.7763019
0.03192737926136363,1574454512.1601841
0.029441139914772728,1574454512.5321422
0.03056685014204547,1574454512.9041674
0.02943892045454547,1574454513.276196
0.02927734375000002,1574454513.6601613
0.02922585227272726,1574454514.0321858
0.030844726562499994,1574454514.4042015
0.03040482954545455,1574454514.7762046
0.029295543323863638,1574454515.1601777
0.030392400568181824,1574454515.5322003
0.03243252840909091,1574454515.904202
0.02934303977272729,1574454516.276314
0.029695490056818166,1574454516.6602623
0.030029296874999986,1574454517.032281
0.029416725852272754,1574454517.404289
0.029415838068181814,1574454517.7763016
0.030559747869318168,1574454518.1603925
0.029452237215909113,1574454518.532279
0.029080699573863632,1574454518.904257
0.02907759232954545,1574454519.2762802
0.032019708806818196,1574454519.6602507
0.028487215909090924,1574454520.032302
0.030347567471590894,1574454520.404452
0.030157137784090918,1574454520.7762945
0.02965376420454545,1574454521.1602821
0.030475408380681808,1574454521.5322976
0.028923561789772716,1574454521.904326
0.029422052556818207,1574454522.2763202
0.029236949573863632,1574454522.6603096
0.02890980113636365,1574454523.0323422
0.0318088600852273,1574454523.40433
0.028320756392045447,1574454523.7763581
0.029785600142045458,1574454524.1603296
0.027126242897727266,1574454524.532327
0.02829279119318181,1574454524.9043665
0.031174538352272733,1574454525.2763863
0.027939009232954556,1574454525.6604848
0.038198686079545456,1574454526.032371
0.0291952237215909,1574454526.404385
0.030865145596590884,1574454526.7763953
0.030156693892045453,1574454527.1603937
0.03000310724431818,1574454527.5323997
0.03399325284090909,1574454527.9043941
0.03726162997159092,1574454528.276419
0.032610973011363655,1574454528.6603985
0.03327148437499999,1574454529.0324287
0.032719282670454534,1574454529.4044206
0.03135431463068182,1574454529.7764444
0.03107288707386363,1574454530.160433
0.03180264559659091,1574454530.5324256
0.029909446022727285,1574454530.9044557
0.030395951704545444,1574454531.2764761
0.030215287642045438,1574454531.6604378
0.032286487926136365,1574454532.0324569
0.03078968394886362,1574454532.404504
0.030312056107954566,1574454532.7765067
0.030610351562500002,1574454533.1604736
0.02969327059659091,1574454533.5325065
0.028944424715909085,1574454533.9045444
0.028688299005681827,1574454534.2765095
0.028998579545454536,1574454534.6605177
0.03164639559659091,1574454535.0325558
0.02995649857954546,1574454535.4045515
0.03146573153409092,1574454535.7765517
0.03105735085227271,1574454536.160563
0.030156693892045467,1574454536.5325792
0.03162464488636363,1574454536.9045765
0.027543945312500012,1574454537.2766101
0.029814009232954533,1574454537.660566
0.03092950994318182,1574454538.0326574
0.029774946732954548,1574454538.4046628
0.030092773437500032,1574454538.7766614
0.02984774502840908,1574454539.1606154
0.029604048295454554,1574454539.532618
0.029541903409090905,1574454539.9046345
0.033918678977272736,1574454540.2766764
0.02885653409090907,1574454540.6606214
0.029620028409090924,1574454541.0326312
0.0294491299715909,1574454541.404645
0.028355379971590905,1574454541.7766688
0.029152166193181808,1574454542.1606507
0.032927468039772714,1574454542.5326715
0.03181152343750001,1574454542.9046683
0.028477450284090912,1574454543.276699
0.029302201704545453,1574454543.6606793
0.03191983309659092,1574454544.032666
0.029153497869318187,1574454544.4047153
0.030989435369318166,1574454544.7767243
0.03242453835227273,1574454545.1606443
0.03080877130681818,1574454545.5327094
0.030594815340909107,1574454545.9047256
0.030849165482954556,1574454546.27673
0.031077769886363626,1574454546.660708
0.0300537109375,1574454547.0327368
0.03104625355113637,1574454547.4047444
0.03014204545454545,1574454547.7767289
0.029521928267045444,1574454548.1607513
0.030298295454545474,1574454548.5327563
0.031648171164772754,1574454548.9047658
0.028604403409090904,1574454549.2768033
0.03049272017045453,1574454549.6607788
0.031019176136363635,1574454550.032761
0.030658735795454556,1574454550.4047856
0.031102627840909097,1574454550.7768085
0.030660511363636355,1574454551.1608076
0.03005548650568184,1574454551.5328162
0.02958718039772728,1574454551.9048464
0.03124644886363637,1574454552.2768426
0.03059437144886365,1574454552.6607912
0.029460671164772752,1574454553.0328412
0.029555220170454543,1574454553.4048505
0.03211914062499998,1574454553.7768588
0.02904296874999998,1574454554.1608284
0.032014825994318194,1574454554.5328708
0.0311931818181818,1574454554.9048338
0.030266779119318188,1574454555.2769003
0.030913529829545452,1574454555.6608737
0.030342240767045454,1574454556.0328763
0.029883700284090896,1574454556.4048996
0.029949396306818196,1574454556.776925
0.03062943892045454,1574454557.1609015
0.03139604048295457,1574454557.5329137
0.028834339488636365,1574454557.9049304
0.038828125000000005,1574454558.2769403
0.032015713778409095,1574454558.6608913
0.03121049360795452,1574454559.0329306
0.03340332031250001,1574454559.4050066
0.032935458096590924,1574454559.776957
0.031402698863636364,1574454560.1609862
0.030922407670454524,1574454560.5329876
0.03028009588068182,1574454560.9049869
0.03309082031250002,1574454561.2769563
0.028750443892045445,1574454561.660972
0.03141779119318181,1574454562.033016
0.030269886363636367,1574454562.4050064
0.029423828125000002,1574454562.777025
0.030518022017045468,1574454563.1609797
0.03206054687499999,1574454563.5330036
0.03054021661931817,1574454563.905039
0.02932528409090909,1574454564.2770362
0.027977627840909104,1574454564.6610234
0.030198863636363635,1574454565.033029
0.02989124644886363,1574454565.405036
0.028854314630681836,1574454565.7770708
0.03048384232954547,1574454566.161046
0.030608575994318196,1574454566.5330598
0.029386541193181823,1574454566.905057
0.02904163707386364,1574454567.2770925
0.030476740056818167,1574454567.6610634
0.03076038707386365,1574454568.033069
0.03126819957386364,1574454568.4050937
0.030518022017045437,1574454568.7771308
0.029775834517045453,1574454569.1610954
0.02929332386363636,1574454569.5330966
0.031296164772727286,1574454569.905111
0.03053089488636364,1574454570.2771008
0.029241388494318163,1574454570.6611106
0.029630681818181823,1574454571.0331151
0.02975585937499998,1574454571.4051094
0.028712269176136365,1574454571.7771437
0.028893821022727265,1574454572.1611407
0.030656072443181817,1574454572.5331326
0.02941317471590908,1574454572.905157
0.029350585937500007,1574454573.277184
0.029397194602272712,1574454573.66116
0.028804598721590916,1574454574.033161
0.02842950994318183,1574454574.4051719
0.028433504971590903,1574454574.777216
0.030028409090909116,1574454575.161151
0.03091796875000002,1574454575.5331986
0.029074041193181802,1574454575.9052136
0.030685369318181797,1574454576.2772274
0.03174183238636362,1574454576.6612127
0.02849742542613637,1574454577.0332327
0.030852272727272725,1574454577.4052577
0.030550870028409075,1574454577.7772522
0.028875621448863648,1574454578.1612303
0.030217507102272702,1574454578.533256
0.02962935014204545,1574454578.9052644
0.02926713423295457,1574454579.277289
0.02898437499999997,1574454579.6612575
0.029311079545454557,1574454580.0332649
0.03293678977272727,1574454580.4052854
0.028734463778409085,1574454580.7773228
0.030178444602272737,1574454581.1612728
0.03242276278409089,1574454581.533352
0.02935946377840908,1574454581.9053519
0.030115855823863648,1574454582.2773678
0.032184836647727304,1574454582.6613262
0.02961425781249998,1574454583.033331
0.029438920454545447,1574454583.4053543
0.031029829545454555,1574454583.7773774
0.029459783380681826,1574454584.161318
0.028903586647727266,1574454584.5333543
0.029594726562500017,1574454584.9053457
0.0316641512784091,1574454585.2773886
0.028851651278409083,1574454585.6613584
0.03070756392045455,1574454586.0333428
0.02609197443181817,1574454586.4054093
0.029410955255681805,1574454586.7773755
0.029473100142045457,1574454587.1613662
0.03012828480113636,1574454587.5333922
0.03152965198863637,1574454587.9054086
0.03308504971590909,1574454588.2774215
0.035444779829545484,1574454588.661394
0.030277432528409094,1574454589.0334141
0.033958185369318175,1574454589.405432
0.031545632102272715,1574454589.7774327
0.03217862215909091,1574454590.161462
0.031050692471590913,1574454590.533439
0.02893909801136365,1574454590.905462
0.031413352272727305,1574454591.2774734
0.030949928977272723,1574454591.661441
0.028295898437500005,1574454592.033456
0.030778142755681796,1574454592.4054885
0.030422141335227273,1574454592.7775085
0.029098455255681843,1574454593.1614692
0.03185147372159091,1574454593.5334873
0.02895419034090908,1574454593.9055197
0.02991965553977271,1574454594.277521
0.02947798295454546,1574454594.66148
0.0314013671875,1574454595.033496
0.030814098011363637,1574454595.405534
0.029305752840909083,1574454595.777545
0.029457563920454535,1574454596.161515
0.02900790127840909,1574454596.533553
0.0295108309659091,1574454596.9055538
0.0300830078125,1574454597.2775683
0.031198064630681817,1574454597.6615627
0.03395463423295456,1574454598.0335875
0.03091530539772726,1574454598.405578
0.031181640625000007,1574454598.7776115
0.031377397017045436,1574454599.1615684
0.030120294744318172,1574454599.533581
0.031242897727272723,1574454599.9056127
0.034918323863636365,1574454600.2776341
0.030298739346590907,1574454600.6616094
0.031772017045454536,1574454601.033626
0.028447265625000006,1574454601.4056356
0.02969060724431818,1574454601.7776506
0.02951926491477272,1574454602.1616251
0.029417169744318183,1574454602.5336545
0.030626331676136355,1574454602.9056373
0.030066583806818183,1574454603.2777421
0.03071200284090909,1574454603.6616933
0.030261452414772724,1574454604.0337048
0.03030495383522725,1574454604.4056985
0.029424715909090907,1574454604.777666
0.030261452414772724,1574454605.1616764
0.03151500355113635,1574454605.5337
0.02907759232954546,1574454605.9057028
0.029428710937500015,1574454606.2777538
0.030776367187499997,1574454606.66168
0.029454900568181813,1574454607.0337121
0.030766601562500006,1574454607.4057364
0.03184792258522725,1574454607.777734
0.030174005681818182,1574454608.1617165
0.02976074218749999,1574454608.5337348
0.03244273792613637,1574454608.9057426
0.0307821377840909,1574454609.2777724
0.0284512606534091,1574454609.6617558
0.03195046164772726,1574454610.0337753
0.03149591619318183,1574454610.4057748
0.02978781960227275,1574454610.777802
0.02964710582386363,1574454611.1617754
0.03339444247159091,1574454611.533789
0.030529563210227283,1574454611.9058018
0.030287642045454533,1574454612.2778287
0.029205433238636353,1574454612.661793
0.03084605823863636,1574454613.033805
0.028897372159090908,1574454613.4058156
0.029840642755681848,1574454613.777826
0.0286971768465909,1574454614.1618102
0.030138938210227253,1574454614.5338354
0.02959960937500001,1574454614.9058359
0.029589843750000008,1574454615.277864
0.03205610795454544,1574454615.6618316
0.02887695312499999,1574454616.0338712
0.03177556818181819,1574454616.4058638
0.030910422585227276,1574454616.7778966
0.029985795454545456,1574454617.1618507
0.031984197443181796,1574454617.5338707
0.028920010653409087,1574454617.9059074
0.030092773437499998,1574454618.2779174
0.03125577059659089,1574454618.6618538
0.03811789772727275,1574454619.0339127
0.030344904119318197,1574454619.4059193
0.03134232954545456,1574454619.777931
0.032938565340909096,1574454620.1618774
0.02991876775568182,1574454620.5339348
0.0299267578125,1574454620.9059365
0.029456676136363644,1574454621.277973
0.029900124289772737,1574454621.6619184
0.0318319424715909,1574454622.03396
0.029744318181818195,1574454622.405965
0.02997292258522727,1574454622.7779858
0.031684126420454546,1574454623.1619759
0.03006747159090909,1574454623.5339694
0.03006613991477273,1574454623.905995
0.030485174005681803,1574454624.278018
0.029596502130681827,1574454624.6619816
0.02875665838068183,1574454625.0340874
0.031618430397727285,1574454625.4060793
0.030527787642045456,1574454625.7780828
0.03036088423295456,1574454626.1620417
0.030931729403409082,1574454626.5340323
0.03176669034090909,1574454626.9060621
0.03035822088068182,1574454627.2780824
0.030736416903409083,1574454627.662043
0.03131613991477273,1574454628.0340695
0.029865500710227266,1574454628.4060755
0.02997824928977274,1574454628.778095
0.031802645596590906,1574454629.1620703
0.030771484374999995,1574454629.5340862
0.030130504261363645,1574454629.9060802
0.029678622159090905,1574454630.2781088
0.03268155184659092,1574454630.662073
0.029391424005681805,1574454631.0341067
0.029752752130681813,1574454631.406116
0.029591175426136367,1574454631.7781243
0.02972922585227272,1574454632.1620865
0.029442471590909097,1574454632.534112
0.028795720880681826,1574454632.9061463
0.030189098011363654,1574454633.2781537
0.02863813920454546,1574454633.6621084
0.030958362926136358,1574454634.0341587
0.030186878551136352,1574454634.4061556
0.02899058948863638,1574454634.7781808
0.029544566761363637,1574454635.162163
0.03049183238636364,1574454635.534186
0.029931640625000006,1574454635.9061604
0.028084161931818178,1574454636.278207
0.03081809303977271,1574454636.662195
0.02900346235795454,1574454637.0341995
0.029854847301136356,1574454637.4062228
0.029525035511363658,1574454637.778238
0.030195312499999988,1574454638.1622128
0.030921075994318176,1574454638.5342145
0.028447709517045467,1574454638.906241
0.030773703835227272,1574454639.2782683
0.031020507812499997,1574454639.662226
0.028638139204545474,1574454640.0342574
0.030933948863636367,1574454640.4062667
0.029628018465909105,1574454640.778263
0.029723899147727273,1574454641.162274
0.029680397727272722,1574454641.5342853
0.0294158380681818,1574454641.9062912
0.030032404119318172,1574454642.2783005
0.028637251420454563,1574454642.6622882
0.030468306107954524,1574454643.0342956
0.03252485795454546,1574454643.4062953
0.02990589488636362,1574454643.7783172
0.03035023082386363,1574454644.162298
0.030831853693181817,1574454644.534309
0.02976873224431819,1574454644.90635
0.02960316051136362,1574454645.2783456
0.03127974076704546,1574454645.6623232
0.03101384943181817,1574454646.0343552
0.028583984374999986,1574454646.4063807
0.029723899147727256,1574454646.7784567
0.03101207386363635,1574454647.1623833
0.029098455255681808,1574454647.5344005
0.031006747159090912,1574454647.906404
0.031542080965909096,1574454648.2784178
0.02982688210227276,1574454648.6623788
0.03761674360795459,1574454649.0344176
0.031826171875,1574454649.40642
0.030719105113636385,1574454649.7784076
0.0325235262784091,1574454650.1624024
0.03415571732954547,1574454650.5344126
0.02922718394886364,1574454650.906442
0.029829989346590913,1574454651.2784264
0.02932927911931822,1574454651.662398
0.030752840909090903,1574454652.034434
0.03179332386363635,1574454652.4064507
0.028769087357954547,1574454652.778478
0.029524591619318145,1574454653.1624346
0.03168146306818182,1574454653.5344534
0.029291104403409082,1574454653.90648
0.03129705255681818,1574454654.2784839
0.030687588778409085,1574454654.6624763
0.029723011363636323,1574454655.0344524
0.030727982954545464,1574454655.4064782
0.030147816051136353,1574454655.778499
0.03052379261363637,1574454656.1625102
0.02986150568181819,1574454656.534504
0.029066051136363638,1574454656.9065037
0.03267444957386365,1574454657.2785072
0.02816450639204545,1574454657.6624799
0.03046253551136364,1574454658.0345068
0.03092462713068179,1574454658.406508
0.029684836647727295,1574454658.7785313
0.030451438210227263,1574454659.1625206
0.029807794744318168,1574454659.534537
0.030182439630681814,1574454659.9065385
0.031188742897727266,1574454660.2785661
0.03169611150568183,1574454660.6625695
0.029811789772727276,1574454661.0345645
0.02927112926136361,1574454661.406569
0.03123357599431815,1574454661.7785897
0.03357377485795453,1574454662.1625502
0.030679598721590914,1574454662.5345712
0.03063254616477273,1574454662.906601
0.03112215909090909,1574454663.278602
0.0415673828125,1574454663.6625757
0.05047585227272725,1574454664.0346036
0.048192915482954526,1574454664.4066112
0.03366566051136362,1574454664.7786345
0.037126686789772705,1574454665.1626112
0.04422762784090909,1574454665.5346081
0.042643377130681795,1574454665.9066331
0.04022682883522724,1574454666.2786598
0.04086425781249998,1574454666.6626346
0.043291015625000005,1574454667.0346487
0.03328968394886363,1574454667.4066691
0.04177201704545455,1574454667.7786906
0.03198109019886364,1574454668.16265
0.03257057883522727,1574454668.534749
0.04324573863636369,1574454668.9067476
0.038905806107954535,1574454669.2787511
0.029237837357954533,1574454669.6627078
0.0370028409090909,1574454670.0347083
0.03463645241477274,1574454670.4067333
0.029984463778409066,1574454670.7787313
0.04188698508522724,1574454671.1626992
0.031645951704545455,1574454671.5347066
0.028587091619318182,1574454671.906732
0.029165926846590907,1574454672.2787592
0.03317826704545455,1574454672.662737
0.03406116832386363,1574454673.0347376
0.03401677911931819,1574454673.4067638
0.038413973721590916,1574454673.7787917
0.032760120738636364,1574454674.1627655
0.028245738636363624,1574454674.5347738
0.02843883167613638,1574454674.906796
0.028122780539772706,1574454675.2788017
0.03948330965909092,1574454675.6627815
0.03982599431818183,1574454676.0347974
0.03115323153409091,1574454676.4067976
0.028857421874999997,1574454676.7788293
0.03238014914772728,1574454677.1628096
0.03450594815340908,1574454677.5348167
0.03409978693181817,1574454677.9068398
0.04064186789772725,1574454678.2788837
0.03146084872159089,1574454678.6628559
0.02452769886363636,1574454679.034845
0.027484019886363637,1574454679.4068832
0.026778231534090917,1574454679.7793224
0.03129438920454547,1574454680.1632507
0.04279341264204547,1574454680.5349023
0.04664062500000004,1574454680.9070942
0.03151234019886366,1574454681.2789373
0.03170765269886364,1574454681.6630886
0.02928267045454547,1574454682.0349355
0.03386896306818182,1574454682.406949
0.037892844460227275,1574454682.7789736
0.031272638494318196,1574454683.1629512
0.031026278409090925,1574454683.534973
0.0320205965909091,1574454683.906946
0.03868075284090911,1574454684.278996
0.03251198508522729,1574454684.6629622
0.03180664062499999,1574454685.0351145
0.03103338068181818,1574454685.4069757
0.035075461647727235,1574454685.7790303
0.031216708096590932,1574454686.1629698
0.030197088068181794,1574454686.5350025
0.03073641690340908,1574454686.9070475
0.031234907670454563,1574454687.2790594
0.0306218927556818,1574454687.6629996
0.029783380681818166,1574454688.0350227
0.031710316051136354,1574454688.4070282
0.029969815340909107,1574454688.7790637
0.030260120738636355,1574454689.1630387
0.030720880681818205,1574454689.5350773
0.031378284801136344,1574454689.9070575
0.030662286931818175,1574454690.2791595
0.03081986860795456,1574454690.6631162
