amperes,timestamp
0.038102805397727264,1574554201.2794619
0.041674360795454515,1574554201.651776
0.03957519531250004,1574554202.0234838
0.0532341974431818,1574554202.3954792
0.060627663352272765,1574554202.7794516
0.055924183238636335,1574554203.1518226
0.06375088778409087,1574554203.5234377
0.058002929687500024,1574554203.8955603
0.052579012784090884,1574554204.2794209
0.05559170809659085,1574554204.6516848
0.061936257102272754,1574554205.0235207
0.06891912286931813,1574554205.3954647
0.03529341264204544,1574554205.7794387
0.05011541193181816,1574554206.151794
0.06801669034090908,1574554206.5235467
0.07640669389204545,1574554206.8954887
0.07970126065340913,1574554207.279458
0.053588867187499986,1574554207.6517687
0.04551180752840909,1574554208.0235436
0.044501509232954574,1574554208.3954904
0.051890980113636374,1574554208.7794793
0.04699751420454547,1574554209.151511
0.04333939985795452,1574554209.5235639
0.04551047585227271,1574554209.8955586
0.0459064275568182,1574554210.279562
0.0518523615056818,1574554210.6515167
0.04184037642045453,1574554211.023549
0.03897061434659093,1574554211.3955965
0.03950816761363636,1574554211.7795289
0.036737837357954564,1574554212.1515257
0.03749422940340908,1574554212.5235555
0.03812588778409091,1574554212.8956199
0.04322132457386361,1574554213.2795517
0.03912863991477273,1574554213.6515734
0.03760253906250002,1574554214.023594
0.03496493252840908,1574554214.3955827
0.036954012784090925,1574554214.779592
0.03585537997159092,1574554215.1516237
0.038516512784090906,1574554215.5235944
0.03865678267045455,1574554215.8956435
0.03769841974431819,1574554216.2795827
0.03666415127840907,1574554216.6516244
0.03697398792613634,1574554217.0236404
0.03767223011363639,1574554217.3956785
0.03665172230113636,1574554217.7796519
0.034105113636363656,1574554218.1516619
0.03510830965909091,1574554218.5236683
0.03944380326704546,1574554218.8956895
0.03855601917613636,1574554219.279697
0.03828835227272726,1574554219.6516798
0.03897017045454548,1574554220.023691
0.03357155539772726,1574554220.3957064
0.037346857244318174,1574554220.779667
0.03470126065340908,1574554221.1517015
0.03477183948863636,1574554221.5237024
0.03841619318181817,1574554221.8957412
0.036100852272727274,1574554222.2797117
0.03344282670454545,1574554222.651717
0.036381835937499996,1574554223.0237455
0.03812721946022726,1574554223.3958411
0.034704811789772715,1574554223.7798119
0.03444069602272727,1574554224.1518004
0.03717684659090907,1574554224.5238035
0.0377658913352273,1574554224.8958027
0.03585893110795453,1574554225.2797775
0.036280184659090935,1574554225.6517777
0.03740101207386363,1574554226.0238614
0.035386629971590915,1574554226.395793
0.03752574573863635,1574554226.779784
0.035421253551136345,1574554227.1518114
0.036760475852272746,1574554227.5238748
0.03821688565340909,1574554227.8958423
0.0554021661931818,1574554228.2797933
0.047542613636363654,1574554228.6518703
0.05521972656249998,1574554229.0239198
0.06391068892045455,1574554229.3958702
0.06103027343749998,1574554229.7798471
0.08277343750000002,1574554230.1518567
0.08408913352272727,1574554230.5238752
0.06255548650568181,1574554230.895927
0.06375,1574554231.279864
0.059335049715909104,1574554231.6518977
0.03405317826704544,1574554232.0239573
0.021368075284090914,1574554232.3959165
0.018197798295454547,1574554232.7798958
0.020376420454545446,1574554233.1520576
0.021621981534090923,1574554233.5240238
0.016776012073863637,1574554233.8959098
0.01777876420454545,1574554234.2799027
0.020404385653409077,1574554234.6520743
0.018605291193181824,1574554235.0239542
0.019985795454545437,1574554235.395947
0.024275124289772753,1574554235.7799525
0.016258433948863636,1574554236.1521118
0.01785289417613636,1574554236.5241308
0.02341086647727274,1574554236.8959675
0.02195312500000001,1574554237.2799323
0.02116654829545456,1574554237.6521792
0.0144580078125,1574554238.0240035
0.014835316051136355,1574554238.3959734
0.01790039062499999,1574554238.77998
0.01347833806818181,1574554239.1522067
0.013529385653409087,1574554239.52403
0.015998757102272727,1574554239.8960202
0.01456365411931818,1574554240.2800028
0.018363813920454553,1574554240.652233
0.013695401278409087,1574554241.0240312
0.011875443892045456,1574554241.3960397
0.016527876420454533,1574554241.7800171
0.012811612215909091,1574554242.1521852
0.01277476917613636,1574554242.5240593
0.01542258522727272,1574554242.8960702
0.012568803267045462,1574554243.280012
0.01310014204545455,1574554243.6521883
0.013540926846590915,1574554244.0240755
0.011828391335227272,1574554244.396078
0.014116654829545454,1574554244.7800887
0.014450017755681815,1574554245.152299
0.015946377840909097,1574554245.524152
0.016765802556818157,1574554245.8961608
0.011261985085227274,1574554246.2801273
0.013084161931818179,1574554246.6523051
0.01629305752840909,1574554247.0241323
0.014039861505681822,1574554247.3961332
0.01298739346590908,1574554247.7801285
0.012953657670454545,1574554248.1523023
0.012695756392045461,1574554248.5241344
0.01532848011363637,1574554248.8961444
0.012232333096590909,1574554249.2803261
0.011863902698863631,1574554249.6521554
0.013979048295454552,1574554250.0241668
0.01604092684659091,1574554250.3961763
0.016676136363636383,1574554250.7801769
0.015096324573863635,1574554251.1521702
0.011812855113636373,1574554251.524245
0.015157137784090908,1574554251.896194
0.0124267578125,1574554252.2801976
0.011730291193181818,1574554252.6522043
0.013997247869318177,1574554253.0242045
0.010963245738636367,1574554253.3962138
0.012493785511363629,1574554253.7802439
0.014595170454545446,1574554254.152211
0.011300159801136364,1574554254.5242293
0.01217018821022728,1574554254.896261
0.015108309659090912,1574554255.2802424
0.015935280539772726,1574554255.652234
0.015642755681818173,1574554256.0242813
0.01250532670454545,1574554256.3963358
0.012468483664772724,1574554256.780296
0.01534002130681819,1574554257.152274
0.011226029829545452,1574554257.5242972
0.011554066051136359,1574554257.8962998
0.013737571022727268,1574554258.280288
0.01185635653409091,1574554258.6523
0.01178622159090909,1574554259.024315
0.012785866477272726,1574554259.3963518
0.011630415482954548,1574554259.780304
0.016182528409090915,1574554260.1523101
0.017135564630681825,1574554260.5243287
0.015432350852272727,1574554260.8963795
0.014379882812500007,1574554261.2803023
0.012912375710227266,1574554261.652337
0.011653053977272721,1574554262.0243595
0.013779740767045447,1574554262.3963974
0.011725408380681823,1574554262.7803361
0.01248268821022727,1574554263.1523666
0.013199573863636375,1574554263.524376
0.012042347301136359,1574554263.8963978
0.013707386363636366,1574554264.2803714
0.011971768465909086,1574554264.6523988
0.01287153764204545,1574554265.0243983
0.016904296874999995,1574554265.3965137
0.01545676491477273,1574554265.780394
0.011370738636363646,1574554266.1524224
0.013624822443181816,1574554266.5244298
0.012450284090909097,1574554266.8965642
0.012676225142045463,1574554267.2805133
0.012709517045454541,1574554267.6524897
0.011048473011363632,1574554268.0245068
0.013711381392045457,1574554268.3964884
0.012054776278409085,1574554268.7804654
0.010907315340909092,1574554269.1524785
0.014253373579545448,1574554269.524514
0.012117808948863645,1574554269.8965018
0.011689453125,1574554270.2804723
0.014659534801136366,1574554270.6524918
0.011039151278409088,1574554271.0245152
0.01322931463068181,1574554271.3965342
0.012944779829545455,1574554271.7805064
0.010863370028409085,1574554272.1525192
0.014146839488636367,1574554272.5245495
0.012162642045454539,1574554272.8965535
0.01143821022727273,1574554273.2805483
0.015165127840909091,1574554273.652536
0.011385830965909092,1574554274.024581
0.012007723721590912,1574554274.39659
0.01341974431818182,1574554274.7805326
0.014078924005681823,1574554275.1525817
0.015512695312500007,1574554275.5246313
0.014790482954545452,1574554275.8966346
0.011040926846590915,1574554276.280573
0.015009765624999996,1574554276.6527686
0.012972745028409094,1574554277.0246177
0.011946466619318181,1574554277.3966413
0.015729314630681814,1574554277.7806094
0.011072443181818183,1574554278.1528575
0.012571910511363636,1574554278.5246286
0.013365145596590902,1574554278.8966875
0.010905539772727266,1574554279.2806385
0.015074573863636368,1574554279.6528282
0.010741743607954544,1574554280.0246935
0.010976562500000002,1574554280.3967023
0.025359108664772725,1574554280.780662
0.03159667968749998,1574554281.152954
0.012406782670454544,1574554281.524723
0.016825727982954546,1574554281.8967202
0.030025301846590892,1574554282.2806933
0.034915660511363626,1574554282.653143
0.038594637784090925,1574554283.0247624
0.05316850142045459,1574554283.3967462
0.03634721235795453,1574554283.7807574
0.03682750355113635,1574554284.1529405
0.040627219460227286,1574554284.5247364
0.05785866477272727,1574554284.896768
0.03207652698863636,1574554285.2807505
0.03373623934659089,1574554285.6529467
0.037903941761363635,1574554286.0247602
0.05289373224431816,1574554286.396831
0.05578746448863636,1574554286.7807846
0.042354847301136374,1574554287.1530018
0.038394442471590906,1574554287.5248055
0.04002885298295452,1574554287.896822
0.04349653764204544,1574554288.2807918
0.05337002840909092,1574554288.653074
0.037521750710227265,1574554289.024871
0.03678932883522728,1574554289.3969014
0.035844726562499984,1574554289.780922
0.04088290127840908,1574554290.1530066
0.06627840909090904,1574554290.5248659
0.07289240056818184,1574554290.8969123
0.05649591619318184,1574554291.2808897
0.056289062499999994,1574554291.6531484
0.043050870028409086,1574554292.024863
0.04576482599431812,1574554292.3969347
0.04496093749999997,1574554292.780878
0.040829634232954555,1574554293.153006
0.047994939630681806,1574554293.5248678
0.05533691406249999,1574554293.8969364
0.05266202059659089,1574554294.280916
0.042974076704545436,1574554294.6528876
0.0411203835227273,1574554295.0249224
0.04246848366477271,1574554295.3969426
0.03669078480113633,1574554295.78092
0.03917080965909094,1574554296.15294
0.03803844105113634,1574554296.524915
0.040433238636363625,1574554296.8969574
0.039011452414772704,1574554297.2809587
0.03594193892045452,1574554297.6529303
0.037585671164772745,1574554298.0249503
0.0361172762784091,1574554298.3969705
0.039404740767045476,1574554298.7810385
0.038318980823863626,1574554299.152935
0.03871448863636365,1574554299.5249891
0.03664195667613638,1574554299.896985
0.036199396306818156,1574554300.2809858
0.03493030894886364,1574554300.652972
0.03543678977272724,1574554301.024995
0.03661665482954545,1574554301.3970408
0.03950106534090908,1574554301.780987
0.03956232244318181,1574554302.1530342
