amperes,timestamp
0.08491432883522729,1575371539.7147021
0.1195099431818181,1575371540.0867243
0.10093794389204545,1575371540.4587348
0.14133611505681817,1575371540.8307602
0.1324161044034091,1575371541.2147331
0.1337943892045455,1575371541.586781
0.1472363281250002,1575371541.958766
0.15646040482954554,1575371542.3307805
0.15576660156249997,1575371542.714763
0.1546337890625,1575371543.086771
0.15054021661931813,1575371543.4587905
0.13955965909090914,1575371543.8308117
0.14608309659090904,1575371544.2147703
0.1298219992897727,1575371544.5868335
0.1258811257102273,1575371544.9588423
0.13574396306818182,1575371545.3308315
0.14037730823863642,1575371545.7148001
0.12879882812499996,1575371546.0868492
0.1465096768465909,1575371546.4588466
0.10815118963068183,1575371546.8308768
0.1331902521306818,1575371547.214854
0.09671164772727268,1575371547.5868685
0.09433327414772731,1575371547.9588807
0.10057128906250005,1575371548.3309042
0.13217240767045463,1575371548.7148874
0.11788219105113633,1575371549.0868597
0.08450905539772725,1575371549.4588928
0.08293634588068181,1575371549.8309433
0.09032315340909097,1575371550.2148652
0.10707785866477268,1575371550.5869188
0.13294699928977274,1575371550.9589195
0.11221857244318177,1575371551.3309422
0.08714533025568193,1575371551.7149014
0.09654341264204543,1575371552.086924
0.10511851917613636,1575371552.4589458
0.11116432883522723,1575371552.8309739
0.12300204190340909,1575371553.2149966
0.14292080965909096,1575371553.5870352
0.12072620738636365,1575371553.959026
0.11643954190340905,1575371554.3310263
0.1066956676136364,1575371554.714979
0.12128018465909096,1575371555.087025
0.15071289062499998,1575371555.459023
0.12294833096590911,1575371555.8310397
0.08556329900568183,1575371556.2150238
0.08402565696022732,1575371556.5870354
0.08416637073863632,1575371556.9590502
0.08289772727272725,1575371557.3310673
0.08509188565340911,1575371557.7150178
0.08479714133522738,1575371558.087057
0.08344415838068181,1575371558.4590814
0.08262961647727268,1575371558.8310769
0.09932084517045456,1575371559.2150633
0.02704190340909084,1575371559.5870945
0.08150523792613644,1575371559.9590619
0.15112970525568203,1575371560.3311129
0.15833229758522688,1575371560.715088
0.1601194069602273,1575371561.0870907
0.16027210582386361,1575371561.4591131
0.1601913174715907,1575371561.8311431
0.1601726740056819,1575371562.2151203
0.15909978693181792,1575371562.587126
0.15956143465909087,1575371562.9591525
0.15845392400568176,1575371563.3311713
0.15971191406249988,1575371563.7151294
0.15918634588068192,1575371564.0871503
0.15997336647727264,1575371564.459178
0.1593510298295455,1575371564.8312037
0.15650790127840913,1575371565.21516
0.145205965909091,1575371565.5871987
0.13978382457386374,1575371565.959172
0.13815030184659094,1575371566.331211
0.1378888494318181,1575371566.715185
0.14350674715909084,1575371567.0872073
0.14896084872159107,1575371567.4592218
0.14260431463068177,1575371567.8312387
0.13887073863636362,1575371568.2152286
0.1446657492897727,1575371568.5872252
0.14926669034090914,1575371568.9592438
0.15289151278409094,1575371569.3312645
0.12920321377840907,1575371569.7152278
0.14871582031250002,1575371570.0872507
0.13539373224431814,1575371570.4592786
0.15361816406249995,1575371570.8313022
0.13548339843750004,1575371571.2152557
0.1361949573863636,1575371571.5872784
0.139071377840909,1575371571.959305
0.14091574928977268,1575371572.3313046
0.13375088778409092,1575371572.7152755
0.13569202769886368,1575371573.087315
0.14528009588068164,1575371573.459313
0.1596297940340909,1575371573.8313162
0.15969504616477273,1575371574.21532
0.15999334161931814,1575371574.5873284
0.15999289772727282,1575371574.9594164
0.15924760298295454,1575371575.3314176
0.1591681463068182,1575371575.7153428
0.15895907315340913,1575371576.0873384
0.15773126775568178,1575371576.4593475
0.15739124644886374,1575371576.8313658
0.1573681640625001,1575371577.2153244
0.15708096590909099,1575371577.5873601
0.15907803622159117,1575371577.95937
0.14478915127840913,1575371578.3313768
0.15134144176136355,1575371578.715359
0.1510857599431818,1575371579.087385
0.14407936789772735,1575371579.4593751
0.1347838245738637,1575371579.8314078
0.1308114346590909,1575371580.2154014
0.1324156605113636,1575371580.5873907
0.13383389559659092,1575371580.9594085
0.13119495738636372,1575371581.3314273
0.130078125,1575371581.7154121
0.12988725142045449,1575371582.0874093
0.13478071732954536,1575371582.4594367
0.12936567826704548,1575371582.8314703
0.12948508522727278,1575371583.215427
0.12935813210227273,1575371583.5874648
0.12834250710227277,1575371583.9594736
0.14131924715909108,1575371584.331474
0.148892489346591,1575371584.715456
0.15480957031250006,1575371585.0874815
0.16018243963068174,1575371585.4594798
0.1603111683238636,1575371585.831498
0.16036177201704532,1575371586.2154868
0.1602836470170452,1575371586.5875087
0.1602920809659089,1575371586.9595115
0.15332741477272724,1575371587.3315341
0.1499343039772728,1575371587.7155175
0.13357776988636363,1575371588.0875106
0.13526988636363635,1575371588.459538
0.14343128551136364,1575371588.831566
0.15281738281250018,1575371589.2155197
0.16034712357954545,1575371589.587548
0.16029563210227263,1575371589.9595764
0.1602974076704544,1575371590.3315644
0.16034801136363636,1575371590.7155464
0.16029918323863615,1575371591.0875742
0.15558504971590914,1575371591.4595747
0.14467817826704538,1575371591.8316042
0.13412952769886366,1575371592.2155867
0.14015491832386381,1575371592.5876129
0.15098499644886362,1575371592.9596035
0.15542658025568196,1575371593.331629
0.16036132812499987,1575371593.715616
0.15759588068181823,1575371594.0876188
0.14184259588068182,1575371594.4596376
0.14348987926136356,1575371594.831658
0.1314488636363637,1575371595.2156148
0.13046697443181818,1575371595.5876443
0.13180131392045455,1575371595.9596665
0.13573552911931822,1575371596.331774
0.15105912642045471,1575371596.7157245
0.1604177024147726,1575371597.0877209
0.1600363991477273,1575371597.4597263
0.1587935014204546,1575371597.8317199
0.15435147372159086,1575371598.2156782
0.14228693181818178,1575371598.587698
0.13486550071022732,1575371598.959703
0.13729980468750003,1575371599.3317358
0.14816761363636363,1575371599.7157133
0.1540358664772729,1575371600.08771
0.16027121803977265,1575371600.45974
0.15994984019886346,1575371600.8317518
0.15075550426136367,1575371601.2157364
0.14690917968749997,1575371601.587742
0.13479181463068202,1575371601.9597678
0.1304425603693183,1575371602.331789
0.1293199573863636,1575371602.7157414
0.13280273437500012,1575371603.0877705
0.12873224431818187,1575371603.4597988
0.1282248757102273,1575371603.83179
0.12938254616477274,1575371604.215777
0.12755149147727274,1575371604.5878165
0.1254141512784092,1575371604.9597952
0.12617009943181812,1575371605.3318312
0.12643865411931815,1575371605.7158053
0.12706454190340905,1575371606.0878239
0.1300044389204546,1575371606.4598272
0.1220689808238636,1575371606.8318589
0.14058460582386365,1575371607.2158332
0.14423650568181817,1575371607.5878367
0.15382723721590924,1575371607.9598646
0.16069646661931825,1575371608.3318856
0.16069602272727293,1575371608.7158422
0.1607279829545457,1575371609.087864
0.16065429687500032,1575371609.459886
0.16054110440340905,1575371609.8318949
0.1606622869318183,1575371610.2158742
0.1606454190340911,1575371610.5879042
0.1605846058238637,1575371610.9599218
0.16063343394886384,1575371611.3319147
0.16062366832386377,1575371611.7159116
0.16061878551136388,1575371612.0879247
0.16056507457386351,1575371612.4599285
0.1605801669034094,1575371612.8319478
0.15843661221590913,1575371613.2159314
0.14761940696022727,1575371613.587943
0.13828435724431815,1575371613.9599588
0.1374529474431818,1575371614.331984
0.15241610440340922,1575371614.7159367
0.1606130149147729,1575371615.0879633
0.16057705965909097,1575371615.459997
0.16056685014204544,1575371615.8319905
0.16065252130681848,1575371616.2159684
0.16058194247159094,1575371616.588004
0.1604674183238636,1575371616.960015
0.16056729403409098,1575371617.3320239
0.1605317826704547,1575371617.7160008
0.16051580255681835,1575371618.0881014
0.1604780717329544,1575371618.460102
0.16057395241477299,1575371618.8321002
0.1604234730113636,1575371619.2160523
0.1605069247159089,1575371619.5880594
0.160157137784091,1575371619.960161
0.15887473366477262,1575371620.332111
0.13470969460227275,1575371620.7160566
0.13253284801136359,1575371621.08806
0.1345778586647727,1575371621.460084
0.15338822798295448,1575371621.8321161
0.1507044566761363,1575371622.2160668
0.16008922230113665,1575371622.5880938
0.1604776278409089,1575371622.9601219
0.15738192471590887,1575371623.332118
0.14338112571022732,1575371623.7160947
0.14063698508522726,1575371624.0881233
0.14350097656249994,1575371624.4601247
0.14511052911931818,1575371624.8321493
0.12968084161931823,1575371625.2161295
0.13368430397727282,1575371625.588161
0.13853071732954544,1575371625.9601533
0.13555797230113628,1575371626.3321884
0.14560502485795443,1575371626.716175
0.152074307528409,1575371627.088185
0.1516015625,1575371627.4602053
0.1378742009943181,1575371627.8323264
0.12857998934659093,1575371628.2162085
0.1473219992897728,1575371628.5882175
0.15206898082386364,1575371628.960227
0.1561878551136364,1575371629.33224
0.15078524502840895,1575371629.7162223
0.14043945312500006,1575371630.088247
0.13526544744318172,1575371630.4602587
0.14318714488636364,1575371630.8322654
0.15634454900568184,1575371631.21625
0.13738902698863634,1575371631.5882766
0.14958584872159084,1575371631.9602733
0.15294433593749993,1575371632.3322961
0.13065607244318184,1575371632.7162697
0.13134499289772725,1575371633.088276
0.12330566406249999,1575371633.4603212
0.1403857421874999,1575371633.8323236
0.13043900923295446,1575371634.2162812
0.13124955610795458,1575371634.5883722
0.12515758167613636,1575371634.960338
0.13715909090909098,1575371635.3324318
0.12797496448863635,1575371635.7163117
0.1348881392045454,1575371636.0883431
0.12258611505681814,1575371636.4603615
0.13734774502840907,1575371636.8323598
