amperes,timestamp
0.08318270596590911,1575372206.8417268
0.09341752485795457,1575372207.2256753
0.11675648082386367,1575372207.5976434
0.11251509232954544,1575372207.9697022
0.13563210227272732,1575372208.34169
0.13638316761363625,1575372208.7256517
0.1427512428977271,1575372209.0976942
0.15013849431818177,1575372209.4697206
0.15525967684659067,1575372209.841727
0.16105957031250012,1575372210.225697
0.1458615944602273,1575372210.597729
0.1381423117897728,1575372210.9697223
0.13794034090909096,1575372211.341753
0.1288396661931819,1575372211.7257354
0.12794877485795444,1575372212.0977573
0.1283371803977273,1575372212.4697533
0.13482421875000003,1575372212.841791
0.13022594105113636,1575372213.2257628
0.13904829545454542,1575372213.5977697
0.11076171875000006,1575372213.9697695
0.12243164062499987,1575372214.3418105
0.14533247514204548,1575372214.7257392
0.13133789062500004,1575372215.0977645
0.09495117187500003,1575372215.4698133
0.06617098721590907,1575372215.8418176
0.09175159801136354,1575372216.2257974
0.09054110440340907,1575372216.5978105
0.11916459517045454,1575372216.9698453
0.11459472656250004,1575372217.3418481
0.09980513139204542,1575372217.7258308
0.08673029119318182,1575372218.0978606
0.09681241122159089,1575372218.4698532
0.11687500000000002,1575372218.8418756
0.12960138494318188,1575372219.2258606
0.16177911931818167,1575372219.5978634
0.1287442294034091,1575372219.9699073
0.08630726207386369,1575372220.3419058
0.08299094460227284,1575372220.725895
0.09041015625,1575372221.0978625
0.10042613636363638,1575372221.4699118
0.11430708451704553,1575372221.8419378
0.14678844105113636,1575372222.2258942
0.12175825639204545,1575372222.597917
0.08734064275568174,1575372222.9699411
0.08490278764204547,1575372223.341943
0.10578746448863634,1575372223.7258973
0.07952991832386365,1575372224.0979524
0.1097327769886364,1575372224.4699447
0.0885440340909091,1575372224.841968
0.12912508877840906,1575372225.226032
0.09302379261363629,1575372225.5980334
0.09440074573863638,1575372225.9700253
0.11086115056818191,1575372226.3420277
0.1198246626420455,1575372226.7259939
0.1287042791193182,1575372227.0980103
0.10808815696022725,1575372227.470011
0.12516734730113632,1575372227.8420382
0.0843634588068182,1575372228.2259996
0.11790926846590906,1575372228.5980275
0.08118119673295451,1575372228.97004
0.11020419034090911,1575372229.3420382
0.0892689098011364,1575372229.7260213
0.10994939630681816,1575372230.0980422
0.08335005326704546,1575372230.470065
0.09909002130681821,1575372230.8420713
0.09422407670454545,1575372231.2260547
0.10222523082386366,1575372231.5980804
0.09760031960227271,1575372231.970077
0.09948996803977275,1575372232.3420992
0.1041024502840909,1575372232.7260587
0.10190740411931816,1575372233.0980809
0.11005859375000004,1575372233.4701054
0.08464000355113642,1575372233.8421342
0.10483132102272721,1575372234.2260854
0.08313343394886362,1575372234.5981133
0.10840820312500007,1575372234.970149
0.0906867009943182,1575372235.342154
0.10793146306818176,1575372235.7261214
0.08946555397727278,1575372236.0981107
0.10539462002840909,1575372236.4701426
0.10609774502840912,1575372236.8421617
0.0944367009943182,1575372237.2261252
0.1178972833806818,1575372237.5981722
0.11094593394886362,1575372237.970143
0.1291685901988635,1575372238.3421674
0.15799627130681818,1575372238.7261753
0.15454101562500003,1575372239.098182
0.1402774325284091,1575372239.4702067
0.13513627485795457,1575372239.842225
0.12950594815340913,1575372240.2261784
0.1316761363636364,1575372240.5982153
0.1378156072443182,1575372240.9702308
0.12315651633522728,1575372241.3422277
0.10998313210227272,1575372241.7262142
0.11908114346590912,1575372242.0982401
0.1206254438920455,1575372242.4702718
0.09493829900568175,1575372242.8422608
0.08292391690340908,1575372243.226246
0.10244717684659092,1575372243.598269
0.0979825106534091,1575372243.9702632
0.08669744318181817,1575372244.3422942
0.08386141690340897,1575372244.7262676
0.07770774147727279,1575372245.0982983
0.08899724786931823,1575372245.4703066
0.10745427911931817,1575372245.8423185
0.11328790838068181,1575372246.2263026
0.1564812677556817,1575372246.59831
0.15901056463068183,1575372246.9704053
0.16070046164772742,1575372247.3424015
0.1620947265625001,1575372247.7263606
0.16226207386363625,1575372248.0983338
0.13854225852272736,1575372248.4703505
0.10832386363636358,1575372248.8423798
0.09057484019886365,1575372249.226338
0.08267267400568179,1575372249.5983639
0.0968425958806818,1575372249.9703863
0.10788929332386366,1575372250.3423579
0.13881303267045425,1575372250.7263706
0.1618590198863636,1575372251.0983996
0.15879971590909073,1575372251.470387
0.15998313210227277,1575372251.8424067
0.1591273082386365,1575372252.2263927
0.16072043678977282,1575372252.598399
0.11753151633522733,1575372252.9704
0.10026899857954547,1575372253.342423
0.09936922940340909,1575372253.726402
0.11076393821022722,1575372254.0984018
0.13496448863636365,1575372254.4704776
0.15900656960227272,1575372254.8424551
0.13842196377840904,1575372255.2264373
0.09034268465909093,1575372255.5984602
0.10460404829545462,1575372255.970481
0.10483354048295451,1575372256.3424802
0.15966441761363628,1575372256.726467
0.15467018821022738,1575372257.0984895
0.1436820845170454,1575372257.470491
0.11705166903409094,1575372257.842481
0.10625133167613642,1575372258.2264962
0.1015793678977272,1575372258.598483
0.09159268465909087,1575372258.9704895
0.10915971235795453,1575372259.342513
0.12023304332386373,1575372259.7264764
0.14799671519886357,1575372260.0985281
0.14523881392045457,1575372260.470525
0.120352450284091,1575372260.8425708
0.10853560014204543,1575372261.2265306
0.10165704900568184,1575372261.5985546
0.10886008522727264,1575372261.9705756
0.13550470525568167,1575372262.342579
0.16248180042613636,1575372262.7265563
0.16136452414772717,1575372263.0985887
0.16002130681818172,1575372263.4705803
0.16051535866477265,1575372263.8426044
0.16098499644886363,1575372264.226589
0.16026278409090916,1575372264.5986183
0.1600022194602273,1575372264.970613
0.16048117897727276,1575372265.3426406
0.1607945667613638,1575372265.7266192
0.15928045099431828,1575372266.0986226
0.16214577414772738,1575372266.4706438
0.1621710759943181,1575372266.842668
0.15787331321022738,1575372267.226614
0.1406338778409091,1575372267.5986543
0.11899103338068176,1575372267.9706693
0.08971901633522736,1575372268.3426743
0.12028808593749998,1575372268.7267272
0.11767622514204545,1575372269.098727
0.15899147727272736,1575372269.4707296
0.1613041548295453,1575372269.8427303
0.16121937144886372,1575372270.226681
0.16229625355113642,1575372270.5987196
0.16074351917613647,1575372270.9707055
0.16015136718750017,1575372271.3427374
0.16124644886363643,1575372271.72671
0.154940518465909,1575372272.0987146
0.15956853693181822,1575372272.4707427
0.15962757457386356,1575372272.8427641
0.16155584161931824,1575372273.226723
0.15803000710227263,1575372273.5987492
0.15978515625000006,1575372273.970779
0.1540403053977273,1575372274.342789
0.14133744673295445,1575372274.7267454
0.09144042968750007,1575372275.0987742
0.08469282670454552,1575372275.4708009
0.08237260298295451,1575372275.8427944
0.09469016335227272,1575372276.2267828
0.09662642045454548,1575372276.5988178
0.14282404119318184,1575372276.9708123
0.15700550426136364,1575372277.342837
0.140322265625,1575372277.7268193
0.09172052556818182,1575372278.0988173
0.08838378906250002,1575372278.470845
0.09357599431818175,1575372278.842863
0.08534401633522726,1575372279.226848
0.10218261718750006,1575372279.5988684
0.1317604758522727,1575372279.9708903
0.14184259588068188,1575372280.3428729
0.10232155539772729,1575372280.7268572
0.08171830610795452,1575372281.0988882
0.08419788707386362,1575372281.4709108
0.0919411399147727,1575372281.8428988
0.08675603693181828,1575372282.2268767
0.10994984019886356,1575372282.598909
0.13297629616477283,1575372282.9709098
0.12559614701704552,1575372283.3429255
0.09348499644886368,1575372283.726917
0.10600452769886365,1575372284.0989087
0.11792347301136365,1575372284.470939
0.11650878906249998,1575372284.842989
0.09253062855113636,1575372285.2269452
0.10595436789772726,1575372285.5989451
0.12015003551136359,1575372285.970974
0.11419966264204544,1575372286.3429995
0.08243030894886363,1575372286.7269514
0.08763227982954547,1575372287.0989668
0.08064985795454542,1575372287.470993
0.10493297230113643,1575372287.8430195
0.08075949928977269,1575372288.2269752
0.0897829367897727,1575372288.5990033
0.0729718572443182,1575372288.9710174
0.10400878906249997,1575372289.3430192
0.08271972656250003,1575372289.7270086
0.09151100852272731,1575372290.0990057
0.0790585049715909,1575372290.4711084
0.10387828480113631,1575372290.8430917
