amperes,timestamp
0.08194247159090912,1575372564.6034265
0.12022816051136359,1575372564.9754791
0.1216042258522727,1575372565.3474805
0.14424849076704546,1575372565.731478
0.11918101917613631,1575372566.1034958
0.14238680752840896,1575372566.4754953
0.15842773437499996,1575372566.8475256
0.14751509232954546,1575372567.2315054
0.13894531250000008,1575372567.6035318
0.13915349786931824,1575372567.9755309
0.14742498224431821,1575372568.3475535
0.12799715909090909,1575372568.7315333
0.12326748934659082,1575372569.1035416
0.10656693892045462,1575372569.4755614
0.10034046519886364,1575372569.8475912
0.1148024680397727,1575372570.2315345
0.12612526633522722,1575372570.6035664
0.12284135298295454,1575372570.9755883
0.1001495916193182,1575372571.3475854
0.11251376065340912,1575372571.7315736
0.1507022372159091,1575372572.1036656
0.11070578835227271,1575372572.4756687
0.08705122514204543,1575372572.847669
0.08067782315340902,1575372573.2316265
0.08504261363636366,1575372573.6036153
0.09818359375000005,1575372573.975645
0.10220037286931816,1575372574.347613
0.1360928622159091,1575372574.7316296
0.1490957919034091,1575372575.1036296
0.10360706676136366,1575372575.4756577
0.0917950994318182,1575372575.8476799
0.1070472301136363,1575372576.2315981
0.13854536576704543,1575372576.6036196
0.10427024147727272,1575372576.9757035
0.09722523082386358,1575372577.3476717
0.08072443181818183,1575372577.7316232
0.08320712002840905,1575372578.1036656
0.0838982599431818,1575372578.475674
0.07995649857954547,1575372578.8476756
0.1378382457386364,1575372579.2316532
0.10082830255681818,1575372579.6036854
0.1119926313920454,1575372579.975704
0.11163352272727273,1575372580.3477092
0.1165540660511364,1575372580.7316878
0.08680264559659089,1575372581.1036825
0.09771351207386365,1575372581.4757116
0.09954367897727266,1575372581.8477333
0.11587890625000005,1575372582.2317128
0.11053932883522725,1575372582.603719
0.09031915838068184,1575372582.975748
0.1037255859375,1575372583.3477652
0.0936021839488637,1575372583.7317228
0.09543146306818184,1575372584.1037436
0.08205832741477276,1575372584.4757733
0.1074516157670454,1575372584.847769
0.09541237571022726,1575372585.2317495
0.11171075994318184,1575372585.6037786
0.0801531427556818,1575372585.9757986
0.1055051491477273,1575372586.347802
0.08943270596590912,1575372586.7317796
0.10928977272727276,1575372587.1038036
0.09161843039772727,1575372587.4758115
0.10892622514204552,1575372587.8478339
0.10083496093750004,1575372588.231816
0.11220259232954544,1575372588.6038263
0.11508877840909092,1575372588.9758375
0.09979048295454544,1575372589.3478553
0.11121271306818184,1575372589.731835
0.0836772017045455,1575372590.1038415
0.10047674005681818,1575372590.4758666
0.0780939275568182,1575372590.8478987
0.09817116477272736,1575372591.2318494
0.08748890269886361,1575372591.6038666
0.11582386363636366,1575372591.9759016
0.10033647017045452,1575372592.3478923
0.09894531249999998,1575372592.731871
0.10664328835227274,1575372593.1039007
0.11305442116477275,1575372593.4759238
0.1133753551136363,1575372593.8480294
0.1587500000000001,1575372594.2319856
0.13875843394886375,1575372594.6039805
0.15029296874999995,1575372594.9759831
0.14579323508522732,1575372595.3479564
0.1349578302556819,1575372595.7319596
0.13240722656249992,1575372596.1039646
0.12471013849431814,1575372596.4759839
0.134921875,1575372596.848008
0.13686612215909089,1575372597.23197
0.12894131747159093,1575372597.6040008
0.14216974431818183,1575372597.9760213
0.10430530894886357,1575372598.3480258
0.08384188565340912,1575372598.7319996
0.09512473366477275,1575372599.1040213
0.0817817826704546,1575372599.4760222
0.08289817116477284,1575372599.8480487
0.0727996271306818,1575372600.2320027
0.08268288352272728,1575372600.604025
0.05903142755681821,1575372600.9760487
0.07892089843750001,1575372601.34805
0.09625843394886363,1575372601.7320397
0.10414373224431824,1575372602.1040292
0.14307040127840912,1575372602.4760833
0.1400909978693182,1575372602.8481097
0.14323020241477277,1575372603.2320588
0.1285054154829545,1575372603.604089
0.11820223721590896,1575372603.9761002
0.1261292613636364,1575372604.3481069
0.09832475142045453,1575372604.7320926
0.08877618963068182,1575372605.1041124
0.09706542968750002,1575372605.476115
0.07924449573863639,1575372605.848147
0.0975949928977272,1575372606.2321246
0.10988014914772723,1575372606.604146
0.13268110795454544,1575372606.9761627
0.15539373224431804,1575372607.3481762
0.1579265802556818,1575372607.7321532
0.15466663707386366,1575372608.1041462
0.15665749289772724,1575372608.4761786
0.1577503551136365,1575372608.8482077
0.11213689630681815,1575372609.2321393
0.10556906960227266,1575372609.6041856
0.08192116477272728,1575372609.9762273
0.09556995738636363,1575372610.348208
0.10897993607954541,1575372610.7321882
0.13704367897727274,1575372611.104216
0.16090553977272715,1575372611.476239
0.15506436434659082,1575372611.8482435
0.16234952059659088,1575372612.2322125
0.16203657670454555,1575372612.6042445
0.16028453480113636,1575372612.9762118
0.10931951349431827,1575372613.3482687
0.1295108309659091,1575372613.7322526
0.11633167613636364,1575372614.1042483
0.15977627840909112,1575372614.4762788
0.13803844105113636,1575372614.8483064
0.09860395951704543,1575372615.2322488
0.10502086292613645,1575372615.6043515
0.10401500355113635,1575372615.9763408
0.10623668323863635,1575372616.348351
0.13538219105113636,1575372616.7323043
0.1508194247159091,1575372617.1043117
0.11730024857954542,1575372617.4763339
0.0928999467329545,1575372617.848331
0.09788884943181816,1575372618.23228
0.09839222301136358,1575372618.6043448
0.11178089488636357,1575372618.9763377
0.13689098011363637,1575372619.3483586
0.12450727982954549,1575372619.7323472
0.09566095525568179,1575372620.1043303
0.09497869318181816,1575372620.4763463
0.09274769176136362,1575372620.8483627
0.10318359375000004,1575372621.2323759
0.10814852627840911,1575372621.60435
0.15244096235795462,1575372621.9763784
0.16088156960227268,1575372622.3483965
0.153931551846591,1575372622.7323508
0.16212047230113652,1575372623.104414
0.1614195667613638,1575372623.4765022
0.16148570667613638,1575372623.8484304
0.15868563565340907,1575372624.2323856
0.1577667791193182,1575372624.604442
0.15901455965909084,1575372624.9764335
0.16093039772727277,1575372625.3484654
0.16232998934659099,1575372625.732439
0.15925648082386384,1575372626.1044621
0.160708895596591,1575372626.4764578
0.13577725497159093,1575372626.8484688
0.11515491832386365,1575372627.232476
0.09308416193181822,1575372627.604471
0.0980450994318181,1575372627.976495
0.10888316761363633,1575372628.3485205
0.13847389914772723,1575372628.7324526
0.1615394176136366,1575372629.1044896
0.15793323863636355,1575372629.4765093
0.15427778764204547,1575372629.8485181
0.1604505504261364,1575372630.2325025
0.16376731178977275,1575372630.604507
0.15887029474431813,1575372630.9765227
0.1593674538352273,1575372631.3485348
0.15986860795454547,1575372631.732541
0.1583926669034093,1575372632.10456
0.1588161399147729,1575372632.476555
0.16407848011363635,1575372632.8485656
0.15822531960227282,1575372633.2325354
0.15563121448863634,1575372633.6045713
0.14130149147727272,1575372633.9765594
0.10531338778409081,1575372634.3485928
0.09673561789772721,1575372634.7325885
0.11172274502840915,1575372635.1045938
0.1344371448863636,1575372635.476614
0.16272816051136377,1575372635.8486276
0.14861106178977265,1575372636.2325933
0.10613103693181822,1575372636.604641
0.09090465198863634,1575372636.9767246
0.11119185014204543,1575372637.348716
0.11240456321022727,1575372637.7326787
0.13734818892045453,1575372638.104692
0.10672185724431821,1575372638.4766812
0.10694025213068187,1575372638.848693
0.11380415482954546,1575372639.232667
0.13831454190340908,1575372639.60472
0.13656028053977282,1575372639.976722
0.08920543323863636,1575372640.3487213
0.1069633345170455,1575372640.7326763
0.11058194247159102,1575372641.1047003
0.12758655894886364,1575372641.4767256
0.10428577769886359,1575372641.84875
0.09345436789772726,1575372642.2327034
0.12223588423295445,1575372642.604731
0.10706010298295453,1575372642.9767504
0.08388094815340909,1575372643.3487525
0.0838614169034091,1575372643.7327318
0.08368829900568185,1575372644.1047697
0.08466530539772729,1575372644.4767551
0.0824227627840909,1575372644.8487804
0.09581099076704547,1575372645.2327714
0.08490722656249997,1575372645.604793
0.08037819602272733,1575372645.976783
0.09001287286931817,1575372646.34881
0.09191317471590908,1575372646.7327619
0.0878422407670455,1575372647.104789
0.10397327769886365,1575372647.4768133
0.08495294744318178,1575372647.8488383
0.09304376775568174,1575372648.2327943
