amperes,timestamp
0.09563299005681812,1575370925.8207357
0.1158700284090908,1575370926.2047162
0.11794078480113636,1575370926.5767317
0.14594460227272726,1575370926.948791
0.14304199218750008,1575370927.3207624
0.15096590909090898,1575370927.7047231
0.15713911576704556,1575370928.0767558
0.16016645951704558,1575370928.4487734
0.1372119140624999,1575370928.8207653
0.13356756036931836,1575370929.2047224
0.1524844637784092,1575370929.576805
0.11094815340909085,1575370929.9487965
0.10704944957386356,1575370930.320808
0.08887961647727276,1575370930.7047536
0.06801979758522726,1575370931.0768049
0.0982803622159091,1575370931.4488015
0.10990722656249997,1575370931.8207974
0.11995960582386368,1575370932.2047808
0.11115056818181818,1575370932.576853
0.10871803977272722,1575370932.9488316
0.14805353338068195,1575370933.3208566
0.12476162997159083,1575370933.7048326
0.10334694602272729,1575370934.0768151
0.10276544744318175,1575370934.4488533
0.10949440696022722,1575370934.8208885
0.1300279651988637,1575370935.2048464
0.14753595525568175,1575370935.5768857
0.10702681107954543,1575370935.948896
0.08179332386363634,1575370936.320905
0.09140003551136362,1575370936.7048814
0.10926491477272719,1575370937.0769026
0.1252210582386364,1575370937.4489052
0.13414639559659097,1575370937.8209255
0.1228706498579545,1575370938.2049127
0.08524280894886362,1575370938.576969
0.08673916903409094,1575370938.9489326
0.07700683593750006,1575370939.32096
0.14848987926136362,1575370939.7049398
0.12355424360795453,1575370940.0769331
0.11654518821022739,1575370940.448961
0.0829718572443182,1575370940.820981
0.12501731178977274,1575370941.2049427
0.09268554687500002,1575370941.57697
0.1058442826704545,1575370941.948985
0.08884588068181819,1575370942.3210154
0.11848277698863631,1575370942.7049708
0.09736239346590912,1575370943.0769968
0.1035142933238636,1575370943.4490173
0.09729048295454543,1575370943.821022
0.1091930042613637,1575370944.2050018
0.11127840909090898,1575370944.5770216
0.09846013849431816,1575370944.949
0.10559259588068184,1575370945.3210495
0.08358575994318171,1575370945.705106
0.11075372869318177,1575370946.077106
0.07882457386363634,1575370946.4491007
0.10635875355113641,1575370946.8211033
0.08299627130681823,1575370947.2050457
0.1155237926136363,1575370947.577065
0.0819659978693182,1575370947.9490867
0.12044966264204549,1575370948.3211038
0.08104580965909089,1575370948.7050676
0.10816495028409094,1575370949.0770922
0.10199485085227268,1575370949.44911
0.11906383167613642,1575370949.8211176
0.1213170276988637,1575370950.2050927
0.08197665127840915,1575370950.5771337
0.10246138139204541,1575370950.9490848
0.0758154296875,1575370951.3211164
0.10209517045454548,1575370951.705129
0.07889737215909083,1575370952.0771515
0.11641068892045454,1575370952.4491506
0.09254616477272733,1575370952.8211727
0.10635564630681807,1575370953.2051313
0.09220214843750006,1575370953.5771542
0.11998979048295463,1575370953.9491816
0.10988236860795453,1575370954.3211937
0.1528670987215909,1575370954.7051384
0.11764337713068183,1575370955.077151
0.1466175426136364,1575370955.4491963
0.14696866122159094,1575370955.8211877
0.14392134232954545,1575370956.2051556
0.13358487215909093,1575370956.577198
0.14171963778409088,1575370956.949203
0.14448774857954552,1575370957.3212347
0.1349693714488636,1575370957.7051985
0.133013583096591,1575370958.0772157
0.13222922585227273,1575370958.4492373
0.13768510298295458,1575370958.8212707
0.08770285866477279,1575370959.2052507
0.08668501420454552,1575370959.577245
0.0891685901988636,1575370959.9492688
0.1067569247159091,1575370960.321291
0.1092831143465909,1575370960.7052293
0.14729092684659084,1575370961.077254
0.1372447620738636,1575370961.449297
0.14972034801136355,1575370961.821298
0.12786443536931819,1575370962.2052474
0.12124911221590906,1575370962.5773072
0.1266574928977272,1575370962.949325
0.09516024502840914,1575370963.3213313
0.09622159090909087,1575370963.7053018
0.09607998934659097,1575370964.0773346
0.08338423295454549,1575370964.4493353
0.08932484019886361,1575370964.821362
0.11577903053977279,1575370965.205343
0.11089488636363638,1575370965.5773332
0.1596329012784091,1575370965.9493842
0.15704412286931815,1575370966.3214135
0.16033558238636367,1575370966.7053282
0.15886851917613648,1575370967.0773716
0.15839710582386354,1575370967.4494698
0.13412819602272727,1575370967.8214784
0.10348544034090905,1575370968.2054303
0.08958096590909093,1575370968.5774832
0.08424449573863631,1575370968.949423
0.08237393465909089,1575370969.3214474
0.08909268465909093,1575370969.705404
0.10543590198863628,1575370970.0774326
0.11488014914772728,1575370970.449444
0.15802334872159085,1575370970.8214643
0.16257412997159099,1575370971.205435
0.1598681640625001,1575370971.5774598
0.15987260298295447,1575370971.9494574
0.16166459517045476,1575370972.3214943
0.1406334339488637,1575370972.7054744
0.10506569602272726,1575370973.0774736
0.09181107954545456,1575370973.4494827
0.10719549005681812,1575370973.821511
0.11458007812499998,1575370974.2054718
0.161293057528409,1575370974.5775223
0.13347789417613634,1575370974.9495192
0.08786177201704543,1575370975.321506
0.10387606534090914,1575370975.7054799
0.09479092684659084,1575370976.0774946
0.11243075284090917,1575370976.449526
0.12431507457386357,1575370976.8215516
0.1569393643465909,1575370977.205525
0.10340731534090906,1575370977.5775495
0.08913441051136364,1575370977.9495566
0.10066894531250005,1575370978.321578
0.08285555752840915,1575370978.7055354
0.08249156605113632,1575370979.0775685
0.08449085582386369,1575370979.449557
0.10618741122159088,1575370979.8216174
0.1058562677556818,1575370980.2055657
0.14190696022727278,1575370980.577593
0.13838023792613635,1575370980.949619
0.11802201704545458,1575370981.321619
0.09215243252840913,1575370981.7055714
0.09707563920454548,1575370982.0776246
0.08302556818181818,1575370982.4496226
0.081533203125,1575370982.8216507
0.09681196732954553,1575370983.2056148
0.10617320667613647,1575370983.5776784
0.14511896306818184,1575370983.9496222
0.15964710582386374,1575370984.3216753
0.15627840909090912,1575370984.7056549
0.158448153409091,1575370985.0776548
0.1574724786931818,1575370985.4496746
0.1576526988636364,1575370985.8216834
0.16467729048295457,1575370986.2056372
0.15493696732954537,1575370986.5776722
0.16317338423295447,1575370986.949688
0.15361194957386368,1575370987.3216903
0.1599866832386364,1575370987.7056894
0.16035023082386363,1575370988.0777154
0.1621817294034091,1575370988.449735
0.1559485973011363,1575370988.8217313
0.12863636363636366,1575370989.2057972
0.1141592684659091,1575370989.5778024
0.09754572088068181,1575370989.9498038
0.11157315340909088,1575370990.3217735
0.14165838068181819,1575370990.7057464
0.15881880326704542,1575370991.0777767
0.16237615411931822,1575370991.4497783
0.16068625710227277,1575370991.8217776
0.1562189275568182,1575370992.2057247
0.163349609375,1575370992.577795
0.16313787286931808,1575370992.949806
0.1566073330965909,1575370993.3218186
0.1632998934659092,1575370993.7057734
0.1620139382102273,1575370994.077798
0.15971191406249993,1575370994.4498086
0.1638756214488637,1575370994.8218274
0.15912952769886363,1575370995.2057872
0.1595818536931818,1575370995.5778403
0.14055752840909083,1575370995.9498196
0.12359330610795449,1575370996.321833
0.0863325639204546,1575370996.7058496
0.1022096946022728,1575370997.07784
0.110731534090909,1575370997.4498677
0.1567223011363636,1575370997.8218644
0.15240811434659088,1575370998.2058203
0.13375665838068188,1575370998.5778763
0.1072323330965909,1575370998.9498837
0.09996803977272725,1575370999.3218992
0.11996093749999996,1575370999.7058609
0.13838334517045467,1575371000.0779076
0.09306685014204547,1575371000.449913
0.08486106178977276,1575371000.8219209
0.08454767400568185,1575371001.2059243
0.0883855646306818,1575371001.577957
0.10818670099431817,1575371001.9499605
0.11781605113636356,1575371002.3219533
0.12037064985795458,1575371002.7059367
0.10927112926136362,1575371003.0779426
0.12129705255681816,1575371003.4499724
0.11344859730113632,1575371003.8219981
0.1205788352272728,1575371004.2059534
0.09370605468750003,1575371004.5780125
0.10531471946022723,1575371004.9499934
0.11438299005681819,1575371005.3220224
0.12103959517045457,1575371005.705968
0.08611416903409098,1575371006.0780027
0.07667125355113635,1575371006.4500613
0.10745783025568179,1575371006.8220277
0.07225186434659096,1575371007.2060006
0.08812189275568184,1575371007.5780377
0.08133478338068179,1575371007.9500308
0.10054687499999995,1575371008.3220658
0.08277610085227269,1575371008.7060423
0.10211248224431817,1575371009.0780396
0.07746848366477274,1575371009.450068
0.09550781250000001,1575371009.822084
