amperes,timestamp
0.07816983309659088,1575499106.4907765
0.0866668146306818,1575499106.862783
0.0744659978693182,1575499107.2347975
0.09241832386363635,1575499107.618788
0.08725408380681814,1575499107.9908037
0.07400479403409092,1575499108.3628168
0.09540571732954543,1575499108.7348433
0.09852183948863637,1575499109.1188123
0.08904740767045458,1575499109.4908216
0.09012872869318177,1575499109.8628502
0.057317560369318156,1575499110.2348516
0.06102938565340909,1575499110.6188328
0.05818625710227272,1575499110.9908752
0.05674050071022726,1575499111.3628836
0.057298916903409124,1575499111.734885
0.06835537997159094,1575499112.1188536
0.07083185369318182,1575499112.490883
0.06901500355113636,1575499112.8628912
0.08735884232954544,1575499113.2349014
0.10173295454545458,1575499113.61889
0.10365411931818191,1575499113.9909005
0.0928182705965909,1575499114.3629122
0.08502352627840913,1575499114.7349448
0.07270774147727278,1575499115.1189082
0.06951305042613633,1575499115.490926
0.06806107954545457,1575499115.8629572
0.0672531960227273,1575499116.2349834
0.07751509232954547,1575499116.618936
0.06938609730113636,1575499116.9909575
0.06822443181818184,1575499117.362992
0.05222789417613637,1575499117.7349832
0.04487437855113638,1575499118.1189682
0.043183149857954566,1575499118.4909878
0.05608220880681822,1575499118.8629868
0.047337979403409086,1575499119.23502
0.043939541903409096,1575499119.6189976
0.049971590909090924,1575499119.9909954
0.04429199218749999,1575499120.363022
0.043014026988636364,1575499120.7350488
0.04725142045454545,1575499121.1189847
0.04458629261363636,1575499121.4910336
0.044727006392045444,1575499121.8631375
0.04413441051136364,1575499122.2351298
0.04606578480113638,1575499122.6190908
0.04380948153409094,1575499122.9910882
0.04310990767045456,1575499123.3630922
0.04607688210227273,1575499123.7351224
0.043075284090909105,1575499124.1190774
0.0375399502840909,1575499124.491101
0.04823064630681818,1575499124.8631017
0.04068492542613637,1575499125.2351296
0.03770019531249999,1575499125.6191096
0.04181063565340909,1575499125.9910738
0.03681773792613636,1575499126.3631346
0.038249733664772724,1575499126.7351584
0.041299272017045426,1575499127.11914
0.03770552201704543,1575499127.4911313
0.03735440340909092,1575499127.8631506
0.03704412286931817,1575499128.2351599
0.04257679332386361,1575499128.6191216
0.03811479048295457,1575499128.9911308
0.041536310369318194,1575499129.363146
0.03988236860795455,1575499129.735144
0.03861461292613635,1575499130.11912
0.03682395241477272,1575499130.49113
0.038168945312500015,1575499130.8631277
0.03942116477272729,1575499131.2351408
0.037575017755681804,1575499131.6191256
0.04492054332386369,1575499131.9911177
0.04362393465909093,1575499132.3631332
0.037502219460227276,1575499132.7351508
0.03796297940340908,1575499133.1191328
0.03905894886363636,1575499133.4911206
0.03662420099431816,1575499133.8631413
0.03662420099431818,1575499134.2351499
0.03936390269886366,1575499134.6190994
0.04110351562499999,1575499134.991124
0.03727494673295452,1575499135.3631308
0.03714577414772727,1575499135.7351317
0.040254350142045446,1575499136.1191075
0.03679110440340913,1575499136.4911265
0.03693625710227271,1575499136.863143
0.040687588778409084,1575499137.2351332
0.03653986150568183,1575499137.619111
0.03702459161931821,1575499137.9911242
0.04150168678977271,1575499138.363125
0.03674849076704546,1575499138.7351406
0.036599343039772754,1575499139.119103
0.038300781250000006,1575499139.4911158
0.03865456321022732,1575499139.8631253
0.03686390269886364,1575499140.2351408
0.04271573153409091,1575499140.6190894
0.04326305042613635,1575499140.991112
0.03687144886363636,1575499141.3631353
0.0371249112215909,1575499141.7351305
0.040504261363636364,1575499142.1191003
0.03759011008522728,1575499142.4911194
0.03672540838068183,1575499142.8631275
0.03924493963068184,1575499143.2351303
0.03750355113636361,1575499143.6191761
0.03697931463068181,1575499143.9911737
0.041732954545454545,1575499144.3631535
0.044149502840909065,1575499144.7351553
0.041309925426136374,1575499145.1191018
0.041856800426136355,1575499145.4911175
0.046686345880681795,1575499145.8631144
0.041511896306818175,1575499146.2351294
0.04177512428977271,1575499146.6191037
0.04224476207386363,1575499146.9910986
0.046352095170454556,1575499147.363118
0.0428635475852273,1575499147.7351327
0.04266468394886367,1575499148.1190803
0.04359818892045453,1575499148.4910963
0.044237393465909096,1575499148.863118
0.04291237571022724,1575499149.235117
0.041863014914772734,1575499149.6190925
0.04618874289772727,1575499149.9911046
0.042163973721590906,1575499150.3631213
0.04147727272727271,1575499150.7351172
0.045382634943181815,1575499151.1190944
0.04198153409090907,1575499151.4911096
0.046136807528409075,1575499151.8630965
0.04795543323863636,1575499152.2351263
0.041602450284090924,1575499152.6190891
0.04176669034090909,1575499152.9910963
0.04286931818181819,1575499153.3631053
0.044703924005681836,1575499153.7351265
0.0438849431818182,1575499154.1190813
0.04158647017045452,1575499154.491093
0.04586026278409091,1575499154.8631096
0.042094726562500025,1575499155.2351098
0.04190429687499999,1575499155.6190755
0.04137029474431818,1575499155.991105
0.04534357244318184,1575499156.3631015
0.04632546164772727,1575499156.7351232
0.05353648792613639,1575499157.1190894
0.04633655894886366,1575499157.4911025
0.04161088423295454,1575499157.8631022
0.042068980823863594,1575499158.235109
0.04543856534090908,1575499158.6190755
0.04303755326704544,1575499158.9910781
0.0425870028409091,1575499159.3630989
0.04504616477272727,1575499159.7351186
0.04205743963068181,1575499160.1190667
0.04137340198863637,1575499160.4910817
0.04437943892045452,1575499160.86311
0.04237571022727271,1575499161.235119
0.041035600142045485,1575499161.6190672
0.04262473366477272,1575499161.991097
0.04498712713068183,1575499162.3631012
0.04186745383522727,1575499162.7351081
0.041904296874999976,1575499163.1190665
0.04506125710227271,1575499163.4910994
0.04183460582386365,1575499163.8630886
0.042869318181818196,1575499164.2351048
0.044234730113636364,1575499164.619077
0.04156383167613632,1575499164.99108
0.04244628906249998,1575499165.3631651
0.04531294389204543,1575499165.7351637
0.042064541903409094,1575499166.1191144
0.042700195312499994,1575499166.491067
0.04508655894886361,1575499166.863104
0.04202681107954547,1575499167.2351332
0.042331764914772765,1575499167.6191006
0.0415789240056818,1575499167.991088
0.04829412286931821,1575499168.363106
0.04213867187500003,1575499168.7350945
0.041932262073863635,1575499169.1190722
0.04492143110795456,1575499169.4910963
0.04185946377840907,1575499169.8630843
0.04177468039772726,1575499170.235111
0.04518643465909087,1575499170.6190794
0.04456054687500001,1575499170.991077
0.043549360795454545,1575499171.3630908
0.04539683948863637,1575499171.735115
0.0512171519886364,1575499172.1190622
0.04159889914772727,1575499172.4910808
0.04305087002840909,1575499172.8630993
0.04531471946022729,1575499173.235092
0.042321555397727285,1575499173.6190643
0.03341530539772729,1575499173.9910862
0.045600585937499966,1575499174.3631058
0.042446732954545395,1575499174.7350917
0.042049449573863605,1575499175.1190636
0.04539151278409091,1575499175.4910882
0.04169699928977275,1575499175.8630786
0.04273437499999998,1575499176.2351048
0.04390536221590911,1575499176.619072
0.0430118075284091,1575499176.9910595
0.04212579900568185,1575499177.3630526
0.06154696377840908,1575499177.7351036
0.0784383877840909,1575499178.1190784
0.0761128373579545,1575499178.4910796
0.07831676136363636,1575499178.8630955
0.050758167613636405,1575499179.2351062
0.05610129616477271,1575499179.6190603
0.05638849431818181,1575499179.9910758
0.05658602627840912,1575499180.363103
0.06069247159090907,1575499180.7350948
0.06552112926136364,1575499181.1190681
0.08606267755681812,1575499181.4910994
0.08632013494318182,1575499181.8630815
0.0710928622159091,1575499182.2350988
0.05627041903409088,1575499182.6190715
0.06821999289772726,1575499182.991071
0.07493874289772721,1575499183.3630848
0.07795676491477276,1575499183.735102
0.07053444602272725,1575499184.1190765
0.05373091264204546,1575499184.4910753
0.056002752130681836,1575499184.8630877
0.05658425071022732,1575499185.235103
0.05584960937500001,1575499185.6190622
0.06725186434659093,1575499185.9910758
0.06572176846590908,1575499186.3630953
0.08245605468749997,1575499186.735068
0.08460537997159087,1575499187.1191382
0.0655539772727273,1575499187.4911244
0.05666859019886365,1575499187.863128
0.05574795809659091,1575499188.2351198
0.06076704545454547,1575499188.6190703
0.06866743607954545,1575499188.9910874
0.07047984730113634,1575499189.3631055
0.07876598011363642,1575499189.7350957
0.05682750355113638,1575499190.1190808
0.056062233664772726,1575499190.4910724
0.056333895596590945,1575499190.863088
0.05551846590909092,1575499191.2351048
0.05588068181818181,1575499191.619051
0.05616743607954545,1575499191.99107
0.05752929687500002,1575499192.3630917
0.05567693536931819,1575499192.735088
0.05592063210227274,1575499193.1190624
0.05962357954545456,1575499193.4910855
0.06547762784090906,1575499193.8631084
0.07829501065340909,1575499194.2350938
0.05878018465909091,1575499194.6190515
0.05551225142045458,1575499194.9910905
0.05704412286931818,1575499195.3630812
0.057223899147727304,1575499195.7350967
0.057974076704545525,1575499196.1190777
0.05077414772727274,1575499196.4910808
0.06922008167613634,1575499196.8630896
0.05417347301136364,1575499197.235108
0.06382679332386361,1575499197.6190534
0.05689675071022727,1575499197.991074
0.07030850497159094,1575499198.3630915
0.06578080610795452,1575499198.735094
0.06739657315340913,1575499199.1190631
0.058747336647727286,1575499199.49109
0.060267666903409095,1575499199.8630772
