amperes,timestamp
0.059004350142045504,1575509104.4044635
0.0679567649147727,1575509104.7765346
0.06535644531250002,1575509105.1485798
0.05205211292613633,1575509105.5205536
0.07004172585227272,1575509105.9044847
0.06285333806818177,1575509106.276527
0.0634357244318182,1575509106.6486642
0.07219637784090908,1575509107.020565
0.0729074928977273,1575509107.4045677
0.07025124289772731,1575509107.7766383
0.07076438210227269,1575509108.1485667
0.053196022727272724,1575509108.5206063
0.03617498224431816,1575509108.904565
0.04270063920454547,1575509109.276608
0.04220348011363635,1575509109.6488237
0.04313920454545457,1575509110.020584
0.041150124289772765,1575509110.4045808
0.04065118963068186,1575509110.7765794
0.04342906605113636,1575509111.1486013
0.037477805397727215,1575509111.5206
0.041980646306818206,1575509111.9046116
0.05024769176136365,1575509112.2765985
0.051408913352272725,1575509112.6485972
0.04318004261363635,1575509113.0205944
0.04141645951704547,1575509113.40465
0.046687677556818165,1575509113.7766597
0.04454012784090912,1575509114.148624
0.040693803267045435,1575509114.520649
0.03658957741477272,1575509114.9046433
0.03711337002840909,1575509115.2766316
0.04049493963068181,1575509115.6487105
0.041802645596590936,1575509116.0206244
0.042711736505681816,1575509116.4046926
0.04185680042613637,1575509116.776699
0.04174671519886365,1575509117.1486769
0.04619318181818183,1575509117.520752
0.04396883877840909,1575509117.9047322
0.037693093039772724,1575509118.2767344
0.04220436789772727,1575509118.6488044
0.0503253728693182,1575509119.0210955
0.04417569247159092,1575509119.4047258
0.044481090198863635,1575509119.7767282
0.04451305042613637,1575509120.1487293
0.0430801669034091,1575509120.5207274
0.038417080965909116,1575509120.9046936
0.041543856534090894,1575509121.2767224
0.04201748934659089,1575509121.6487947
0.042729048295454555,1575509122.020739
0.04261896306818182,1575509122.4047108
0.040619229403409104,1575509122.7767158
0.03617143110795453,1575509123.1487722
0.041723632812499974,1575509123.5207558
0.046935813210227266,1575509123.9047465
0.04395685369318182,1575509124.27678
0.036647727272727276,1575509124.6488318
0.04251997514204547,1575509125.0207968
0.04430841619318183,1575509125.4048188
0.044340376420454554,1575509125.7767792
0.04671519886363635,1575509126.1487782
0.0523708274147727,1575509126.5208058
0.04412775213068178,1575509126.9048228
0.05495472301136362,1575509127.276775
0.07004483309659092,1575509127.6488326
0.07291060014204549,1575509128.0208533
0.0697225674715909,1575509128.404788
0.07538884943181812,1575509128.7768564
0.07431729403409101,1575509129.148909
0.06627397017045453,1575509129.5208762
0.0707333096590909,1575509129.9048316
0.060562411221590895,1575509130.2768726
0.05962535511363637,1575509130.6488862
0.06272017045454546,1575509131.0208688
0.05887562144886363,1575509131.4050503
0.05923295454545452,1575509131.7769015
0.05194868607954544,1575509132.1490214
0.04924227627840912,1575509132.5210981
0.05128151633522727,1575509132.9048638
0.05074840198863636,1575509133.2769008
0.053901367187500035,1575509133.6490045
0.05927068536931819,1575509134.0211833
0.052884410511363625,1575509134.404886
0.04829501065340911,1575509134.7769578
0.05182084517045452,1575509135.1490757
0.049982688210227284,1575509135.521264
0.055032404119318215,1575509135.904931
0.055262784090909095,1575509136.2769444
0.04545987215909092,1575509136.6490204
0.05054554332386361,1575509137.0210779
0.04519886363636363,1575509137.404982
0.05692160866477274,1575509137.7769878
0.05804332386363637,1575509138.149095
0.05714000355113641,1575509138.5212643
0.045146484375000025,1575509138.9049902
0.05076748934659092,1575509139.2770045
0.0505557528409091,1575509139.649146
0.050966352982954544,1575509140.0213912
0.052509321732954535,1575509140.4050465
0.05558904474431815,1575509140.7770498
0.05181463068181817,1575509141.1491597
0.04919034090909092,1575509141.521277
0.05242054332386361,1575509141.9050167
0.052571910511363604,1575509142.2770371
0.04894797585227275,1575509142.6493301
0.055694247159090916,1575509143.0212817
0.056531871448863624,1575509143.4052238
0.050639204545454564,1575509143.777092
0.05663929332386362,1575509144.149192
0.050974786931818165,1575509144.5211365
0.05410999644886365,1575509144.905053
0.05708007812499999,1575509145.277065
0.04710893110795453,1575509145.649213
0.05114968039772729,1575509146.0212722
0.056811967329545486,1575509146.40513
0.0490629438920454,1575509146.7771225
0.05305486505681818,1575509147.1491923
0.05069957386363638,1575509147.5213308
0.057302911931818155,1575509147.9051142
0.05623668323863635,1575509148.2771103
0.04691450639204546,1575509148.6492743
0.049409623579545446,1575509149.0212727
0.053079279119318167,1575509149.4052107
0.054800248579545456,1575509149.777136
0.05134454900568185,1575509150.1493082
0.05762473366477273,1575509150.521443
0.05302423650568184,1575509150.905147
0.049169477982954554,1575509151.2771764
0.051218927556818165,1575509151.6492698
0.05158780184659093,1575509152.0212238
0.040212180397727254,1575509152.4051914
0.039714577414772675,1575509152.7772007
0.04160910866477271,1575509153.1493561
0.040034623579545424,1575509153.5214221
0.03863325639204546,1575509153.9052026
0.03946022727272725,1575509154.2772238
0.041784889914772756,1575509154.649334
0.03815562855113641,1575509155.0214078
0.037926580255681804,1575509155.4051933
0.04208673650568183,1575509155.7772677
0.04194469105113639,1575509156.1493132
0.03869895241477273,1575509156.5214174
0.04197398792613636,1575509156.905227
0.038864968039772727,1575509157.2772403
0.038011363636363635,1575509157.6493711
0.040205522017045484,1575509158.0215218
0.04352672230113635,1575509158.4052968
0.04335138494318182,1575509158.777289
0.044127308238636365,1575509159.1493912
0.04677157315340908,1575509159.5215619
0.043664328835227265,1575509159.9052873
0.0438955965909091,1575509160.277308
0.0459343927556818,1575509160.6493785
0.04089666193181819,1575509161.021562
0.039062056107954546,1575509161.4053178
0.04187278053977268,1575509161.7773962
0.038067737926136394,1575509162.1494262
0.04320578835227272,1575509162.5213995
0.046457741477272725,1575509162.9053764
0.03971679687500001,1575509163.2773576
0.0425430575284091,1575509163.6495054
0.046555841619318174,1575509164.0215268
0.038243075284090926,1575509164.4053648
0.03930442116477273,1575509164.7774725
0.042057439630681794,1575509165.149398
0.03840287642045455,1575509165.5215397
0.038195134943181816,1575509165.905374
0.04230335582386362,1575509166.2773967
0.03856800426136364,1575509166.6495183
0.0380557528409091,1575509167.021562
0.040191761363636364,1575509167.4054072
0.04057484019886363,1575509167.777401
0.03833140980113638,1575509168.149534
0.03834250710227273,1575509168.5215805
0.042342862215909084,1575509168.9054503
0.03911221590909089,1575509169.2774682
0.040665838068181824,1575509169.6496217
0.04440651633522724,1575509170.0214458
0.03966708096590912,1575509170.4055898
0.037844904119318165,1575509170.777464
0.0425315163352273,1575509171.1494586
0.04467418323863638,1575509171.521495
0.048299449573863645,1575509171.9055808
0.04196067116477274,1575509172.277537
0.03841308593749996,1575509172.6496174
0.04395818536931819,1575509173.021648
0.04472966974431818,1575509173.405684
0.03858398437499999,1575509173.7775104
0.03867098721590907,1575509174.1495337
0.042804953835227255,1575509174.521527
0.039283114346590924,1575509174.9056602
0.039246271306818216,1575509175.2775347
0.04026855468749997,1575509175.6495588
0.039357688210227254,1575509176.0215588
0.03811656605113638,1575509176.405763
0.03842507102272727,1575509176.777566
0.041096857244318205,1575509177.1495667
0.03949263139204546,1575509177.5216036
0.03853515625000001,1575509177.90575
0.042786754261363594,1575509178.2775753
0.03950905539772726,1575509178.6495793
0.04040482954545456,1575509179.0216124
0.04318803267045456,1575509179.4057958
0.03806862571022729,1575509179.7776062
0.03827325994318186,1575509180.1496384
0.04119939630681818,1575509180.521605
0.04218084161931816,1575509180.9057565
0.03780229048295453,1575509181.277627
0.03947265625,1575509181.6496553
0.042845791903409085,1575509182.0216374
0.03796875,1575509182.4058995
0.03809969815340913,1575509182.7776659
0.042653586647727275,1575509183.149651
0.03974609374999999,1575509183.5220926
0.03866743607954547,1575509183.905909
0.04070712002840912,1575509184.277945
0.03966219815340909,1575509184.649733
0.037809836647727295,1575509185.0217206
0.03807972301136365,1575509185.40607
0.04260253906249997,1575509185.7776887
0.03787553267045455,1575509186.1497123
0.038544921875000006,1575509186.5217068
0.04005593039772727,1575509186.905918
0.040493607954545464,1575509187.2777305
0.03883966619318183,1575509187.6497667
0.0382306463068182,1575509188.02177
0.04216752485795454,1575509188.4059503
0.03129527698863635,1575509188.7777305
0.039425159801136415,1575509189.1497395
0.045445223721590905,1575509189.5217547
0.03876775568181819,1575509189.905842
0.03839533025568183,1575509190.2778215
0.04197354403409093,1575509190.6497645
0.04107466264204546,1575509191.0217772
0.037861772017045485,1575509191.4060283
0.04173295454545455,1575509191.7777777
0.037470259232954536,1575509192.1497958
0.03928622159090909,1575509192.521824
0.041925159801136355,1575509192.90598
0.04670765269886364,1575509193.2778165
0.03870738636363637,1575509193.6502595
0.0409161931818182,1575509194.0218287
0.04034312855113635,1575509194.4060354
0.03806995738636368,1575509194.777961
0.04100896661931818,1575509195.149849
0.04162020596590908,1575509195.5218499
0.03895818536931819,1575509195.9059718
0.03887207031250001,1575509196.277865
0.03880548650568179,1575509196.6500704
0.0407705965909091,1575509197.0218704
0.03783069957386363,1575509197.4059958
0.03784579190340909,1575509197.7778702
0.04274236505681816,1575509198.1499002
0.03801269531249999,1575509198.5219653
0.03811168323863639,1575509198.9059982
0.042674893465909094,1575509199.277902
0.03818403764204545,1575509199.6499255
0.03781072443181818,1575509200.0218997
0.04054776278409091,1575509200.4061046
0.039862393465909064,1575509200.7779121
0.03782182173295456,1575509201.149924
0.038619495738636385,1575509201.5219383
0.04242098721590906,1575509201.9060655
0.037960759943181814,1575509202.2779403
0.03944779829545453,1575509202.6499767
0.039889914772727283,1575509203.021983
0.03812499999999997,1575509203.4060407
0.03802823153409091,1575509203.777975
0.04255770596590914,1575509204.1499681
0.043279918323863624,1575509204.521991
0.037673117897727246,1575509204.9061072
0.042046786221590894,1575509205.2780652
0.03812677556818184,1575509205.6500728
0.03806507457386363,1575509206.0220659
0.04201704545454547,1575509206.4062264
0.03842595880681818,1575509206.7780256
0.038314098011363616,1575509207.150027
0.04179731889204546,1575509207.5223556
0.03922274502840908,1575509207.9061487
0.04110706676136362,1575509208.2780664
0.04305042613636364,1575509208.6500592
0.04065562855113638,1575509209.0220988
0.0430704012784091,1575509209.406181
0.04098144531249996,1575509209.77818
0.03790616122159093,1575509210.1500878
0.041292613636363634,1575509210.522075
0.03843350497159093,1575509210.906197
0.037623401988636306,1575509211.278094
0.03941051136363639,1575509211.6500828
0.042830255681818176,1575509212.0220985
0.07178089488636355,1575509212.4062161
0.07324174360795442,1575509212.7781096
0.07217551491477266,1575509213.1501086
0.07140624999999999,1575509213.5221393
0.060291637073863646,1575509213.9062314
0.05558593750000002,1575509214.2781484
0.059354137073863625,1575509214.6501331
0.06422096946022726,1575509215.0221252
0.0705686257102272,1575509215.4062433
0.07249334161931827,1575509215.7781675
0.07065030184659082,1575509216.1501663
0.06690074573863643,1575509216.5221624
0.018659002130681817,1575509216.9062786
0.05705921519886369,1575509217.278177
0.018067737926136303,1575509217.650176
0.05741921164772722,1575509218.0222113
0.04708052201704533,1575509218.4062636
0.03389382102272724,1575509218.7783773
0.05955033735795455,1575509219.150206
0.01714355468750001,1575509219.5222101
0.05734863281250006,1575509219.906308
0.036098188920454376,1575509220.278352
0.04603826349431806,1575509220.6502147
0.043814364346590855,1575509221.0222256
0.03184259588068181,1575509221.4063334
0.051784002130681725,1575509221.7782364
0.021873668323863636,1575509222.1502748
0.05707919034090914,1575509222.5222564
0.01645596590909092,1575509222.906377
0.05744406960227263,1575509223.2784617
0.016960671164772706,1575509223.6502817
0.05689319957386362,1575509224.0222924
0.03647416548295441,1575509224.406404
0.040391068892045474,1575509224.7783117
0.06379572088068178,1575509225.1503024
0.01810102982954547,1575509225.5223165
0.05731045809659092,1575509225.9063938
0.06917080965909088,1575509226.2783234
0.05912730823863635,1575509226.650328
0.058538263494318184,1575509227.022319
0.05823774857954547,1575509227.4065444
0.058765092329545465,1575509227.778444
0.05765447443181817,1575509228.1503549
0.0583456143465909,1575509228.5223827
0.059444691051136346,1575509228.906466
0.05484197443181819,1575509229.278373
0.058426402698863636,1575509229.6503508
0.05564541903409091,1575509230.0223665
0.056813742897727254,1575509230.4064724
0.05881835937499996,1575509230.778381
0.059143288352272755,1575509231.1503978
0.07072310014204544,1575509231.5223997
0.06999822443181822,1575509231.9064958
0.07213734019886361,1575509232.2784033
0.05994717684659089,1575509232.650421
0.05662109375,1575509233.022416
0.05275790127840907,1575509233.4065456
0.05740323153409087,1575509233.7784514
0.06759232954545452,1575509234.1504395
0.06011274857954547,1575509234.5224538
0.07208007812500002,1575509234.9065495
0.06237526633522725,1575509235.278459
0.05539195667613637,1575509235.6504998
0.0599755859375,1575509236.0224788
0.05393377130681818,1575509236.406574
0.06088645241477268,1575509236.7785249
0.052892400568181806,1575509237.1504798
0.06182173295454544,1575509237.522636
0.06162464488636365,1575509237.9066248
0.06910111860795454,1575509238.278516
0.06740988991477279,1575509238.650501
0.061413352272727297,1575509239.0224786
0.05738991477272728,1575509239.406653
0.07137784090909095,1575509239.778524
0.06051535866477277,1575509240.1505299
0.06605158025568174,1575509240.522537
