amperes,timestamp
0.03090642755681817,1574446649.0307558
0.031608220880681805,1574446649.402766
0.030971235795454546,1574446649.774806
0.04467995383522728,1574446650.1468709
0.045940607244318185,1574446650.530834
0.04052512428977268,1574446650.9028347
0.046914506392045474,1574446651.2748349
0.04946244673295452,1574446651.6468308
0.039442027698863624,1574446652.03082
0.04319957386363639,1574446652.40284
0.04146573153409091,1574446652.7748415
0.03981489701704545,1574446653.1468384
0.041038707386363636,1574446653.5308166
0.039558771306818175,1574446653.902851
0.04334561434659092,1574446654.2748754
0.04011186079545457,1574446654.6468692
0.040687144886363664,1574446655.030858
0.04194557883522723,1574446655.4028618
0.035703125000000016,1574446655.7748752
0.03793989701704546,1574446656.1468964
0.03819113991477273,1574446656.5308712
0.03084073153409093,1574446656.9028814
0.029034090909090895,1574446657.2748942
0.029136186079545472,1574446657.6469223
0.0321670809659091,1574446658.0308886
0.04190474076704545,1574446658.4028833
0.03553267045454545,1574446658.7749343
0.030695134943181827,1574446659.1469538
0.030399502840909087,1574446659.530904
0.034815340909090914,1574446659.9029372
0.04248002485795448,1574446660.2749665
0.03691938920454545,1574446660.6469665
0.04344682173295459,1574446661.030926
0.03915305397727275,1574446661.4029603
0.03797096946022725,1574446661.7749732
0.029725230823863625,1574446662.1469908
0.03723588423295455,1574446662.530966
0.030242808948863623,1574446662.902997
0.03680886008522727,1574446663.2749898
0.03784090909090907,1574446663.6470346
0.043080610795454555,1574446664.0310016
0.04644042968749996,1574446664.4029958
0.045478515624999945,1574446664.7750278
0.04435901988636361,1574446665.1470513
0.03767888849431815,1574446665.5310287
0.04056906960227273,1574446665.9030354
0.038644353693181775,1574446666.2750504
0.029298650568181834,1574446666.6470826
0.02781516335227272,1574446667.0310254
0.02227805397727272,1574446667.4030526
0.025156693892045428,1574446667.7750502
0.02495072798295454,1574446668.14708
0.025305841619318165,1574446668.5310557
0.027183948863636367,1574446668.90309
0.033659002130681834,1574446669.2751122
0.04438210227272722,1574446669.6471188
0.03129794034090911,1574446670.0310948
0.03240456321022726,1574446670.4030848
0.02931951349431817,1574446670.7751186
0.0387371271306818,1574446671.1471312
0.04029030539772728,1574446671.531116
0.047277610085227316,1574446671.903199
0.03993075284090909,1574446672.2751968
0.03039195667613638,1574446672.6471853
0.03032981178977273,1574446673.0311544
0.035736860795454524,1574446673.4031522
0.035135387073863635,1574446673.775183
0.033762872869318165,1574446674.1471448
0.032033469460227275,1574446674.5311782
0.032735706676136365,1574446674.9031832
0.0286416903409091,1574446675.27519
0.03240811434659092,1574446675.647206
0.028716264204545427,1574446676.0311863
0.0280144708806818,1574446676.4032118
0.03085227272727274,1574446676.7752125
0.029169477982954536,1574446677.1472263
0.02771928267045454,1574446677.5312238
0.028616832386363634,1574446677.9032173
0.028784623579545445,1574446678.275227
0.03244140625,1574446678.6472654
0.031179865056818194,1574446679.0312157
0.028543590198863635,1574446679.4032533
0.027590553977272732,1574446679.7752705
0.030379083806818197,1574446680.1472774
0.030623224431818176,1574446680.5312376
0.028643022017045463,1574446680.9032753
0.028481445312499985,1574446681.2753015
0.03191361860795453,1574446681.6473038
0.029225408380681828,1574446682.0312855
0.02845569957386364,1574446682.4033122
0.02759410511363637,1574446682.7753067
0.02965198863636365,1574446683.1473312
0.030844282670454526,1574446683.53131
0.02944646661931819,1574446683.903318
0.028251953125000014,1574446684.2753315
0.03271750710227273,1574446684.6473484
0.02913441051136362,1574446685.0313563
0.03046075994318181,1574446685.4033303
0.03042214133522728,1574446685.7753615
0.030414151278409105,1574446686.1473863
0.030110529119318174,1574446686.5313358
0.028212446732954557,1574446686.9033535
0.03111194957386364,1574446687.2753823
0.028506747159090906,1574446687.6473687
0.028394886363636372,1574446688.0313551
0.028975941051136357,1574446688.4033883
0.029793590198863646,1574446688.775432
0.031044477982954552,1574446689.1474164
0.029195223721590908,1574446689.5313995
0.028001598011363642,1574446689.9033973
0.03045765269886364,1574446690.275444
0.030918412642045458,1574446690.6474643
0.029762961647727272,1574446691.0314338
0.028489879261363645,1574446691.4034233
0.031352982954545444,1574446691.7754729
0.029987127130681804,1574446692.1474788
0.028295010653409097,1574446692.5314684
0.027786754261363622,1574446692.90347
0.028667436079545437,1574446693.2755575
0.028868519176136375,1574446693.6475666
0.028136985085227266,1574446694.0315242
0.029569868607954557,1574446694.403516
0.02723854758522728,1574446694.7754867
0.028831676136363626,1574446695.1475363
0.02822842684659092,1574446695.5315359
0.029082475142045462,1574446695.9035282
0.028136097301136365,1574446696.2755485
0.028968838778409087,1574446696.6475537
0.02868474786931817,1574446697.0314887
0.028623046874999995,1574446697.40356
0.029018554687500003,1574446697.7755518
0.027377485795454556,1574446698.1475759
0.02776500355113636,1574446698.5315516
0.028157848011363656,1574446698.9035604
0.02928355823863635,1574446699.2755768
0.027975408380681813,1574446699.6476018
0.027385475852272734,1574446700.0315554
0.029484197443181818,1574446700.403579
0.028699840198863635,1574446700.775629
0.027994939630681805,1574446701.1476102
0.029229403409090915,1574446701.5315914
0.028500532670454555,1574446701.9036016
0.02887029474431819,1574446702.2756414
0.028097922585227246,1574446702.6476297
0.028986594460227267,1574446703.0316274
0.028936434659090914,1574446703.4036365
0.03528897372159093,1574446703.7756388
0.031117276278409087,1574446704.1476617
0.03068758877840907,1574446704.531625
0.030418590198863636,1574446704.9036684
0.031380948153409076,1574446705.2756672
0.029603160511363635,1574446705.6476934
0.03298828125,1574446706.0316722
0.030057705965909093,1574446706.403681
0.02941938920454545,1574446706.7756968
0.03000310724431819,1574446707.1477263
0.03067249644886363,1574446707.5316813
0.03405317826704546,1574446707.9037097
0.030187322443181817,1574446708.2757545
0.02958096590909093,1574446708.6477304
0.029031427556818177,1574446709.0317073
0.030182439630681804,1574446709.4037414
0.028706942471590908,1574446709.7757566
0.027942560369318185,1574446710.1477575
0.027840021306818164,1574446710.5317404
0.029171697443181804,1574446710.903763
0.02825816761363633,1574446711.275765
0.02707297585227273,1574446711.6477845
0.028955078124999988,1574446712.0317807
0.030146040482954547,1574446712.403769
0.029099343039772754,1574446712.7758055
0.02790571732954547,1574446713.1477826
0.029560546875000027,1574446713.5317988
0.030514026988636356,1574446713.9037933
0.027906605113636358,1574446714.275817
0.029637340198863635,1574446714.6479135
0.029212535511363654,1574446715.03188
0.028220436789772728,1574446715.4038794
0.02719815340909092,1574446715.7758615
0.029574751420454567,1574446716.1478806
0.02867276278409092,1574446716.5318274
0.028465465198863636,1574446716.9038727
0.029682617187500017,1574446717.2758863
0.02838645241477272,1574446717.6478686
0.028424183238636342,1574446718.0318449
0.02738059303977273,1574446718.4038696
0.02914506392045454,1574446718.7758896
0.029910777698863633,1574446719.147914
0.028859197443181807,1574446719.531889
0.02913352272727275,1574446719.9038823
0.028678977272727262,1574446720.2759063
0.028401544744318174,1574446720.6479108
0.02696954900568182,1574446721.031906
0.028309659090909094,1574446721.403905
0.029830877130681836,1574446721.7759495
0.029263583096590925,1574446722.147946
0.02792524857954546,1574446722.5319204
0.02968883167613636,1574446722.9039543
0.028324307528409098,1574446723.2759757
0.027915039062500008,1574446723.6479764
0.02808371803977274,1574446724.0319505
0.030639648437499993,1574446724.4039836
0.028612393465909092,1574446724.7759693
0.02872958096590909,1574446725.1479957
0.02946422230113636,1574446725.5319562
0.028917347301136362,1574446725.9040053
0.028367365056818184,1574446726.2759838
0.03701660156249999,1574446726.6480362
0.02937810724431819,1574446727.0319993
0.0283260830965909,1574446727.404011
0.026768465909090912,1574446727.7760384
0.028022460937499997,1574446728.1480758
0.02977672230113637,1574446728.5319939
0.028354492187499993,1574446728.904042
0.02805131392045455,1574446729.2760444
0.029393199573863635,1574446729.6480649
0.029533469460227293,1574446730.032045
0.02767134232954544,1574446730.404079
0.028399769176136357,1574446730.7760975
0.02979847301136365,1574446731.148077
0.02840154474431819,1574446731.5320766
0.028886274857954558,1574446731.9041052
0.029529474431818154,1574446732.2761123
0.027614080255681805,1574446732.648125
0.027345969460227274,1574446733.0320976
0.027932794744318173,1574446733.404124
0.029672407670454537,1574446733.7761283
0.02829944957386363,1574446734.1481574
0.034072709517045455,1574446734.5321386
0.028839666193181804,1574446734.9041462
0.029596946022727274,1574446735.2761643
0.032234552556818175,1574446735.6481879
0.0300466086647727,1574446736.0321364
0.02870294744318183,1574446736.4042506
0.028564009232954535,1574446736.7762394
0.029048295454545427,1574446737.1482422
0.029114879261363646,1574446737.5321705
0.02866210937500002,1574446737.9041848
0.027977183948863643,1574446738.2762191
0.027311345880681806,1574446738.6482465
0.02817871093749998,1574446739.032196
0.029973366477272726,1574446739.4042273
0.028580877130681786,1574446739.776189
0.028709605823863636,1574446740.148254
0.029692382812499998,1574446740.532235
0.027993607954545446,1574446740.9042351
0.02808593749999998,1574446741.2762575
0.028091264204545455,1574446741.6482809
0.030386186079545456,1574446742.03225
0.028361150568181805,1574446742.4042509
0.02787908380681817,1574446742.7762878
0.02898171164772726,1574446743.148301
0.0282421875,1574446743.5322657
0.02809659090909091,1574446743.9042807
0.027776544744318194,1574446744.276329
0.029405628551136355,1574446744.6483276
0.02845436789772726,1574446745.0322866
0.028012695312499992,1574446745.4043195
0.029471768465909095,1574446745.7763414
0.028231090198863627,1574446746.1483104
0.027968306107954557,1574446746.5323243
0.03021040482954545,1574446746.9043477
0.028877397017045447,1574446747.2763531
0.028049094460227256,1574446747.648375
0.027829811789772722,1574446748.0323455
0.029574307528409095,1574446748.4043934
0.028602183948863623,1574446748.776381
0.027345525568181796,1574446749.1484146
0.0298863636363636,1574446749.5323865
0.02972079190340909,1574446749.9043844
0.028897816051136352,1574446750.2764177
0.02957919034090908,1574446750.6484342
0.027939897017045467,1574446751.032386
0.030629882812500002,1574446751.4044108
0.02868297230113635,1574446751.7764175
0.028808593749999993,1574446752.1484554
0.030573508522727267,1574446752.5324295
0.028689630681818172,1574446752.904448
0.027847567471590885,1574446753.2764606
0.028125000000000004,1574446753.6484697
0.030479403409090895,1574446754.032442
0.028597301136363634,1574446754.4044461
0.02819868607954545,1574446754.7764766
0.030379527698863637,1574446755.1485074
0.028013139204545463,1574446755.5324905
0.027595436789772707,1574446755.9044716
0.0280264559659091,1574446756.2765052
0.030117631392045482,1574446756.6485207
0.029589843749999987,1574446757.0324855
0.029499733664772716,1574446757.404523
0.03071466619318182,1574446757.77661
0.029381214488636353,1574446758.1486201
0.029050071022727286,1574446758.5325453
0.028696732954545476,1574446758.9045753
0.030035955255681843,1574446759.276574
0.028900479403409104,1574446759.6485696
0.02877752130681817,1574446760.0325437
0.029306196732954547,1574446760.4045632
0.028201793323863633,1574446760.776583
0.02727228338068179,1574446761.1486037
0.033742897727272715,1574446761.5325823
0.02849254261363636,1574446761.9045634
0.028747336647727287,1574446762.2766209
0.02816273082386365,1574446762.6486282
0.028920010653409087,1574446763.0325885
0.030597034801136343,1574446763.4046118
0.027708629261363638,1574446763.776619
0.02828080610795453,1574446764.1486566
0.03010609019886365,1574446764.5326188
0.03584517045454543,1574446764.904637
0.02909801136363636,1574446765.276677
0.02943803267045452,1574446765.6486554
0.030900213068181814,1574446766.032681
0.0317693536931818,1574446766.4046772
0.029201438210227283,1574446766.7766926
0.029496626420454558,1574446767.1486971
0.030074573863636374,1574446767.5326664
0.030716441761363622,1574446767.9047093
0.02916148792613637,1574446768.2767084
0.030065696022727267,1574446768.6487365
0.031008078835227274,1574446769.0327122
0.029328391335227272,1574446769.4047172
0.0296542080965909,1574446769.7767386
0.032261629971590905,1574446770.1487546
0.030276100852272746,1574446770.5327165
0.029328391335227254,1574446770.9047313
0.02928222656249999,1574446771.2767649
0.032271839488636364,1574446771.6487823
0.028808593749999993,1574446772.0327506
0.03143110795454547,1574446772.4047737
0.03132901278409089,1574446772.7768002
0.0297021484375,1574446773.1487792
0.030142489346590907,1574446773.5327811
0.031933593749999975,1574446773.9048073
0.029789151278409098,1574446774.2768114
0.02920099431818181,1574446774.6488152
0.029303533380681805,1574446775.0328202
0.031234907670454566,1574446775.4048116
0.02878018465909093,1574446775.776826
0.030869140624999996,1574446776.1488426
0.031146573153409088,1574446776.5328224
0.02919477982954547,1574446776.9048462
0.030528675426136357,1574446777.2768648
0.029803355823863627,1574446777.6488845
0.030963245738636378,1574446778.0328395
0.028188032670454544,1574446778.404841
0.029783380681818197,1574446778.7768984
0.031582475142045444,1574446779.1489146
0.0320001775568182,1574446779.5329413
0.04178666548295456,1574446779.9049556
0.039137517755681826,1574446780.276955
0.0350821200284091,1574446780.6489549
0.032814719460227265,1574446781.0328987
0.034597389914772736,1574446781.4049351
0.035579723011363654,1574446781.7769642
0.031890536221590896,1574446782.1489627
0.030338245738636357,1574446782.5329397
0.030667613636363646,1574446782.9049375
0.030709783380681806,1574446783.2769628
0.030447887073863637,1574446783.6489909
0.030708451704545444,1574446784.0329463
0.02929376775568181,1574446784.4049773
0.03006569602272728,1574446784.7769961
0.029563654119318154,1574446785.1490023
0.030600585937499997,1574446785.5329835
0.03181107954545457,1574446785.9049997
0.029089133522727274,1574446786.277027
0.030212624289772727,1574446786.6490004
0.031537642045454554,1574446787.033004
0.030884232954545468,1574446787.4050128
0.029313299005681807,1574446787.7770293
0.03031338778409092,1574446788.1490245
0.031028941761363636,1574446788.5330136
0.029593394886363655,1574446788.9050596
0.02996626420454545,1574446789.2770693
0.02972745028409091,1574446789.6490831
0.029424272017045457,1574446790.033069
0.02899680397727273,1574446790.4050775
0.031290838068181816,1574446790.7770934
0.03068093039772726,1574446791.1491148
0.029096235795454534,1574446791.5330896
0.02977317116477274,1574446791.9051166
0.03210138494318184,1574446792.2771225
0.028973721590909097,1574446792.6491504
0.030568181818181824,1574446793.033104
0.031244229403409103,1574446793.4051313
0.03049893465909093,1574446793.777149
0.029187233664772737,1574446794.1491253
0.0312859552556818,1574446794.5331697
0.030240145596590908,1574446794.9051626
0.028226207386363646,1574446795.2771473
0.03312411221590911,1574446795.6491776
0.033507191051136385,1574446796.0331643
0.029652876420454558,1574446796.4051936
0.0313330078125,1574446796.7771807
0.03161044034090911,1574446797.1492114
0.03017045454545455,1574446797.5331903
0.03626997514204548,1574446797.9051924
0.029884588068181832,1574446798.2772303
0.029778941761363652,1574446798.6492486
0.03134055397727272,1574446799.0332296
0.029658647017045438,1574446799.4052258
0.030358664772727265,1574446799.777253
0.03212979403409092,1574446800.1492405
0.031071111505681804,1574446800.533237
0.029562766335227284,1574446800.9053316
0.03089754971590907,1574446801.277333
0.03071511008522728,1574446801.6493294
0.02899325284090908,1574446802.0332894
0.03066672585227273,1574446802.405271
0.030326260653409095,1574446802.7773185
0.029386541193181816,1574446803.1493013
0.02956321022727275,1574446803.5332887
0.030451438210227267,1574446803.9053059
0.030347567471590925,1574446804.277318
0.02937544389204547,1574446804.6493347
0.02967817826704545,1574446805.0333304
0.03201393821022727,1574446805.4053237
0.029178799715909094,1574446805.7773495
0.03087801846590909,1574446806.1493728
0.03122070312500001,1574446806.5333526
0.029657759232954536,1574446806.9053214
0.03027432528409089,1574446807.2773485
0.031374289772727264,1574446807.6493485
0.0311572265625,1574446808.033323
0.02880770596590911,1574446808.4053464
0.02990278764204545,1574446808.7773495
0.03139426491477273,1574446809.149379
0.028341619318181827,1574446809.5333562
0.03148792613636362,1574446809.9053874
0.030340021306818187,1574446810.277385
0.03071866122159091,1574446810.6494062
0.02946244673295455,1574446811.0333853
0.030776811079545472,1574446811.4053926
0.03326793323863636,1574446811.7774165
0.029138405539772743,1574446812.1494396
0.030732865767045457,1574446812.5333862
0.02944735440340907,1574446812.9054165
0.030009765625000018,1574446813.2774494
0.028836558948863632,1574446813.6494722
0.02768909801136365,1574446814.0334337
0.03195401278409092,1574446814.4054453
0.028635475852272725,1574446814.7774758
0.030114080255681817,1574446815.149469
0.030728426846590915,1574446815.5334613
0.028959517045454554,1574446815.9054828
0.029086914062500028,1574446816.2774756
0.02975941051136365,1574446816.6495063
0.032755681818181843,1574446817.0334864
0.030453657670454527,1574446817.4055133
0.030481622869318194,1574446817.7775102
0.030948597301136384,1574446818.1495268
0.029634676846590904,1574446818.5335157
0.02884898792613637,1574446818.905519
0.03106223366477273,1574446819.27756
0.030347567471590915,1574446819.6495602
0.02890003551136363,1574446820.0335243
0.02998623934659093,1574446820.4055479
0.03116921164772727,1574446820.77757
0.028836558948863635,1574446821.1495898
0.030720880681818188,1574446821.5335622
0.028861416903409095,1574446821.9055748
0.03170454545454546,1574446822.2776692
0.02971724076704546,1574446822.6496754
0.02934925426136363,1574446823.0336277
0.031352095170454536,1574446823.4056315
0.028710049715909097,1574446823.7776275
0.03136186079545454,1574446824.1496258
0.03111372514204545,1574446824.5336106
0.03002263849431819,1574446824.9056087
0.02946022727272728,1574446825.2776625
0.031360973011363646,1574446825.6496677
0.030270330255681804,1574446826.033644
0.02877618963068183,1574446826.40563
0.030125621448863625,1574446826.7776752
0.03290793678977272,1574446827.1496875
0.03795543323863635,1574446827.5336673
0.03016779119318182,1574446827.9056692
0.03101074218750001,1574446828.2777028
0.032923473011363634,1574446828.6497347
0.031307705965909066,1574446829.03368
0.029926313920454545,1574446829.4057093
0.03212801846590909,1574446829.777721
0.029881036931818178,1574446830.1497226
0.029956942471590895,1574446830.5337055
0.03089133522727272,1574446830.9057333
0.02986638849431817,1574446831.277764
0.02937810724431818,1574446831.6497576
0.02942160866477274,1574446832.0337374
0.03318181818181819,1574446832.405758
0.028710049715909094,1574446832.7777624
0.03021040482954546,1574446833.14979
0.030666725852272737,1574446833.533765
0.02963600852272729,1574446833.9057639
0.02948375355113637,1574446834.277798
0.031293945312500016,1574446834.6498232
0.030834960937499996,1574446835.0337744
0.029275124289772712,1574446835.4057891
0.030640092329545444,1574446835.7778332
0.029663973721590915,1574446836.149848
0.028445933948863644,1574446836.5338025
0.03088911576704545,1574446836.9058268
0.03238148082386363,1574446837.277857
0.02984153053977273,1574446837.649857
0.02938742897727272,1574446838.0338361
0.031012073863636382,1574446838.4058595
0.030635653409090902,1574446838.7778642
0.028715820312500015,1574446839.1498857
0.030203302556818183,1574446839.5338588
0.03149458451704546,1574446839.9058957
0.02939675071022725,1574446840.2778945
0.030638760653409088,1574446840.6499205
0.03134543678977271,1574446841.033872
0.029797585227272723,1574446841.4058945
0.03364213423295456,1574446841.7779274
0.03631702769886362,1574446842.149936
0.028785067471590896,1574446842.533928
0.03284224076704546,1574446842.9059289
0.030921963778409108,1574446843.2779546
0.03292613636363638,1574446843.6499484
0.031127041903409074,1574446844.034008
0.03008256392045454,1574446844.4060073
0.02979625355113636,1574446844.778005
0.028899591619318186,1574446845.150003
0.0315292080965909,1574446845.5339632
0.028774857954545457,1574446845.905988
0.03069291548295454,1574446846.278016
0.03401899857954544,1574446846.6500297
0.02996582031249999,1574446847.033993
0.03052778764204546,1574446847.4060113
0.0314111328125,1574446847.7780247
0.03111860795454546,1574446848.150042
0.02843039772727273,1574446848.5340037
0.030710671164772742,1574446848.9060276
0.029737215909090918,1574446849.2780457
0.030069247159090918,1574446849.650053
0.029513050426136347,1574446850.034033
0.03135253906249999,1574446850.406057
0.03102716619318182,1574446850.7780824
0.028894708806818156,1574446851.1500938
0.03101473721590909,1574446851.5340636
0.030751509232954527,1574446851.9060829
0.030138494318181813,1574446852.2780874
0.031172762784090886,1574446852.6501079
0.029751864346590887,1574446853.0340934
0.029595614346590922,1574446853.406119
0.029578302556818183,1574446853.7781208
0.02892933238636365,1574446854.1501415
0.032648259943181844,1574446854.5341566
0.02886052911931817,1574446854.9061277
0.031099520596590907,1574446855.278149
0.030664062500000002,1574446855.650177
0.029900568181818184,1574446856.034131
0.0292342862215909,1574446856.4061503
0.030753728693181805,1574446856.7781758
0.031095969460227274,1574446857.1502047
0.030061257102272747,1574446857.5341623
0.03161265980113637,1574446857.9061854
0.03635919744318183,1574446858.2782114
0.030611239346590918,1574446858.6502104
0.0307568359375,1574446859.034193
0.0334042080965909,1574446859.4062085
0.03215065696022727,1574446859.7782085
0.030299183238636365,1574446860.1502476
0.03144841974431818,1574446860.5342257
0.029952059659090903,1574446860.9062634
0.03064808238636362,1574446861.2782583
0.029873490767045468,1574446861.6502726
0.029207652698863645,1574446862.0342479
0.03298295454545453,1574446862.406253
0.02987171519886364,1574446862.778275
0.029555220170454564,1574446863.1503048
0.030975674715909084,1574446863.5342607
0.03121715198863636,1574446863.9062808
0.030127397017045473,1574446864.2783167
0.03052024147727272,1574446864.6503081
0.03042524857954546,1574446865.034281
0.02954057173295455,1574446865.4063888
0.029378107244318174,1574446865.7783847
0.031078213778409098,1574446866.1503885
0.02966841264204545,1574446866.53434
0.028152077414772717,1574446866.906341
0.032170632102272737,1574446867.278389
0.030827414772727275,1574446867.6503778
0.029621360085227273,1574446868.0343504
0.030945933948863632,1574446868.4063509
0.02992542613636364,1574446868.7783735
0.029529030539772728,1574446869.1503916
0.029498845880681825,1574446869.5343518
0.03113325639204547,1574446869.9063745
0.03111993963068184,1574446870.2784095
0.028181818181818183,1574446870.6504278
0.03069469105113636,1574446871.0343814
0.028955522017045474,1574446871.4064167
0.02916370738636363,1574446871.7784379
0.030824307528409093,1574446872.1504312
0.03001731178977273,1574446872.534408
0.031325017755681826,1574446872.906438
0.029264026988636362,1574446873.278435
0.029490855823863647,1574446873.6504717
0.02987215909090909,1574446874.034446
0.028524946732954564,1574446874.406446
0.031054687500000004,1574446874.77848
0.02915438565340909,1574446875.1504962
0.029270241477272727,1574446875.5344696
0.030901100852272705,1574446875.9064748
0.030858931107954533,1574446876.2785077
0.02939541903409091,1574446876.6505268
0.02945933948863636,1574446877.0344777
0.029952059659090896,1574446877.4065127
0.03107732599431819,1574446877.77853
0.02844682173295456,1574446878.1505263
0.03037553267045454,1574446878.5345137
0.029525923295454542,1574446878.9065363
0.029964932528409104,1574446879.2785616
0.029502840909090923,1574446879.6505623
0.02966352982954545,1574446880.034546
0.03108664772727272,1574446880.406566
0.02923783735795453,1574446880.778568
0.030909534801136375,1574446881.1505933
0.030247691761363646,1574446881.534567
0.029547230113636372,1574446881.9066
0.029926313920454542,1574446882.2786033
0.0331436434659091,1574446882.6506145
0.030011097301136384,1574446883.0346045
0.029107333096590908,1574446883.406653
0.029860617897727256,1574446883.7786407
0.03157670454545454,1574446884.1506586
0.0297762784090909,1574446884.5346324
0.029686168323863647,1574446884.906631
0.031888316761363646,1574446885.278723
0.03007235440340908,1574446885.6507256
0.029356800426136375,1574446886.0346816
0.029200106534090914,1574446886.4066987
0.03070756392045455,1574446886.7788024
0.029403409090909115,1574446887.150763
0.030309836647727274,1574446887.5347507
0.031166992187499982,1574446887.906759
0.03706764914772729,1574446888.2787232
0.03021262428977274,1574446888.650749
0.02969904119318182,1574446889.0348847
0.030694247159090908,1574446889.4067104
0.033668767755681804,1574446889.7787569
0.03173694957386364,1574446890.1507885
0.031397372159090914,1574446890.5347745
0.03002441406250002,1574446890.9067569
0.02907803622159092,1574446891.2787879
0.0317316228693182,1574446891.650823
0.03111505681818181,1574446892.0347667
0.029817116477272722,1574446892.4067955
0.03023526278409088,1574446892.7788212
0.03013583096590909,1574446893.150819
0.029846857244318188,1574446893.5347908
0.030129172585227283,1574446893.9068255
0.031437322443181814,1574446894.278823
0.029760742187499988,1574446894.6508524
0.028713600852272737,1574446895.034829
0.02996981534090909,1574446895.4068513
0.031402254971590916,1574446895.7788634
0.028789062500000007,1574446896.1508822
0.030536221590909098,1574446896.5348587
0.03001553622159093,1574446896.9068644
0.029925870028409095,1574446897.278893
0.030560635653409107,1574446897.6508846
0.029943181818181803,1574446898.0348964
0.0323015802556818,1574446898.4068928
0.029102894176136346,1574446898.7789195
0.03209250710227272,1574446899.1509495
0.030409268465909096,1574446899.534907
0.02968794389204544,1574446899.9069188
0.029509055397727267,1574446900.278961
0.030657848011363644,1574446900.650951
0.03022771661931819,1574446901.0349314
0.0288760653409091,1574446901.4069583
0.03122824928977273,1574446901.7789621
0.03126598011363637,1574446902.150984
0.030541104403409097,1574446902.5349617
0.03601873224431818,1574446902.906989
0.030284978693181818,1574446903.278983
0.029849964488636384,1574446903.650992
0.029481534090909065,1574446904.0349975
0.029637784090909076,1574446904.4069653
0.0311181640625,1574446904.7790248
0.029376331676136368,1574446905.1510377
0.03091796874999999,1574446905.5349622
0.03037730823863636,1574446905.9070306
0.02933194247159089,1574446906.2790291
0.029922318892045455,1574446906.6510715
0.03027610085227272,1574446907.0350273
0.030458540482954537,1574446907.4070525
0.029061168323863636,1574446907.7790842
0.030051491477272717,1574446908.1510806
0.03166148792613637,1574446908.5351324
0.028331409801136374,1574446908.9071214
0.03096147017045455,1574446909.2791398
0.02680664062499999,1574446909.6511326
0.029659090909090916,1574446910.0350835
0.029050514914772733,1574446910.4071147
0.029652432528409108,1574446910.779128
0.03058815696022728,1574446911.151132
0.029506392045454553,1574446911.5350826
0.029597389914772728,1574446911.9071345
0.03142933238636364,1574446912.27915
0.03046875,1574446912.6511688
0.029352361505681823,1574446913.03513
0.028833451704545453,1574446913.407157
0.031337890625,1574446913.7791677
0.02888494318181818,1574446914.1511743
0.03123357599431818,1574446914.5352085
0.030063476562500004,1574446914.9071667
0.02948508522727273,1574446915.2791836
0.029432262073863638,1574446915.6512332
0.031032049005681826,1574446916.0351856
0.030134499289772732,1574446916.4072073
0.02905672940340909,1574446916.7792275
0.030763494318181813,1574446917.1512368
0.03242143110795455,1574446917.535221
0.02901677911931817,1574446917.907235
0.031376953125,1574446918.2792413
0.030646750710227297,1574446918.651254
0.03453835227272726,1574446919.035229
0.03506081321022726,1574446919.4072504
0.02990988991477273,1574446919.779271
0.03632634943181818,1574446920.1512733
0.03328435724431815,1574446920.5352483
0.029652432528409094,1574446920.907272
0.03140536221590911,1574446921.279301
0.0306143465909091,1574446921.651323
0.029859286221590925,1574446922.0352628
0.030965909090909093,1574446922.407301
0.03148748224431815,1574446922.7793086
0.02860129616477273,1574446923.151319
0.030372869318181808,1574446923.5353093
0.030385742187500002,1574446923.9073164
0.029784712357954546,1574446924.2793365
0.030809215198863652,1574446924.6513586
0.031081321022727284,1574446925.0353374
0.02981578480113638,1574446925.407308
0.030439009232954544,1574446925.779337
0.029675071022727265,1574446926.1513872
0.03110751065340908,1574446926.535342
0.02898437499999998,1574446926.907388
0.03118075284090907,1574446927.2793887
0.032383700284090905,1574446927.6514273
0.030253018465909085,1574446928.035395
0.02980957031250001,1574446928.4074197
0.03082386363636363,1574446928.779442
0.03048073508522728,1574446929.1513972
0.029288884943181794,1574446929.5354009
0.02994362571022728,1574446929.907409
0.030635209517045438,1574446930.279506
0.02926136363636362,1574446930.651502
0.029452237215909113,1574446931.0354805
0.030907315340909097,1574446931.4074745
0.02987881747159092,1574446931.7794912
0.029743430397727266,1574446932.1515079
0.029521928267045444,1574446932.5354748
0.03163352272727272,1574446932.9074867
0.028932439630681813,1574446933.2794952
0.029463334517045466,1574446933.651491
0.0304989346590909,1574446934.035464
0.02967329545454545,1574446934.4074802
0.028647904829545445,1574446934.7795033
0.028986150568181827,1574446935.151554
0.030951704545454532,1574446935.535478
0.030130504261363638,1574446935.907534
0.02954989346590909,1574446936.2795303
0.03039462002840908,1574446936.6515563
0.029818892045454553,1574446937.035531
0.029545010653409105,1574446937.407558
0.031275301846590914,1574446937.779566
0.0360067471590909,1574446938.15158
0.03236150568181817,1574446938.5355418
0.030616122159090906,1574446938.9075654
0.036633966619318184,1574446939.2795856
0.04801713423295454,1574446939.6516101
0.0429825106534091,1574446940.0355875
0.03315562855113635,1574446940.4075928
0.03950062144886364,1574446940.7796166
0.04247247869318182,1574446941.151644
0.03458718039772726,1574446941.5355966
0.038350497159090904,1574446941.90763
0.03964355468750002,1574446942.2796469
0.036985529119318204,1574446942.6516595
0.028647460937499997,1574446943.0356283
0.029931640625000002,1574446943.4076467
0.030363991477272714,1574446943.779683
0.033842773437499994,1574446944.1516793
0.03208140980113634,1574446944.5356317
0.03092906605113636,1574446944.907692
0.029559659090909133,1574446945.2797008
0.02866477272727274,1574446945.6517065
0.028480113636363633,1574446946.0356927
0.04241654829545456,1574446946.4077222
0.03895419034090909,1574446946.7797117
0.030048828124999996,1574446947.1517446
0.03945800781249999,1574446947.535725
0.039123313210227294,1574446947.907723
0.03325816761363636,1574446948.2797503
0.03959339488636366,1574446948.651772
0.03114834872159092,1574446949.0357273
0.030119406960227264,1574446949.407754
0.030579279119318185,1574446949.7797809
0.03610307173295453,1574446950.1517801
0.035854936079545444,1574446950.535748
0.043349609375,1574446950.9077814
0.03535733309659089,1574446951.279882
0.03072576349431817,1574446951.651878
0.03728826349431818,1574446952.035834
0.03633567116477275,1574446952.4078393
0.04503196022727271,1574446952.779834
0.03706276633522727,1574446953.1518376
0.03074041193181819,1574446953.5358262
0.02989612926136365,1574446953.9078164
0.03309614701704548,1574446954.2798429
0.03333762428977273,1574446954.6518664
0.039123757102272706,1574446955.035834
0.03815118963068183,1574446955.4078393
0.028995028409090913,1574446955.7798626
0.029093572443181816,1574446956.1519005
0.028602183948863644,1574446956.53589
0.03492587002840908,1574446956.9078805
0.044004794034090924,1574446957.2799103
0.039466441761363644,1574446957.6519063
0.03145818536931817,1574446958.0358884
0.03198996803977273,1574446958.4079187
0.028592418323863646,1574446958.779928
0.031529651988636366,1574446959.1519325
0.04112704190340906,1574446959.5359194
0.03202192826704545,1574446959.9079382
0.03215642755681821,1574446960.2799323
0.032689098011363646,1574446960.6519604
0.03964311079545453,1574446961.0359523
0.03223765980113635,1574446961.4079413
0.03233531605113636,1574446961.7799637
0.031430664062499995,1574446962.1519933
0.0373943536931818,1574446962.535973
0.031392045454545436,1574446962.9079785
0.030722212357954543,1574446963.2800002
0.031161221590909092,1574446963.6520276
0.032928355823863636,1574446964.0359788
0.030992986505681816,1574446964.4080029
0.030809659090909092,1574446964.780037
0.03151944247159091,1574446965.1520326
0.03216219815340909,1574446965.5360029
0.031192294034090923,1574446965.9080355
0.03229048295454547,1574446966.2800643
0.0317666903409091,1574446966.6520543
0.030996537642045453,1574446967.0360074
0.03103293678977273,1574446967.4080756
0.03398126775568183,1574446967.780067
