amperes,timestamp
0.031778675426136375,1574448180.9282532
0.033142311789772734,1574448181.3002603
0.03193847656250001,1574448181.67228
0.044436257102272746,1574448182.056297
0.053129438920454526,1574448182.428306
0.04849609374999995,1574448182.800305
0.04811700994318182,1574448183.1723335
0.03578080610795457,1574448183.55631
0.039251598011363645,1574448183.9283164
0.04162464488636365,1574448184.3003416
0.0351766690340909,1574448184.6723616
0.03933194247159087,1574448185.056306
0.03232244318181818,1574448185.4283082
0.035594815340909094,1574448185.8003755
0.03832341974431819,1574448186.1723676
0.03775834517045455,1574448186.556351
0.036904296875000006,1574448186.9283879
0.03307439630681816,1574448187.3003914
0.033603515625,1574448187.6724012
0.029818448153409106,1574448188.0563788
0.0279647549715909,1574448188.4284196
0.027041903409090906,1574448188.800407
0.027963423295454547,1574448189.1724222
0.03596013849431817,1574448189.5564108
0.0373202237215909,1574448189.928433
0.032918590198863645,1574448190.3004434
0.029840198863636373,1574448190.6724548
0.028908025568181832,1574448191.056428
0.03374245383522728,1574448191.4284372
0.03862970525568183,1574448191.8004622
0.034662198153409096,1574448192.1724875
0.04194069602272723,1574448192.5564406
0.03653497869318183,1574448192.92846
0.03317604758522725,1574448193.3004973
0.029112215909090928,1574448193.6724966
0.028888938210227255,1574448194.0565577
0.03068980823863639,1574448194.428546
0.03920720880681821,1574448194.800543
0.038683416193181816,1574448195.172524
0.039656427556818204,1574448195.5565162
0.04565784801136367,1574448195.9285324
0.04914462002840911,1574448196.3005493
0.039171253551136355,1574448196.6725564
0.029833096590909092,1574448197.0565286
0.03150701349431819,1574448197.4285522
0.03894664417613636,1574448197.8005593
0.039733220880681826,1574448198.1725738
0.03431951349431818,1574448198.5565586
0.03761186079545454,1574448198.9285593
0.03818004261363637,1574448199.300578
0.036528764204545455,1574448199.6725852
0.03594415838068181,1574448200.0565763
0.03378551136363637,1574448200.4285805
0.030997425426136375,1574448200.8006227
0.025227272727272716,1574448201.1726422
0.030453213778409104,1574448201.5565956
0.023039772727272742,1574448201.9286237
0.023273703835227273,1574448202.3006442
0.03064763849431819,1574448202.672631
0.03307705965909091,1574448203.0566242
0.0358731356534091,1574448203.4286299
0.030423916903409093,1574448203.8006563
0.024848632812499997,1574448204.1726685
0.028250177556818197,1574448204.55665
0.03057040127840911,1574448204.928661
0.030898881392045465,1574448205.3006802
0.026510564630681795,1574448205.672713
0.04135165127840909,1574448206.056632
0.037455166903409054,1574448206.4286797
0.036507901278409076,1574448206.8007116
0.04325195312500001,1574448207.1727326
0.030361772017045454,1574448207.5566883
0.02500799005681818,1574448207.9287162
0.030359108664772712,1574448208.3007348
0.0255721768465909,1574448208.6727045
0.024993785511363612,1574448209.0567243
0.031155450994318178,1574448209.4287403
0.02809525923295455,1574448209.8007424
0.024245827414772714,1574448210.1727655
0.02465198863636363,1574448210.5567527
0.02382812499999999,1574448210.92878
0.02838467684659091,1574448211.3007689
0.0258700284090909,1574448211.6728005
0.02506525213068182,1574448212.056776
0.023548473011363636,1574448212.4287786
0.024294211647727253,1574448212.800807
0.027881303267045455,1574448213.1728306
0.023692294034090892,1574448213.5567997
0.023989701704545438,1574448213.9288075
0.023382901278409095,1574448214.3008301
0.024944069602272752,1574448214.6728392
0.02777743252840909,1574448215.0568163
0.0260262784090909,1574448215.4288373
0.02428355823863636,1574448215.8009095
0.022513760653409067,1574448216.1729052
0.023809037642045464,1574448216.5568347
0.025419034090909072,1574448216.928869
0.024860617897727262,1574448217.3008976
0.024007013494318163,1574448217.6728654
0.023577325994318186,1574448218.0568619
0.026685458096590915,1574448218.4288604
0.026961115056818176,1574448218.800896
0.024052290482954517,1574448219.1729376
0.025636541193181827,1574448219.55685
0.023358487215909097,1574448219.9289145
0.02339488636363637,1574448220.3009343
0.028293678977272724,1574448220.6729584
0.02574795809659092,1574448221.0569022
0.02448686079545454,1574448221.4289308
0.0232088955965909,1574448221.8009677
0.02385520241477272,1574448222.172962
0.02710848721590909,1574448222.5569408
0.024432705965909095,1574448222.9289606
0.023631924715909077,1574448223.300974
0.023809481534090907,1574448223.672984
0.024159712357954544,1574448224.0569694
0.026010298295454554,1574448224.4289896
0.02427956321022727,1574448224.8009977
0.023917791193181832,1574448225.1730173
0.026808416193181826,1574448225.557002
0.029057617187499996,1574448225.929003
0.027950550426136363,1574448226.3010259
0.026218483664772727,1574448226.6730487
0.029884144176136378,1574448227.0569856
0.02807040127840909,1574448227.429031
0.02724609375,1574448227.8010237
0.028651012073863624,1574448228.1730807
0.02677956321022729,1574448228.5570276
0.024595170454545456,1574448228.9290547
0.02267045454545455,1574448229.3010879
0.02425514914772727,1574448229.6730833
0.026969549005681808,1574448230.057063
0.025482510653409094,1574448230.42909
0.024113547585227272,1574448230.8010895
0.022791637073863624,1574448231.1731129
0.026383167613636363,1574448231.5571406
0.02733265269886364,1574448231.9291134
0.026297940340909085,1574448232.3011198
0.02709650213068184,1574448232.6731365
0.027760564630681807,1574448233.0571218
0.027416992187499992,1574448233.4291222
0.026484818892045445,1574448233.801151
0.027027698863636356,1574448234.173171
0.02688787286931819,1574448234.5571916
0.02843528053977272,1574448234.9291537
0.027709960937499986,1574448235.3011827
0.028183149857954563,1574448235.673213
0.02857333096590909,1574448236.0571625
0.027018821022727277,1574448236.429176
0.028471679687499987,1574448236.8012815
0.028959073153409093,1574448237.1732864
0.026714754971590902,1574448237.557232
0.024257812499999993,1574448237.9292336
0.024046075994318176,1574448238.301235
0.02299849076704545,1574448238.6732347
0.024224964488636345,1574448239.057221
0.03114124644886363,1574448239.4292014
0.026953124999999998,1574448239.8012373
0.025926846590909096,1574448240.173255
0.024900124289772705,1574448240.5572472
0.02876953125,1574448240.9292445
0.03015269886363637,1574448241.301277
0.030103870738636344,1574448241.6732962
0.029249378551136358,1574448242.057252
0.02873535156249999,1574448242.4292781
0.027666459517045446,1574448242.8012967
0.029453568892045447,1574448243.173308
0.02741388494318182,1574448243.5572762
0.026580699573863636,1574448243.9293065
0.026955344460227255,1574448244.301325
0.03113281249999998,1574448244.6733472
0.028508078835227272,1574448245.0572815
0.028338512073863644,1574448245.4293325
0.02845836292613637,1574448245.801331
0.027565252130681814,1574448246.1733556
0.030661399147727274,1574448246.5573401
0.02862881747159091,1574448246.9293368
0.03036487926136364,1574448247.3013642
0.027815163352272722,1574448247.673388
0.02856178977272728,1574448248.0573423
0.027444069602272726,1574448248.42936
0.026291281960227265,1574448248.8013844
0.02600230823863636,1574448249.1734054
0.029357244318181826,1574448249.5573714
0.027930131392045438,1574448249.9293683
0.02701793323863635,1574448250.3014343
0.027738813920454554,1574448250.67343
0.029474431818181802,1574448251.0574038
0.028559126420454547,1574448251.4294336
0.028341175426136365,1574448251.8014548
0.030071910511363653,1574448252.1734524
0.02944691051136366,1574448252.5574317
0.026864790482954544,1574448252.9294589
0.029319069602272717,1574448253.3014553
0.02814586292613638,1574448253.6734774
0.027447620738636366,1574448254.0574684
0.02744406960227274,1574448254.4294467
0.029424715909090897,1574448254.8014915
0.02803444602272728,1574448255.1734824
0.028596857244318194,1574448255.5574665
0.02882146661931819,1574448255.9295063
0.0275022194602273,1574448256.3015282
0.027397017045454546,1574448256.6735399
0.028749556107954544,1574448257.0574913
0.02813254616477273,1574448257.4295256
0.02775878906249999,1574448257.8015501
0.02675337357954545,1574448258.173534
0.02893732244318181,1574448258.557608
0.027916370738636353,1574448258.9296067
0.02735973011363637,1574448259.301611
0.02802778764204546,1574448259.6736052
0.02774857954545454,1574448260.0575693
0.027447176846590933,1574448260.4295847
0.02881392045454544,1574448260.8015785
0.030111860795454557,1574448261.1735778
0.028090820312499997,1574448261.5575876
0.027022372159090896,1574448261.9295847
0.029548561789772724,1574448262.3016078
0.028024236505681834,1574448262.6736343
0.0272110262784091,1574448263.0575895
0.030680930397727263,1574448263.4296188
0.028105024857954547,1574448263.8016427
0.027678000710227257,1574448264.1736658
0.02785822088068181,1574448264.5576227
0.02909224076704544,1574448264.9296153
0.027593217329545432,1574448265.3016627
0.0283553799715909,1574448265.6736848
0.029299982244318172,1574448266.0576532
0.02787686434659091,1574448266.429679
0.02694335937499997,1574448266.8016703
0.02929998224431819,1574448267.1736991
0.028022904829545458,1574448267.5576832
0.027247869318181815,1574448267.929684
0.029108664772727267,1574448268.3017094
0.02855291193181819,1574448268.6737287
0.02794211647727274,1574448269.057691
0.0260693359375,1574448269.4297166
0.029947176846590897,1574448269.8017378
0.034554332386363636,1574448270.1737633
0.0293075284090909,1574448270.5577035
0.0297736150568182,1574448270.9297378
0.028290127840909084,1574448271.3017814
0.030248135653409086,1574448271.6737664
0.030857155539772724,1574448272.05774
0.02970925071022723,1574448272.4297702
0.02757368607954545,1574448272.801798
0.027502219460227274,1574448273.1737952
0.029516601562500012,1574448273.5577855
0.029683061079545454,1574448273.9298015
0.02905850497159089,1574448274.301798
0.030252130681818163,1574448274.6738207
0.02992897727272727,1574448275.057801
0.030053267045454534,1574448275.429834
0.030946821732954533,1574448275.8018322
0.029725230823863642,1574448276.1738522
0.029537464488636367,1574448276.557809
0.030541548295454548,1574448276.9298341
0.029889026988636356,1574448277.3018634
0.02896040482954546,1574448277.6738875
0.030416370738636386,1574448278.057844
0.029204545454545455,1574448278.429866
0.029658647017045472,1574448278.8018875
0.030273881392045458,1574448279.1738849
0.029849076704545452,1574448279.5578754
0.02910378196022727,1574448279.9299693
0.030436345880681826,1574448280.301969
0.030300514914772737,1574448280.67396
0.028492986505681835,1574448281.0579221
0.0302490234375,1574448281.4298885
0.03250843394886362,1574448281.8019152
0.02938698508522727,1574448282.1739523
0.03152876420454545,1574448282.5579333
0.03006258877840907,1574448282.9299085
0.028930664062500007,1574448283.301954
0.03134765625000001,1574448283.6739755
0.030096768465909085,1574448284.057919
0.028429953835227267,1574448284.4299312
0.030077681107954543,1574448284.8019855
0.030538441051136365,1574448285.1740077
0.030069247159090925,1574448285.5579634
0.030357776988636346,1574448285.9299736
0.030749733664772707,1574448286.3020163
0.029648437500000024,1574448286.6740303
0.029159712357954542,1574448287.057989
0.03148881392045453,1574448287.4300256
0.029219637784090896,1574448287.8020475
0.028606178977272724,1574448288.174047
0.031008078835227288,1574448288.5579963
0.029458007812499992,1574448288.9300296
0.027752130681818192,1574448289.3020816
0.032055664062500024,1574448289.6740692
0.029585404829545452,1574448290.0580199
0.02843838778409091,1574448290.430058
0.03198819247159091,1574448290.8020794
0.02956587357954547,1574448291.1740966
0.02954145951704548,1574448291.5580602
0.031301491477272736,1574448291.930077
0.029141956676136376,1574448292.302115
0.02897816051136364,1574448292.674126
0.03065740411931819,1574448293.0580761
0.02935102982954545,1574448293.430118
0.02915971235795455,1574448293.8021247
0.03174449573863638,1574448294.174136
0.029741654829545446,1574448294.558148
0.031183860085227277,1574448294.9301383
0.030855379971590925,1574448295.3021467
0.03086248224431817,1574448295.6741602
0.029443359375,1574448296.0581028
0.03236949573863638,1574448296.4301753
0.03038529829545454,1574448296.8021564
0.02923961292613635,1574448297.1741786
0.032981178977272714,1574448297.5581796
0.02977849786931818,1574448297.930177
0.028683416193181828,1574448298.3022032
0.03028852982954545,1574448298.6742268
0.032642045454545444,1574448299.0581815
0.029327059659090913,1574448299.43021
0.029349254261363627,1574448299.8022418
0.03343039772727277,1574448300.1742618
0.02955788352272725,1574448300.5582094
0.0376957563920455,1574448300.930197
0.03030007102272726,1574448301.3023417
0.030263227982954548,1574448301.674265
0.03337446732954543,1574448302.0583038
0.031017844460227283,1574448302.4302988
0.030096768465909106,1574448302.8023
0.028835227272727266,1574448303.1742744
0.029867720170454568,1574448303.558271
0.03146750710227271,1574448303.930274
0.03650612571022726,1574448304.3023038
0.034632013494318166,1574448304.6743217
0.0349169921875,1574448305.05831
0.030563742897727265,1574448305.4302917
0.03043590198863636,1574448305.8023272
0.029645774147727264,1574448306.1743524
0.03318004261363635,1574448306.5583065
0.030977894176136354,1574448306.930329
0.029637784090909093,1574448307.3023574
0.03196511008522727,1574448307.6743557
0.030137162642045467,1574448308.0583336
0.02913130326704546,1574448308.430356
0.0318053089488636,1574448308.8023605
0.03118208451704547,1574448309.1743834
0.029803355823863655,1574448309.5583467
0.03208140980113635,1574448309.9303668
0.030244584517045453,1574448310.3023832
0.030395063920454535,1574448310.6744132
0.03144087357954546,1574448311.0583987
0.030943270596590907,1574448311.4303923
0.02871715198863637,1574448311.8024254
0.031052911931818212,1574448312.1744373
0.03249422940340907,1574448312.558426
0.02862615411931817,1574448312.9304252
0.031061789772727277,1574448313.3024588
0.03181685014204545,1574448313.6744773
0.028697620738636364,1574448314.058412
0.030965465198863628,1574448314.430463
0.032694868607954564,1574448314.8024435
0.028996360085227265,1574448315.1744845
0.030876242897727262,1574448315.5584486
0.03329767400568184,1574448315.9304893
0.02876819957386363,1574448316.3024864
0.02999245383522725,1574448316.6745205
0.03192604758522729,1574448317.0584867
0.029440252130681827,1574448317.4304929
0.030337801846590903,1574448317.802523
0.03126908735795454,1574448318.1745403
0.0295645419034091,1574448318.558518
0.03030806107954545,1574448318.9305308
0.031793323863636376,1574448319.3025434
0.02957386363636363,1574448319.6745658
0.03044699928977271,1574448320.058524
0.03178488991477273,1574448320.430557
0.0309423828125,1574448320.8025827
0.03074751420454545,1574448321.174598
0.03176402698863637,1574448321.5585575
0.02980646306818181,1574448321.9305735
0.031138583096590896,1574448322.3025799
0.03215642755681818,1574448322.6745658
0.029782936789772705,1574448323.058637
0.030419921875000002,1574448323.4306526
0.031610884232954536,1574448323.802662
0.02989479758522726,1574448324.1746569
0.03062056107954545,1574448324.5586185
0.031793767755681816,1574448324.9306417
0.029785156250000007,1574448325.3026562
0.03096147017045455,1574448325.6746361
0.030007546164772726,1574448326.0586424
0.029746537642045465,1574448326.4306421
0.02955877130681818,1574448326.802671
0.03180175781249999,1574448327.1746979
0.029937855113636388,1574448327.5586457
0.02933948863636365,1574448327.9306774
0.03167746803977271,1574448328.3026783
0.03034135298295454,1574448328.6746984
0.02951482599431818,1574448329.0586789
0.03109197443181819,1574448329.430705
0.03049005681818182,1574448329.8027248
0.029265358664772704,1574448330.1747239
0.03236816406250001,1574448330.5587018
0.031919833096590904,1574448330.9307342
0.043477006392045464,1574448331.302734
0.031309037642045456,1574448331.6747522
0.03224387428977272,1574448332.0587113
0.030460316051136367,1574448332.4307294
0.033515181107954546,1574448332.802767
0.033378462357954546,1574448333.1747904
0.02940829190340909,1574448333.5587664
0.030350230823863653,1574448333.9307632
0.03098765980113634,1574448334.3027952
0.029492631392045467,1574448334.6748185
0.03293812144886365,1574448335.0587668
0.02791859019886364,1574448335.4308026
0.030495827414772737,1574448335.8028224
0.03010342684659092,1574448336.1748164
0.032350852272727285,1574448336.5588078
0.030221058238636342,1574448336.9308326
0.02918146306818182,1574448337.3028233
0.03191628196022726,1574448337.6748533
0.030979225852272748,1574448338.0588322
0.028780184659090907,1574448338.430829
0.03165127840909093,1574448338.8028781
0.03219060724431817,1574448339.1748812
0.028336292613636353,1574448339.5588627
0.031127929687500024,1574448339.9308684
0.032841352982954534,1574448340.302864
0.028959960937500008,1574448340.674908
0.030917968750000017,1574448341.058865
0.0327587890625,1574448341.4308975
0.028476118607954543,1574448341.802913
0.030714666193181826,1574448342.174942
0.03254572088068181,1574448342.558893
0.030792347301136374,1574448342.9309194
0.030987215909090905,1574448343.3029182
0.030981001420454547,1574448343.6749485
0.029754527698863636,1574448344.0589201
0.029591619318181838,1574448344.4310188
0.03072576349431818,1574448344.8030293
0.02982421874999999,1574448345.1750212
0.03122292258522727,1574448345.5589814
0.030497159090909092,1574448345.9309518
0.02987659801136365,1574448346.3029914
0.0302725497159091,1574448346.675006
0.031181640625000007,1574448347.0589805
0.029858398437500006,1574448347.4309788
0.030158469460227287,1574448347.8030035
0.03174360795454544,1574448348.1750336
0.030155806107954555,1574448348.5589821
0.02973322088068181,1574448348.931019
0.03189586292613635,1574448349.303009
0.03021306818181818,1574448349.675048
0.02982199928977275,1574448350.059029
0.029549893465909083,1574448350.4310565
0.03181241122159092,1574448350.8030536
0.028273703835227273,1574448351.1750622
0.031130149147727264,1574448351.5590436
0.030808771306818174,1574448351.9310758
0.02940385298295454,1574448352.3030686
0.030639648437500024,1574448352.6750777
0.031825727982954556,1574448353.0590832
0.030420809659090903,1574448353.4310768
0.030961470170454537,1574448353.8031077
0.031535422585227256,1574448354.1751301
0.029890802556818193,1574448354.5591116
0.030408380681818194,1574448354.931083
0.031498135653409094,1574448355.3031056
0.031151899857954555,1574448355.6751595
0.030852272727272728,1574448356.0591128
0.031186079545454562,1574448356.431137
0.02962357954545455,1574448356.8031623
0.030268998579545455,1574448357.1751661
0.03199041193181818,1574448357.5591438
0.030421253551136347,1574448357.9311688
0.031004083806818183,1574448358.303192
0.02950062144886364,1574448358.6751788
0.02991521661931818,1574448359.0591795
0.03003107244318184,1574448359.4311686
0.032664240056818165,1574448359.8032
0.03197665127840909,1574448360.1752152
0.03171519886363637,1574448360.5592058
0.030859818892045462,1574448360.9312015
0.030188210227272718,1574448361.3032377
0.03887073863636363,1574448361.6752408
0.03191095525568183,1574448362.05921
0.031329900568181815,1574448362.4312346
0.0337069424715909,1574448362.8032455
0.03232022372159091,1574448363.17528
0.03195534446022726,1574448363.5592272
0.028842329545454543,1574448363.9312558
0.030977006392045453,1574448364.303286
0.031003196022727265,1574448364.6752868
0.029821111505681817,1574448365.0592644
0.030596147017045456,1574448365.4312956
0.030534446022727254,1574448365.8032873
0.03001819957386361,1574448366.175378
0.029729669744318184,1574448366.5593398
0.03193226207386365,1574448366.9313252
0.029714577414772722,1574448367.3033354
0.02944779829545455,1574448367.6753392
0.032852006392045455,1574448368.0592988
0.0309130859375,1574448368.431338
0.029334161931818172,1574448368.8033361
0.03214089133522728,1574448369.175366
0.03103560014204544,1574448369.5593433
0.02852405894886363,1574448369.9313493
0.03198908025568182,1574448370.303419
0.03107155539772728,1574448370.6753714
0.030731534090909104,1574448371.0593224
0.0314910333806818,1574448371.431373
0.03179465553977271,1574448371.8034127
0.02897771661931819,1574448372.1753895
0.02999600497159092,1574448372.5593736
0.033735351562499995,1574448372.931404
0.029477539062499992,1574448373.3034382
0.03040305397727273,1574448373.6754537
0.03108354048295454,1574448374.0594363
0.029676846590909082,1574448374.4314601
0.030443004261363628,1574448374.8035033
0.03208362926136364,1574448375.1754718
0.029968039772727266,1574448375.5594137
0.030942382812499995,1574448375.9314744
0.0346599786931818,1574448376.3034723
0.02982377485795456,1574448376.6755052
0.03144886363636366,1574448377.0594609
0.03144975142045454,1574448377.4314861
0.0295858487215909,1574448377.8034885
0.03133478338068182,1574448378.1755078
0.030377752130681827,1574448378.5594668
0.029938742897727265,1574448378.9315171
0.02951482599431819,1574448379.303554
0.03225363991477272,1574448379.6755087
0.02967729048295455,1574448380.0595233
0.029121093750000007,1574448380.4315276
0.032966974431818195,1574448380.803548
0.03040571732954546,1574448381.1755638
0.028876953125,1574448381.5595567
0.032623845880681804,1574448381.931543
0.030657848011363648,1574448382.3035622
0.02825905539772727,1574448382.6755974
0.03138361150568181,1574448383.0595546
0.03156427556818182,1574448383.4315686
0.0291015625,1574448383.8035963
0.031333007812499994,1574448384.1756175
0.03137961647727273,1574448384.5595665
0.028903586647727273,1574448384.9315994
0.03058948863636363,1574448385.3036284
0.03141690340909088,1574448385.675633
0.03035466974431817,1574448386.0596097
0.03073774857954545,1574448386.4316416
0.031089754971590913,1574448386.8036594
0.029456232244318183,1574448387.175648
0.03070223721590911,1574448387.5596406
0.03057883522727274,1574448387.9317145
0.029868607954545462,1574448388.303709
0.03091486150568184,1574448388.6757016
0.03149014559659092,1574448389.059665
0.02964666193181818,1574448389.431684
0.030549094460227275,1574448389.8036952
0.029436700994318193,1574448390.175712
0.02974476207386363,1574448390.559708
0.03146839488636364,1574448390.9317048
0.029515713778409104,1574448391.303728
0.029831321022727272,1574448391.6757197
0.03732066761363638,1574448392.059696
0.030407049005681804,1574448392.4317288
0.0296946022727273,1574448392.8037472
0.031123490767045438,1574448393.175748
0.03400035511363639,1574448393.5597153
0.03276234019886364,1574448393.9317517
0.0293465909090909,1574448394.3037622
0.030646750710227273,1574448394.675782
0.031526100852272726,1574448395.0597594
0.028803267045454557,1574448395.4317443
0.03095214843749999,1574448395.8037865
0.0318417080965909,1574448396.1758137
0.02888583096590911,1574448396.559787
0.03003151633522728,1574448396.9318054
0.0318954190340909,1574448397.3038347
0.02951571377840911,1574448397.6758363
0.030556196732954562,1574448398.059792
0.030683149857954565,1574448398.4318197
0.029849964488636364,1574448398.8038385
0.03083052201704547,1574448399.175837
0.030253018465909078,1574448399.5598176
0.02987704190340908,1574448399.931844
0.029941850142045465,1574448400.3038726
0.03334783380681816,1574448400.6758747
0.03031028053977274,1574448401.0598562
0.029483753551136364,1574448401.4318836
0.03312677556818181,1574448401.8038745
0.03098765980113637,1574448402.175901
0.02872869318181819,1574448402.5598834
0.03312189275568182,1574448402.9319088
0.03081631747159092,1574448403.3039148
0.028680752840909093,1574448403.6759274
0.03101606889204548,1574448404.0599253
0.032632279829545446,1574448404.4319074
0.02878595525568182,1574448404.803937
0.03025701349431816,1574448405.175957
0.03148082386363637,1574448405.5598838
0.030828302556818187,1574448405.9319549
0.030930397727272713,1574448406.3039763
0.03038529829545454,1574448406.67599
0.030446999289772726,1574448407.059945
0.030122514204545436,1574448407.4319773
0.031047141335227277,1574448407.8039947
0.030312056107954538,1574448408.1760004
0.029709694602272727,1574448408.55998
0.03274813565340909,1574448408.9320788
0.030104314630681802,1574448409.304088
0.029930752840909108,1574448409.6760812
0.03101251775568181,1574448410.0600317
0.03024902343750002,1574448410.4320354
0.029530362215909097,1574448410.804029
0.03185236150568182,1574448411.1760643
0.03027521306818183,1574448411.5600364
0.029336381392045443,1574448411.9320383
0.03136718750000001,1574448412.3040645
0.030417702414772724,1574448412.676076
0.029156605113636342,1574448413.0600224
0.03123224431818181,1574448413.4320643
0.030819424715909077,1574448413.804093
0.02878417968749999,1574448414.1760893
0.03271617542613637,1574448414.5600765
0.031774680397727274,1574448414.9320784
0.028806374289772715,1574448415.3040876
0.03116654829545454,1574448415.6761339
0.030313831676136372,1574448416.0600827
0.028523615056818177,1574448416.4321191
0.03113636363636365,1574448416.804121
0.030883345170454563,1574448417.1761413
0.02910023082386365,1574448417.5601418
0.030476740056818198,1574448417.9321487
0.0314861505681818,1574448418.3041594
0.029632013494318175,1574448418.6761682
0.03068403764204546,1574448419.0601287
0.02989346590909091,1574448419.432169
0.029719460227272742,1574448419.8041804
0.03128373579545456,1574448420.1761787
0.030583718039772733,1574448420.5601544
0.030825195312499998,1574448420.9321806
0.02960848721590907,1574448421.30421
0.03179021661931818,1574448421.6762037
0.03067116477272728,1574448422.060202
0.03845170454545458,1574448422.4322083
0.031202947443181826,1574448422.804238
0.030244140624999985,1574448423.1762266
0.033722478693181804,1574448423.5602078
0.03306596235795453,1574448423.932246
0.03047052556818183,1574448424.3042693
0.02914018110795456,1574448424.6762729
0.029407404119318182,1574448425.0602584
0.031256658380681826,1574448425.4322412
0.029354580965909104,1574448425.8042705
0.03119495738636364,1574448426.1763012
0.0311807528409091,1574448426.5602672
0.029839311079545454,1574448426.9322832
0.03102183948863638,1574448427.3043272
0.03159268465909092,1574448427.676291
0.029843750000000013,1574448428.0602772
0.03059747869318184,1574448428.4323223
0.030769264914772748,1574448428.804342
0.029553000710227276,1574448429.1763384
0.030725319602272736,1574448429.5603113
0.030369762073863632,1574448429.9323347
0.029904563210227265,1574448430.3043427
0.03040394176136363,1574448430.6764412
0.03127086292613635,1574448431.0603938
0.029851740056818184,1574448431.432389
0.029621360085227283,1574448431.804387
0.030439897017045456,1574448432.1763914
0.030731977982954555,1574448432.560379
0.02953480113636366,1574448432.9324026
0.031140358664772744,1574448433.3044171
0.031258877840909076,1574448433.676416
0.03134055397727272,1574448434.060392
0.031631303267045476,1574448434.4324043
0.03182173295454546,1574448434.8044221
0.028885830965909087,1574448435.1764507
0.03265536221590908,1574448435.5604215
0.0325039950284091,1574448435.932442
0.02877974076704547,1574448436.304464
0.030941495028409087,1574448436.676454
0.031629527698863645,1574448437.0604327
0.02892711292613637,1574448437.4324677
0.030326704545454518,1574448437.8044653
0.03221724076704544,1574448438.1764913
0.02927645596590908,1574448438.5604613
0.030829634232954553,1574448438.9324653
0.031203835227272738,1574448439.304485
0.02974209872159092,1574448439.67652
0.030081232244318176,1574448440.0604863
0.03062189275568184,1574448440.432491
0.029595170454545447,1574448440.8045146
0.03176180752840906,1574448441.176547
0.03170454545454548,1574448441.5605075
0.029897904829545456,1574448441.9325323
0.030722656249999997,1574448442.3045616
0.03202459161931816,1574448442.6765587
0.030055042613636354,1574448443.060547
0.030122070312499978,1574448443.4325478
0.03122602982954544,1574448443.804552
0.029929421164772686,1574448444.1765828
0.029773171164772745,1574448444.5605586
0.0319091796875,1574448444.9325695
0.03003196022727273,1574448445.304588
0.02916548295454547,1574448445.6766233
0.03219770951704545,1574448446.0605824
0.03051313920454545,1574448446.432591
0.029085138494318197,1574448446.8046196
0.03105424360795456,1574448447.176647
0.03086514559659091,1574448447.5606017
0.02933460582386364,1574448447.9326248
0.031220259232954562,1574448448.30465
0.031055131392045434,1574448448.6766362
0.02843661221590907,1574448449.0606148
0.034045632102272745,1574448449.4326472
0.029553000710227286,1574448449.8046603
0.02920055042613638,1574448450.1766746
0.030784801136363636,1574448450.560666
0.034384765625000015,1574448450.9326873
0.031269087357954535,1574448451.3046823
0.03104580965909091,1574448451.6767006
0.031827059659090905,1574448452.0607493
0.04647416548295455,1574448452.4327598
0.046711203835227255,1574448452.8047621
0.043708718039772755,1574448453.1767387
0.030192649147727298,1574448453.560704
0.03684881036931818,1574448453.9327378
0.042945667613636336,1574448454.3047428
0.03657936789772731,1574448454.6767595
0.03830522017045453,1574448455.0607307
0.04319247159090907,1574448455.4327447
0.03498535156250003,1574448455.8047688
0.030120738636363633,1574448456.1767716
0.030155806107954555,1574448456.56076
0.03141601562499998,1574448456.9327757
0.043665216619318235,1574448457.304825
0.040549094460227295,1574448457.6768045
0.03177201704545455,1574448458.0607882
0.041887872869318166,1574448458.4328067
0.035601917613636326,1574448458.8048036
0.04248180042613636,1574448459.1768286
0.03582075639204546,1574448459.5608084
0.031229580965909106,1574448459.9328399
0.03464399857954546,1574448460.3048215
0.03492009943181821,1574448460.6768541
0.035534889914772744,1574448461.0608442
0.0403045099431818,1574448461.4328418
0.03387828480113635,1574448461.8048677
0.030599698153409093,1574448462.1768973
0.030390625000000015,1574448462.5608509
0.036679243607954555,1574448462.932873
0.041339666193181815,1574448463.3049128
0.03226962002840909,1574448463.676918
0.030719992897727273,1574448464.0608451
0.029989790482954547,1574448464.4329045
0.03487349076704545,1574448464.8049197
0.04096368963068184,1574448465.1769345
0.04257368607954545,1574448465.5609152
0.029368785511363654,1574448465.9329228
0.03075550426136363,1574448466.3049183
0.02958851207386364,1574448466.6769783
0.03930797230113636,1574448467.060934
0.05017489346590905,1574448467.4329417
0.04229669744318185,1574448467.8049545
0.03206454190340909,1574448468.1769855
0.04415660511363639,1574448468.560936
0.03680175781249998,1574448468.9329596
0.03239213423295459,1574448469.3049948
0.03832341974431817,1574448469.6770155
0.03580877130681816,1574448470.0609686
0.033109463778409086,1574448470.433002
0.03278009588068182,1574448470.8050117
0.03729359019886362,1574448471.1770182
0.03286931818181819,1574448471.5609763
0.03053133877840909,1574448471.9330218
0.032779208096590906,1574448472.305018
0.03223721590909091,1574448472.6770527
0.03144442471590905,1574448473.0610266
0.032119584517045476,1574448473.433027
0.032417879971590915,1574448473.8050468
0.031362304687499995,1574448474.1771326
0.03143821022727276,1574448474.5611174
0.03270108309659091,1574448474.9330704
0.032051225142045475,1574448475.3050878
0.0326571377840909,1574448475.6771076
