amperes,timestamp
0.03093883167613638,1574534518.264089
0.030491388494318185,1574534518.6359713
0.029525923295454556,1574534519.0080862
0.030140713778409114,1574534519.3802123
0.0492831143465909,1574534519.7641037
0.04093350497159088,1574534520.1359582
0.037512872869318196,1574534520.508285
0.03428755326704547,1574534520.8799877
0.031502574573863636,1574534521.2639644
0.03506214488636362,1574534521.635978
0.03167746803977273,1574534522.0080082
0.03877485795454544,1574534522.3800192
0.028289683948863647,1574534522.7639809
0.024001242897727277,1574534523.1364365
0.02388050426136365,1574534523.5080233
0.022872425426136364,1574534523.8802853
0.02054154829545454,1574534524.2644165
0.02067205255681815,1574534524.6360183
0.02010253906249999,1574534525.0080328
0.020983664772727267,1574534525.380471
0.01847389914772726,1574534525.7642293
0.022000177556818185,1574534526.136058
0.02047674005681819,1574534526.508049
0.021045365767045462,1574534526.880074
0.02038884943181818,1574534527.2640536
0.020965465198863636,1574534527.636055
0.020737748579545433,1574534528.0080674
0.02136629971590912,1574534528.380116
0.021017844460227267,1574534528.76409
0.020188210227272727,1574534529.1361077
0.020526899857954545,1574534529.508154
0.01752308238636365,1574534529.8802078
0.01952503551136365,1574534530.2641232
0.0198592862215909,1574534530.6361604
0.0195556640625,1574534531.0081608
0.020029740767045435,1574534531.380665
0.020530007102272735,1574534531.7641697
0.019683061079545462,1574534532.1361687
0.021274414062500004,1574534532.5082307
0.01981889204545455,1574534532.8803875
0.020876242897727278,1574534533.2641575
0.022046786221590925,1574534533.636216
0.02170498934659092,1574534534.0082693
0.021731178977272714,1574534534.380526
0.021188742897727264,1574534534.764334
0.02112926136363635,1574534535.13628
0.021376065340909085,1574534535.508227
0.020303622159090897,1574534535.8803093
0.023596857244318165,1574534536.2642515
0.02070090553977271,1574534536.6362503
0.02458007812500002,1574534537.0082843
0.023421075994318172,1574534537.3803544
0.021602450284090913,1574534537.7642968
0.02161532315340908,1574534538.1362596
0.021567826704545448,1574534538.508257
0.022774325284090877,1574534538.8803146
0.021826615767045452,1574534539.2642822
0.023481001420454548,1574534539.6362774
0.021768465909090904,1574534540.0082896
0.02364879261363635,1574534540.380337
0.019468661221590907,1574534540.764285
0.02380237926136364,1574534541.1363623
0.023130770596590897,1574534541.5083272
0.022023703835227285,1574534541.8803198
0.02375266335227272,1574534542.2643716
0.023685635653409084,1574534542.636568
0.023350497159090898,1574534543.0083725
0.023793501420454555,1574534543.3805544
0.02176225142045454,1574534543.764427
0.020666281960227267,1574534544.1363742
0.023753551136363633,1574534544.508374
0.021776899857954564,1574534544.8804715
0.022918146306818182,1574534545.2644153
0.021651278409090882,1574534545.636411
0.023609730113636363,1574534546.0084155
0.023733575994318173,1574534546.3804429
0.021998845880681805,1574534546.7643948
0.023452148437499994,1574534547.1364408
0.022769442471590906,1574534547.508459
0.024018554687499995,1574534547.8804207
0.023317649147727267,1574534548.2644205
0.02414817116477273,1574534548.6364603
0.023110795454545457,1574534549.0084522
0.020517578125,1574534549.3804557
0.02055264559659092,1574534549.7644956
0.020016867897727258,1574534550.1364555
0.02266468394886363,1574534550.5084653
0.020381303267045448,1574534550.8805218
0.020684481534090894,1574534551.2644923
0.01980735085227273,1574534551.6364808
0.02017622514204546,1574534552.0084953
0.02047096946022726,1574534552.3805535
0.019125976562500004,1574534552.764498
0.019196999289772743,1574534553.1365306
0.01910999644886363,1574534553.5085287
0.0191854580965909,1574534553.880541
0.02019797585227271,1574534554.2645268
0.019080699573863637,1574534554.636562
0.01914240056818182,1574534555.0085788
0.019143288352272733,1574534555.380665
0.019079811789772725,1574534555.764738
0.019624023437500016,1574534556.1366608
0.018903142755681824,1574534556.5086234
0.019142844460227276,1574534556.8806293
0.01919699928977273,1574534557.2645824
0.01926935369318183,1574534557.6366854
0.0190926846590909,1574534558.0085933
0.01873357599431819,1574534558.3806438
0.018962624289772727,1574534558.7645884
0.01915838068181819,1574534559.1366186
0.018753551136363636,1574534559.508665
0.019577858664772723,1574534559.8806632
0.01878817471590908,1574534560.264609
0.018863192471590896,1574534560.6368785
0.01864968039772726,1574534561.0086524
0.018799715909090905,1574534561.3807018
0.019264470880681825,1574534561.7646565
0.01875443892045455,1574534562.1366827
0.019579634232954557,1574534562.5087
0.01866521661931819,1574534562.8808618
0.019496182528409095,1574534563.26467
0.019197887073863638,1574534563.6366792
0.01931019176136364,1574534564.0087557
0.020031960227272723,1574534564.3807514
0.019061612215909084,1574534564.764689
0.01871626420454544,1574534565.1366985
0.019018998579545452,1574534565.5087256
0.018379794034090895,1574534565.880843
0.018350053267045457,1574534566.2647045
0.018348277698863637,1574534566.6367347
0.01794611150568182,1574534567.0087411
0.017754794034090887,1574534567.380776
0.018085049715909088,1574534567.7647417
0.017608753551136357,1574534568.1367986
0.017372602982954538,1574534568.5087643
0.01754483309659092,1574534568.8807971
0.017792968750000002,1574534569.264765
0.01799538352272727,1574534569.6367905
0.017463600852272727,1574534570.0087924
0.017608753551136357,1574534570.3808255
0.017757457386363626,1574534570.7647967
0.01756303267045455,1574534571.136796
0.014137961647727276,1574534571.5088284
0.017602539062499988,1574534571.8808353
0.017551491477272727,1574534572.264831
0.020970791903409076,1574534572.636832
0.01838201349431818,1574534573.0088418
0.017583895596590918,1574534573.380861
0.01748091264204544,1574534573.7648833
0.017289151278409083,1574534574.136897
0.020405273437499993,1574534574.508863
0.01772460937499999,1574534574.8808997
0.017438742897727268,1574534575.264878
0.01671697443181819,1574534575.6368957
0.017705522017045443,1574534576.0088942
0.017203924005681815,1574534576.3809223
0.017697088068181818,1574534576.765047
0.016597567471590913,1574534577.1369286
0.018283469460227273,1574534577.508989
0.02144176136363635,1574534577.8809772
0.016913618607954536,1574534578.2649374
0.017736594460227267,1574534578.6369514
0.01764959161931818,1574534579.0089884
0.01767533735795454,1574534579.3809848
0.018206676136363623,1574534579.7650385
0.017432972301136364,1574534580.1369557
0.018067294034090905,1574534580.508935
0.019230735085227258,1574534580.8809664
0.017604758522727273,1574534581.264977
0.018194691051136382,1574534581.6369584
0.018235085227272733,1574534582.008967
0.017865767045454544,1574534582.3809958
0.018591530539772735,1574534582.7649796
0.02176669034090908,1574534583.137003
0.017727716619318167,1574534583.5090046
0.017270951704545467,1574534583.8810146
0.016134144176136365,1574534584.2650087
0.018561345880681823,1574534584.6370263
0.017374822443181823,1574534585.0090256
0.017515980113636365,1574534585.3810208
0.01733797940340908,1574534585.765029
0.0173406427556818,1574534586.1370618
0.017514204545454555,1574534586.5090547
0.01729891690340909,1574534586.8810608
0.016456853693181818,1574534587.265059
0.01811567826704546,1574534587.6370518
0.017460049715909094,1574534588.0090497
0.021374289772727265,1574534588.381205
0.018398881392045457,1574534588.7651308
0.017435635653409106,1574534589.1371002
0.017583007812499996,1574534589.5091367
0.01768332741477273,1574534589.8811438
0.015826083096590917,1574534590.265309
0.016938476562499995,1574534590.6371226
0.01659357244318181,1574534591.0092156
0.015413707386363641,1574534591.3811483
0.01703213778409091,1574534591.7651384
0.016634854403409106,1574534592.137204
0.016874556107954537,1574534592.5091665
0.01697354403409091,1574534592.8811855
0.01637917258522726,1574534593.2651489
0.02096457741477276,1574534593.6371896
0.016958007812500005,1574534594.0092862
0.016830166903409098,1574534594.38123
0.01758966619318183,1574534594.765155
0.016808860085227275,1574534595.137254
0.01645818536931818,1574534595.5092227
0.016691672585227278,1574534595.8812609
0.016790660511363648,1574534596.265176
0.016795987215909088,1574534596.637229
0.016767134232954544,1574534597.0093155
0.01666859019886363,1574534597.381251
0.017247425426136383,1574534597.765212
0.01625665838068182,1574534598.1372895
0.017516867897727276,1574534598.5092592
0.02017578124999999,1574534598.8812819
0.016589133522727274,1574534599.265293
0.016577148437499994,1574534599.6373017
0.0168359375,1574534600.00933
0.01762162642045455,1574534600.3813636
0.017094726562500013,1574534600.7652698
0.016920276988636365,1574534601.1373045
0.01684703480113637,1574534601.5093284
0.01648615056818182,1574534601.8813336
0.016689009232954553,1574534602.2652807
0.01689763849431818,1574534602.6373174
0.01655761718749998,1574534603.0094924
0.01338467684659091,1574534603.381348
0.0192791193181818,1574534603.7652977
0.018101473721590922,1574534604.137364
0.016836825284090914,1574534604.5093439
0.017266956676136366,1574534604.8813705
0.01662597656249999,1574534605.265373
0.016969992897727278,1574534605.6374016
0.016387606534090906,1574534606.0094068
0.016301935369318184,1574534606.3814132
0.01669966264204544,1574534606.7654123
0.016516335227272725,1574534607.1374154
0.015975674715909088,1574534607.5094244
0.016798206676136365,1574534607.8814344
0.016841264204545462,1574534608.2653942
0.016647727272727265,1574534608.6374211
0.01998623934659091,1574534609.0094209
0.016625088778409094,1574534609.3814201
0.01739790482954544,1574534609.7654183
0.016644176136363622,1574534610.137454
0.01716619318181819,1574534610.5094612
0.016804421164772723,1574534610.8814692
0.016466175426136372,1574534611.2654397
0.016609996448863622,1574534611.6374667
0.016529651988636367,1574534612.0094817
0.016787553267045462,1574534612.381609
0.017018377130681824,1574534612.7654815
0.016589577414772728,1574534613.1374853
0.016398703835227263,1574534613.509484
0.016443980823863637,1574534613.8814957
0.018311878551136355,1574534614.2654898
0.017421875000000024,1574534614.637519
0.016631747159090896,1574534615.0094998
0.016928710937499994,1574534615.381511
0.016941139914772727,1574534615.765519
0.01589976917613636,1574534616.1375463
0.01654030539772727,1574534616.5095532
0.016604669744318176,1574534616.881577
0.016627308238636365,1574534617.2655585
0.016277077414772724,1574534617.6375704
0.016462624289772722,1574534618.0095503
0.016464843750000006,1574534618.3816032
0.016526100852272727,1574534618.7655828
0.016636186079545447,1574534619.1375804
0.02005593039772727,1574534619.5095766
0.017031250000000005,1574534619.8816054
0.016452414772727266,1574534620.2656062
0.01673783735795455,1574534620.6376433
0.016388938210227275,1574534621.0096953
0.016242009943181812,1574534621.3817003
0.016466619318181813,1574534621.7656665
0.016578924005681814,1574534622.1376622
0.016581143465909085,1574534622.5096376
0.016749378551136347,1574534622.8817136
0.01749866832386364,1574534623.2656515
0.017242098721590916,1574534623.6376975
0.016039595170454543,1574534624.0097601
0.01783735795454546,1574534624.3817244
0.019945845170454547,1574534624.765676
0.016685901988636367,1574534625.1376944
0.01718394886363638,1574534625.509741
0.01706986860795454,1574534625.881731
0.01651322798295453,1574534626.2656977
0.016657492897727267,1574534626.6377103
0.016543412642045445,1574534627.0097914
0.01659268465909091,1574534627.3817608
0.016623313210227256,1574534627.7656903
0.016297052556818188,1574534628.1377761
0.01651189630681818,1574534628.5097754
0.01657137784090909,1574534628.8817608
0.01630015980113637,1574534629.2657216
0.017609197443181814,1574534629.6377654
0.01737437855113636,1574534630.00977
0.03681773792613641,1574534630.3818014
0.03610218394886364,1574534630.7657607
0.0329305752840909,1574534631.1377704
0.027185724431818183,1574534631.50984
0.02699751420454545,1574534631.881827
0.027339311079545472,1574534632.2658262
0.02816938920454544,1574534632.6377983
0.035883345170454536,1574534633.0099008
0.035598810369318175,1574534633.3818579
0.0348428622159091,1574534633.7657893
0.028784623579545473,1574534634.1378243
0.028515625000000003,1574534634.5099597
0.02846990411931816,1574534634.8818784
0.027992276278409087,1574534635.2658167
0.029232954545454555,1574534635.637861
0.033481001420454536,1574534636.0099277
0.03429820667613638,1574534636.3819003
0.029022105823863626,1574534636.7658665
0.02657182173295453,1574534637.1378968
0.027038796164772724,1574534637.5100055
0.026586914062500005,1574534637.8819354
0.028039328835227275,1574534638.2658591
0.03014515269886362,1574534638.6378934
0.030899769176136366,1574534639.0099025
0.027159534801136368,1574534639.382004
0.027475585937500012,1574534639.7659066
0.02742009943181819,1574534640.1379263
0.031212269176136363,1574534640.5099463
0.030735973011363618,1574534640.881972
0.027309570312499993,1574534641.2659333
0.026553178267045455,1574534641.6379566
0.026744495738636374,1574534642.0099344
0.030457652698863646,1574534642.3819516
0.02984019886363636,1574534642.7660582
0.0289501953125,1574534643.1380377
0.02656028053977272,1574534643.5101113
0.02634810014204543,1574534643.8820777
0.029839754971590932,1574534644.2660048
0.02899636008522729,1574534644.6380134
0.027513760653409092,1574534645.010076
0.026618874289772724,1574534645.382077
0.026787109375000003,1574534645.7660043
0.031293501420454554,1574534646.138018
0.028836558948863632,1574534646.5100524
0.028783735795454554,1574534646.8820565
0.0275057705965909,1574534647.2660367
0.026376065340909093,1574534647.6380556
0.028518288352272714,1574534648.0101275
0.028069069602272727,1574534648.3820834
0.02836558948863638,1574534648.7660806
0.026487482244318183,1574534649.1381104
0.02675870028409091,1574534649.5100698
0.028217773437500003,1574534649.8821208
0.029411399147727255,1574534650.2661037
0.028882723721590904,1574534650.638099
0.027170188210227264,1574534651.0101054
0.027468927556818186,1574534651.3821607
0.02838600852272728,1574534651.7661078
0.028737571022727282,1574534652.1382556
0.029691051136363646,1574534652.5101407
0.02707741477272727,1574534652.8822606
0.026840376420454563,1574534653.2661417
0.027533735795454536,1574534653.6381707
0.029090909090909098,1574534654.0101755
0.027422762784090893,1574534654.3821995
0.027645596590909097,1574534654.766163
0.027045010653409078,1574534655.1381655
0.027540394176136365,1574534655.5103335
0.02835271661931818,1574534655.8822136
0.028406427556818173,1574534656.2661786
0.02656871448863636,1574534656.6381872
0.02684037642045453,1574534657.0101948
0.02769131747159093,1574534657.3822248
0.030492276278409107,1574534657.7661843
0.02786221590909091,1574534658.1382577
0.0263134765625,1574534658.5102217
0.02685768821022726,1574534658.882226
0.02712446732954546,1574534659.2662332
0.028629705255681814,1574534659.6382592
0.02698197798295452,1574534660.0102534
0.026850142045454533,1574534660.3822744
0.026533203125,1574534660.7662566
0.026835937499999993,1574534661.138282
0.029400745738636363,1574534661.5102713
0.025518465909090914,1574534661.8823009
0.027266068892045442,1574534662.2662833
0.027282049005681815,1574534662.6382802
0.026751154119318173,1574534663.0102835
0.03137428977272728,1574534663.3823426
0.032419655539772725,1574534663.7663188
0.027420987215909087,1574534664.1383119
0.027176846590909094,1574534664.5103865
0.02775079900568182,1574534664.8824215
0.026375177556818178,1574534665.2663758
0.02894398082386365,1574534665.6383827
0.027717507102272738,1574534666.0104394
0.02702281605113635,1574534666.382493
0.026906960227272722,1574534666.766358
0.02630814985795454,1574534667.1383824
0.026828835227272727,1574534667.5104158
0.02898437499999998,1574534667.8824198
0.03021129261363638,1574534668.2663987
0.027317116477272717,1574534668.638381
0.026683682528409088,1574534669.0104384
0.026534978693181797,1574534669.3824337
0.03261186079545454,1574534669.7664232
0.03908158735795454,1574534670.1384332
0.04136851917613634,1574534670.5104995
0.03658247514204543,1574534670.8824391
0.03023659446022727,1574534671.266499
0.029170809659090892,1574534671.6384406
0.028879172585227254,1574534672.0105422
0.02917258522727274,1574534672.3824742
0.022235440340909105,1574534672.7664087
0.021325017755681814,1574534673.1384695
0.021348544034090904,1574534673.5105126
0.021423117897727287,1574534673.882499
0.02060324928977272,1574534674.2665155
0.02171830610795454,1574534674.638483
0.021393377130681814,1574534675.0104551
0.021953124999999987,1574534675.382479
0.022357510653409095,1574534675.7664464
0.021784446022727288,1574534676.1384795
0.021637961647727265,1574534676.5104887
0.021180752840909083,1574534676.882496
0.020710671164772734,1574534677.2665095
0.021185191761363648,1574534677.638543
0.02099254261363636,1574534678.0105975
0.020733753551136356,1574534678.382542
0.021605557528409074,1574534678.7665012
0.02113725142045456,1574534679.1385431
0.02106045809659092,1574534679.510526
0.021726296164772715,1574534679.8825738
0.019942737926136357,1574534680.2665658
0.02108487215909093,1574534680.6385324
0.022387695312499987,1574534681.0105584
0.021202947443181838,1574534681.382582
0.021463068181818177,1574534681.7665668
0.02136851917613636,1574534682.1385777
0.02138316761363635,1574534682.5105917
0.018495205965909072,1574534682.8826246
0.021162997159090903,1574534683.2665682
0.01992498224431817,1574534683.6385891
0.021016512784090915,1574534684.0106204
0.02135520241477273,1574534684.382634
0.02177734375,1574534684.7666628
0.021498135653409096,1574534685.13867
0.021600674715909082,1574534685.5106816
0.022182173295454532,1574534685.8826828
0.02108132102272727,1574534686.266764
0.02027698863636362,1574534686.6387618
0.02146661931818182,1574534687.010746
0.021823064630681826,1574534687.3827295
0.021318359375000012,1574534687.7667465
0.02119984019886363,1574534688.1387348
0.020332919034090922,1574534688.5107281
0.02089533025568181,1574534688.8827207
0.019201882102272725,1574534689.2667842
0.021414240056818176,1574534689.6387887
0.021423117897727266,1574534690.0108352
0.0200430575284091,1574534690.3827581
0.021370294744318195,1574534690.7668076
0.021331676136363616,1574534691.1387749
0.020819424715909095,1574534691.5107825
0.021134588068181828,1574534691.8827558
0.019633789062499993,1574534692.26682
0.02127796519886365,1574534692.6388001
0.021162997159090913,1574534693.0107958
0.02040616122159091,1574534693.3828254
0.022309570312500023,1574534693.7668564
0.020884232954545442,1574534694.1388109
0.02003950639204545,1574534694.51083
0.02287642045454545,1574534694.8828511
0.022682439630681797,1574534695.2667818
0.022281161221590892,1574534695.6388323
0.021091086647727266,1574534696.0108707
0.02129394531250001,1574534696.3828368
0.020902876420454547,1574534696.7668016
0.021012073863636353,1574534697.1388698
0.02093439275568183,1574534697.510896
0.021084428267045454,1574534697.8829
0.020889115767045465,1574534698.2668393
0.019699485085227283,1574534698.6388521
0.021077325994318198,1574534699.0108912
0.020998313210227267,1574534699.383307
0.020751065340909085,1574534699.7668803
0.021538085937500003,1574534700.1389427
0.021143022017045463,1574534700.510928
0.02234907670454545,1574534700.8829553
0.02141823508522728,1574534701.2668664
0.019887251420454555,1574534701.6388927
0.02095658735795455,1574534702.010942
0.021115944602272726,1574534702.383001
0.021831498579545458,1574534702.7669039
0.02126686789772728,1574534703.1389487
0.021220259232954525,1574534703.5110183
0.020767933238636356,1574534703.8830435
0.020911754261363633,1574534704.2669406
0.02063121448863637,1574534704.638962
0.02122247869318181,1574534705.0110044
0.021590909090909084,1574534705.3830385
0.021151012073863624,1574534705.7670655
0.02124378551136363,1574534706.139032
0.02055575284090909,1574534706.5109942
0.02121848366477274,1574534706.8832264
0.01924760298295455,1574534707.2669983
0.021277077414772742,1574534707.6390302
0.02118474786931819,1574534708.011108
0.022070756392045462,1574534708.383184
0.021590465198863634,1574534708.767072
0.020786576704545454,1574534709.1391337
0.021581587357954554,1574534709.5110989
0.021075994318181822,1574534709.8831263
0.02111416903409091,1574534710.2672334
0.019983132102272733,1574534710.6390593
0.02147727272727273,1574534711.0110652
0.021927379261363632,1574534711.3831787
0.022454279119318177,1574534711.7670715
0.021296164772727288,1574534712.1390767
0.021338334517045445,1574534712.5111125
0.021986860795454522,1574534712.8831275
0.022422318892045448,1574534713.2671366
0.021730291193181813,1574534713.6391687
0.02150435014204545,1574534714.0111606
0.019854847301136368,1574534714.3831623
0.021605113636363638,1574534714.7671142
0.021704545454545462,1574534715.1391637
0.02165394176136365,1574534715.511193
0.020772372159090908,1574534715.8831563
0.019049627130681812,1574534716.267239
0.020593483664772712,1574534716.6391954
0.020673384232954544,1574534717.01122
0.02061345880681817,1574534717.383196
0.020826083096590932,1574534717.767201
0.020855379971590902,1574534718.1392162
0.020801669034090906,1574534718.5112522
0.020934392755681812,1574534718.8832064
0.021143909801136358,1574534719.2672138
0.02129216974431819,1574534719.6392157
0.02059881036931817,1574534720.011278
0.020280983664772708,1574534720.383271
0.01994584517045454,1574534720.767305
0.022935014204545443,1574534721.139273
0.020506480823863638,1574534721.5112925
0.021839488636363626,1574534721.8832865
0.021908291903409073,1574534722.2672896
0.021339222301136378,1574534722.6392825
0.022083185369318175,1574534723.0112891
0.020425692471590907,1574534723.383353
0.021729847301136373,1574534723.7673001
0.020847389914772734,1574534724.1392972
0.019956054687500002,1574534724.511311
0.02132324218749999,1574534724.8833468
0.020817205255681818,1574534725.2672982
0.02127796519886363,1574534725.639312
0.02098765980113637,1574534726.0113442
0.01935768821022727,1574534726.3833532
0.021325017755681807,1574534726.7673388
0.021091086647727266,1574534727.1393497
0.02099964488636364,1574534727.5113695
0.021223810369318176,1574534727.8833966
0.020992542613636363,1574534728.2674315
0.021968217329545445,1574534728.6394024
0.02098810369318182,1574534729.0113847
0.021183416193181825,1574534729.383368
0.020720436789772714,1574534729.767434
0.02130149147727273,1574534730.1394541
0.020761274857954537,1574534730.511525
0.021166548295454543,1574534730.883476
0.01909490411931817,1574534731.2676847
0.02085049715909091,1574534731.6393948
0.020929509943181813,1574534732.0118928
0.020352894176136362,1574534732.3834567
0.02196777343750002,1574534732.767471
0.020910866477272708,1574534733.1395886
0.020391512784090918,1574534733.5114934
0.021097745028409103,1574534733.8838727
0.020779918323863635,1574534734.267554
0.02080388849431817,1574534734.6395683
0.02097700639204546,1574534735.0117695
0.02018510298295454,1574534735.383494
0.020642311789772744,1574534735.7675266
0.021336558948863615,1574534736.1394765
0.021461292613636378,1574534736.5115101
0.020782137784090906,1574534736.8835113
0.021012517755681814,1574534737.2675605
0.02311834161931818,1574534737.6395082
0.021375621448863628,1574534738.0115283
0.020118963068181832,1574534738.3835459
0.021136807528409105,1574534738.767501
0.02046653053977272,1574534739.139536
0.01825239701704545,1574534739.5115988
0.021218039772727276,1574534739.8835487
0.021143465909090917,1574534740.2675767
0.02138849431818181,1574534740.6395807
0.021246448863636375,1574534741.0115983
0.01988680752840909,1574534741.383563
0.020783469460227272,1574534741.767567
0.021048029119318183,1574534742.1395764
0.02098233309659091,1574534742.5116618
0.021192737926136372,1574534742.8837008
0.02072132457386363,1574534743.2675908
0.019944069602272737,1574534743.639568
0.021938032670454542,1574534744.0116122
0.02026455965909092,1574534744.3836217
0.020817649147727272,1574534744.767577
0.02130149147727273,1574534745.1398633
0.020114524147727277,1574534745.5116348
0.020762606534090896,1574534745.8836343
0.020147372159090914,1574534746.2676213
0.02104580965909092,1574534746.6396418
0.021022727272727276,1574534747.0116441
0.021095969460227286,1574534747.3836553
0.021134144176136363,1574534747.7676375
0.020802112926136367,1574534748.1396816
0.019935635653409074,1574534748.5118315
0.021947798295454533,1574534748.8841531
0.020660955255681807,1574534749.268275
0.021142578124999995,1574534749.6398187
0.021135031960227278,1574534750.0117948
0.019790039062499994,1574534750.3838685
0.021162997159090903,1574534750.7682269
0.021122159090909098,1574534751.1399927
0.021155450994318172,1574534751.5119143
0.020921963778409075,1574534751.8854392
0.02117942116477272,1574534752.2677944
0.021133700284090912,1574534752.6402
0.02076571377840907,1574534753.0117984
0.02104847301136364,1574534753.3837671
0.02082475142045453,1574534753.7677586
0.020606356534090913,1574534754.1398315
0.02097389914772726,1574534754.511808
0.020992542613636356,1574534754.8838127
0.021610440340909073,1574534755.2678096
0.021147017045454533,1574534755.6398063
0.020871803977272726,1574534756.0118062
0.0209121981534091,1574534756.3838558
0.021125710227272734,1574534756.7678103
0.02123757102272727,1574534757.139836
0.021005859375000015,1574534757.51186
0.020757279829545453,1574534757.883858
0.020568625710227283,1574534758.2678554
0.02014293323863636,1574534758.6398494
0.020810546875,1574534759.011897
0.019944513494318163,1574534759.3839648
0.020577059659090905,1574534759.7683132
0.020745738636363645,1574534760.1404834
0.021394264914772726,1574534760.511879
0.02212535511363637,1574534760.8849332
0.02104714133522727,1574534761.2680178
0.022109818892045448,1574534761.6399229
0.02115678267045454,1574534762.0119028
0.021143022017045446,1574534762.3839276
0.02149103338068184,1574534762.767872
0.020765713778409096,1574534763.1398942
0.01957253196022729,1574534763.511927
0.020707563920454558,1574534763.883915
0.020161132812499982,1574534764.2679107
0.020169122869318178,1574534764.639951
0.021202503551136377,1574534765.011974
0.02168723366477271,1574534765.383993
0.021602894176136353,1574534765.7679718
0.020022638494318176,1574534766.140053
0.020688476562500006,1574534766.5121017
0.020585493607954572,1574534766.8839984
0.02068093039772726,1574534767.2680182
0.02106534090909091,1574534767.6400163
0.02076393821022727,1574534768.0122213
0.01998002485795454,1574534768.3840754
0.02139914772727271,1574534768.7679946
0.021459517045454537,1574534769.1401846
0.020206409801136346,1574534769.5120535
0.020981889204545447,1574534769.8840454
0.02067515980113636,1574534770.2680252
0.023784179687499993,1574534770.6403463
0.020332919034090926,1574534771.0120392
0.022197709517045444,1574534771.384094
0.02044389204545456,1574534771.7680304
0.021722745028409096,1574534772.1400883
0.02091175426136365,1574534772.5120492
0.02173828125,1574534772.8843188
0.021453302556818182,1574534773.2681577
0.021665926846590914,1574534773.640161
0.0198095703125,1574534774.0121655
0.020703125,1574534774.38413
0.021079101562500004,1574534774.7680812
0.021024946732954543,1574534775.1401162
0.019359019886363633,1574534775.5121593
0.021240678267045447,1574534775.8841677
0.02095569957386362,1574534776.26814
0.020560191761363655,1574534776.6401477
0.020706676136363657,1574534777.0121796
0.0207772549715909,1574534777.3843222
0.01875355113636363,1574534777.7681427
0.020044833096590917,1574534778.1401765
0.020952148437500005,1574534778.5121517
0.020767933238636356,1574534778.8842065
0.019166814630681817,1574534779.2681725
0.020597478693181823,1574534779.6401858
0.020744850852272734,1574534780.012199
0.02055308948863636,1574534780.3842437
0.02139692826704545,1574534780.7682128
0.021103515625,1574534781.1401975
0.01969016335227271,1574534781.5122383
0.02077414772727273,1574534781.88426
0.021093750000000005,1574534782.2682052
0.02087091619318184,1574534782.640247
0.02068181818181818,1574534783.0122652
0.020819424715909092,1574534783.384288
0.027364169034090908,1574534783.7682142
0.037384588068181825,1574534784.1402488
0.04113236860795454,1574534784.5122664
0.03289373224431818,1574534784.8842719
0.027581232244318184,1574534785.2682538
0.03494140625000001,1574534785.6402473
0.03877397017045453,1574534786.012303
0.03512695312500002,1574534786.3842895
0.026967329545454534,1574534786.7682416
0.027048561789772715,1574534787.1402745
0.027100053267045454,1574534787.5123158
0.03466796875000001,1574534787.8843014
0.039743430397727285,1574534788.2682948
0.03236461292613634,1574534788.640304
0.028791725852272736,1574534789.0123582
0.02868918678977275,1574534789.3843377
0.02822487571022728,1574534789.7683043
0.029415394176136363,1574534790.140336
0.029841086647727274,1574534790.5123365
0.03714355468749999,1574534790.8843546
0.02866743607954544,1574534791.2683408
0.028106356534090923,1574534791.6403797
0.027831143465909102,1574534792.0125175
0.029372780539772735,1574534792.384419
0.027425426136363656,1574534792.7687168
0.027619850852272733,1574534793.1403651
0.027990056818181813,1574534793.5124555
0.021085316051136355,1574534793.8851426
0.020747958096590885,1574534794.2688377
0.02105069247159092,1574534794.640454
0.02121759588068183,1574534795.012644
0.01898615056818182,1574534795.3845568
0.021072887073863643,1574534795.7684557
0.021060014204545435,1574534796.1405106
0.020926846590909085,1574534796.5130682
0.02139870383522729,1574534796.8844981
0.020088334517045458,1574534797.2688382
0.0207168856534091,1574534797.6407166
0.020792791193181816,1574534798.0124938
0.019883700284090904,1574534798.3845387
0.02147904829545455,1574534798.7685196
0.020204634232954547,1574534799.140569
0.02081010298295452,1574534799.5125294
0.02048029119318181,1574534799.8856423
0.02039772727272729,1574534800.268503
0.02095481178977274,1574534800.6405218
0.020541992187499997,1574534801.012701
0.02078125,1574534801.3845463
0.021009410511363645,1574534801.7685273
0.02077237215909092,1574534802.1409693
0.020797230113636364,1574534802.5128186
0.020491832386363665,1574534802.8847098
0.019350142045454537,1574534803.2686703
0.02077015269886364,1574534803.640778
0.02079811789772728,1574534804.013051
0.020566406250000002,1574534804.3846362
0.020416814630681842,1574534804.7686005
0.020955255681818174,1574534805.1405635
0.020758611505681816,1574534805.5125906
0.021042258522727283,1574534805.8846197
0.020937943892045466,1574534806.2685688
0.02031161221590909,1574534806.640596
0.020469193892045445,1574534807.0126138
0.02011940696022729,1574534807.3846223
0.02056418678977272,1574534807.7686265
0.020590376420454557,1574534808.1406298
0.01984241832386363,1574534808.5126736
0.020403941761363648,1574534808.884684
0.02075506036931817,1574534809.2687757
0.020562855113636366,1574534809.640682
0.02091619318181819,1574534810.0126762
0.020130948153409087,1574534810.3849204
0.020913973721590925,1574534810.7686687
0.018019353693181823,1574534811.1406643
0.02053133877840908,1574534811.5126948
0.021250887784090896,1574534811.8857586
0.021089311079545446,1574534812.2688112
0.021053799715909097,1574534812.6408627
0.020653409090909094,1574534813.0127428
0.020770152698863623,1574534813.38476
0.0208349609375,1574534813.76874
0.020499378551136347,1574534814.141003
0.02053000710227273,1574534814.5127888
0.020582830255681823,1574534814.8850136
0.020931729403409084,1574534815.268891
0.01980868252840907,1574534815.6409297
0.02067294034090909,1574534816.0131164
0.02043945312499999,1574534816.3848507
0.02068226207386364,1574534816.7688873
0.01914595170454545,1574534817.1408653
0.020379527698863625,1574534817.5128927
0.020555752840909065,1574534817.8848922
0.020804776278409105,1574534818.2688453
0.020665838068181813,1574534818.6408772
0.020222389914772723,1574534819.0128403
0.019673295454545447,1574534819.3848858
0.020545099431818183,1574534819.7688577
0.019638671874999996,1574534820.1408722
0.020526899857954545,1574534820.5128286
0.01976296164772727,1574534820.8848805
0.017644264914772723,1574534821.2688394
0.016912286931818187,1574534821.6413136
0.016444868607954532,1574534822.0128865
0.018070845170454555,1574534822.38488
0.01769841974431818,1574534822.7689164
0.01747824928977273,1574534823.1408803
0.017126686789772742,1574534823.5128913
0.017123135653409085,1574534823.8849425
0.016150568181818183,1574534824.2689087
0.016538529829545456,1574534824.6409187
0.015831409801136356,1574534825.0129344
0.01696155894886365,1574534825.3849604
0.016004971590909092,1574534825.7689035
0.01598854758522729,1574534826.1409535
0.015340021306818174,1574534826.512976
0.015978338068181823,1574534826.8849728
0.015496271306818172,1574534827.2689779
0.015259676846590898,1574534827.6410027
0.015324041193181816,1574534828.0129778
0.013323419744318174,1574534828.384988
0.0118115234375,1574534828.7689724
0.009049183238636361,1574534829.1409767
0.012420543323863638,1574534829.5129812
0.008950195312499997,1574534829.8850343
0.010150035511363632,1574534830.2689795
0.014457120028409093,1574534830.6410236
0.008897372159090899,1574534831.0130482
0.00902476917613636,1574534831.3850536
0.012179509943181822,1574534831.769026
0.008925337357954548,1574534832.1410623
0.010877130681818187,1574534832.513083
0.014479314630681807,1574534832.8850863
0.009866388494318177,1574534833.2690518
0.009115767045454552,1574534833.6410887
0.011743164062499997,1574534834.0130794
0.009086026278409097,1574534834.385109
0.012323330965909084,1574534834.7690864
0.011221147017045453,1574534835.141093
0.01065740411931818,1574534835.5131044
0.008999023437500005,1574534835.8851058
0.01048206676136363,1574534836.2691064
0.012719726562499992,1574534836.64111
0.00972123579545454,1574534837.013132
0.01097079190340908,1574534837.3851542
0.010333362926136362,1574534837.7691221
0.008955078125000002,1574534838.1411498
0.012472922585227265,1574534838.5132463
0.011540749289772735,1574534838.88525
0.008815696022727273,1574534839.269206
0.01176136363636365,1574534839.6412058
0.008858753551136371,1574534840.0132117
0.011310369318181815,1574534840.3852105
0.012988281249999995,1574534840.7691872
0.008916015625000004,1574534841.1412137
0.011347212357954531,1574534841.5132182
0.00927778764204545,1574534841.8852441
0.009160156249999999,1574534842.2692173
0.013324307528409088,1574534842.641241
0.008951526988636365,1574534843.0132468
0.009091352982954546,1574534843.3852649
0.011959339488636367,1574534843.7692223
0.009001686789772723,1574534844.1412516
0.010323597301136356,1574534844.5133061
0.01045232599431818,1574534844.8852444
0.009641335227272736,1574534845.2692192
0.01224831321022727,1574534845.6412835
0.009513494318181822,1574534846.013265
0.009277343750000003,1574534846.3852844
0.01155406605113637,1574534846.7692554
0.009026988636363633,1574534847.141262
0.009357688210227264,1574534847.5132802
0.011257546164772734,1574534847.8853173
0.008720703124999995,1574534848.2693539
0.011507013494318187,1574534848.6412942
0.010130504261363636,1574534849.0133102
0.008711381392045461,1574534849.3853402
0.01180930397727273,1574534849.7692807
0.008854758522727272,1574534850.1413171
0.009784712357954545,1574534850.51337
0.011707652698863648,1574534850.8853414
0.00904829545454545,1574534851.2693167
0.009899680397727272,1574534851.6413484
0.010872247869318187,1574534852.0133376
0.009810014204545456,1574534852.3853703
0.011218483664772717,1574534852.7693393
0.010195312500000003,1574534853.141358
0.009063387784090904,1574534853.5133781
0.011958451704545453,1574534853.8854063
0.008791281960227281,1574534854.2693777
0.008968394886363631,1574534854.6413891
0.014169477982954547,1574534855.0134013
0.011970436789772726,1574534855.3854446
0.012019708806818184,1574534855.7694
0.010560635653409093,1574534856.1414237
0.008837446732954547,1574534856.5135067
0.011444868607954538,1574534856.885444
0.009034978693181817,1574534857.269426
0.00903719815340909,1574534857.6414583
0.011681906960227266,1574534858.0134418
0.00937100497159091,1574534858.3854768
0.011758700284090914,1574534858.7694767
0.011423117897727281,1574534859.1414495
0.008962624289772724,1574534859.5135036
0.010632546164772721,1574534859.8855352
0.010693359374999998,1574534860.269768
0.010311612215909092,1574534860.641874
0.011835493607954542,1574534861.0135515
0.009027432528409098,1574534861.385629
0.009039861505681816,1574534861.7697945
0.011752929687500002,1574534862.1417823
0.01208229758522727,1574534862.5135527
0.008991477272727283,1574534862.8855937
0.009108220880681816,1574534863.2695055
0.011282848011363629,1574534863.6415532
0.009165482954545457,1574534864.013541
0.010481178977272727,1574534864.386269
0.010123845880681829,1574534864.7699075
0.009081143465909094,1574534865.1417677
0.012920365767045444,1574534865.5136251
0.011245117187499992,1574534865.885651
0.008882723721590914,1574534866.2695823
0.01188387784090909,1574534866.641574
0.009214754971590905,1574534867.0136178
0.009972922585227265,1574534867.3856294
0.011252663352272737,1574534867.7695875
0.00898393110795454,1574534868.1416166
0.010807439630681807,1574534868.5136285
0.00982555042613637,1574534868.8856359
0.008939541903409095,1574534869.2696152
0.012921697443181812,1574534869.6416254
0.00907759232954546,1574534870.013641
0.01010076349431818,1574534870.3856778
0.012186612215909085,1574534870.7696486
0.008912464488636366,1574534871.1416607
0.010241033380681814,1574534871.5136657
0.011262872869318185,1574534871.8857
0.008879616477272721,1574534872.2697377
0.011420454545454537,1574534872.6416955
0.009652876420454542,1574534873.0137358
0.008945312500000007,1574534873.385755
0.011696555397727269,1574534873.7696993
0.009459783380681812,1574534874.1417308
0.009514825994318176,1574534874.513758
0.011739169034090915,1574534874.8857598
0.009234286221590908,1574534875.2697363
0.011552734374999997,1574534875.6417537
0.010566850142045456,1574534876.0137846
0.009039417613636367,1574534876.3857858
0.011733398437500006,1574534876.769777
0.008963068181818176,1574534877.1419888
0.009233398437500004,1574534877.5139618
0.011814186789772732,1574534877.8859499
0.009968927556818177,1574534878.2699158
0.01569469105113637,1574534878.642044
0.01577459161931818,1574534879.0138388
0.015869584517045468,1574534879.3858197
0.018027343750000015,1574534879.7697663
0.015912198153409093,1574534880.1417928
0.0172696200284091,1574534880.5138137
0.016677024147727277,1574534880.8858507
0.015883789062500007,1574534881.2697968
0.015712002840909088,1574534881.641822
0.015856711647727267,1574534882.01393
0.016645063920454554,1574534882.3859353
0.016014737215909094,1574534882.7698746
0.01611949573863637,1574534883.1418774
0.015513139204545454,1574534883.513923
0.015917080965909096,1574534883.8861632
0.016020507812500008,1574534884.269863
0.029702592329545453,1574534884.641889
0.04118918678977273,1574534885.0139122
0.03268554687499999,1574534885.386217
0.027421875000000016,1574534885.7701619
0.02730024857954543,1574534886.142146
0.031448419744318175,1574534886.5139146
0.026916725852272713,1574534886.8861625
0.03411265980113637,1574534887.2699046
0.04043945312499999,1574534887.6419413
0.027775656960227244,1574534888.0140584
0.025674715909090894,1574534888.386131
0.0259912109375,1574534888.7699494
0.025544655539772726,1574534889.142046
0.02741921164772727,1574534889.5140321
0.03891202059659093,1574534889.8862362
0.041246004971590894,1574534890.2701766
0.04197221235795457,1574534890.6421752
0.03407448508522728,1574534891.014259
0.029402077414772725,1574534891.386046
0.02848721590909091,1574534891.7700288
0.027933238636363603,1574534892.1420531
0.02595614346590908,1574534892.5140588
0.01898570667613636,1574534892.8862422
0.0373348721590909,1574534893.2703931
0.030800781249999992,1574534893.6420434
0.029239612926136346,1574534894.0143456
0.028569779829545453,1574534894.3862941
0.02893465909090908,1574534894.7700531
0.03115722656249999,1574534895.1421216
0.037927468039772726,1574534895.5143511
0.02992542613636365,1574534895.8861208
0.029405184659090932,1574534896.270085
0.02790216619318182,1574534896.642335
0.028382457386363632,1574534897.014123
0.030383966619318175,1574534897.386571
0.028256835937500002,1574534897.770195
0.02795055042613637,1574534898.1421895
0.027580788352272727,1574534898.5141573
0.029844637784090893,1574534898.8862066
0.02896262428977272,1574534899.270131
0.028524502840909086,1574534899.642156
0.028855646306818184,1574534900.014176
0.030355557528409086,1574534900.3861616
0.028824573863636377,1574534900.7701657
0.0288623046875,1574534901.1422029
0.028049982244318178,1574534901.5141757
0.028461914062499996,1574534901.8862057
0.03034712357954545,1574534902.2702107
0.028657670454545463,1574534902.6421838
0.02896750710227272,1574534903.014241
0.028547585227272722,1574534903.3863783
0.030162020596590927,1574534903.7703214
0.030963689630681836,1574534904.1426919
0.028521395596590875,1574534904.5142858
0.028656338778409104,1574534904.886326
0.028529385653409074,1574534905.2702506
0.02961869673295454,1574534905.642265
0.028894708806818162,1574534906.0142899
0.027944335937500005,1574534906.3862963
0.02941539417613637,1574534906.7702148
