amperes,timestamp
0.02642178622159091,1574537994.9377277
0.025553533380681826,1574537995.3217027
0.02433815696022727,1574537995.6937933
0.025445667613636355,1574537996.0657773
0.042794744318181845,1574537996.437759
0.03439897017045454,1574537996.821746
0.03185324928977273,1574537997.1937392
0.028697620738636364,1574537997.5657744
0.026740056818181833,1574537997.9377987
0.02918767755681818,1574537998.3217413
0.02649325284090907,1574537998.6937697
0.03406161221590908,1574537999.0657973
0.02390403053977271,1574537999.4379025
0.019391424005681817,1574537999.8218422
0.019054066051136357,1574538000.1938407
0.016145685369318173,1574538000.5658545
0.01600941051136364,1574538000.9378612
0.015208185369318178,1574538001.3218057
0.014991122159090918,1574538001.6938283
0.01634676846590909,1574538002.0658646
0.014565429687500008,1574538002.4378614
0.01583407315340909,1574538002.8218307
0.01423117897727273,1574538003.1938336
0.01575195312500001,1574538003.5658653
0.01562544389204546,1574538003.9378972
0.016346324573863646,1574538004.3218393
0.015771484375,1574538004.693861
0.015173561789772723,1574538005.0659
0.01507324218749999,1574538005.4379241
0.015198419744318174,1574538005.8218722
0.016325461647727278,1574538006.1939037
0.015109197443181814,1574538006.5659258
0.01492453835227271,1574538006.937925
0.014908114346590918,1574538007.3219025
0.01469371448863637,1574538007.6939456
0.015910866477272724,1574538008.0659387
0.014502397017045442,1574538008.4379554
0.015742631392045438,1574538008.8219297
0.015359552556818182,1574538009.1939354
0.014532581676136361,1574538009.5659654
0.017426757812500002,1574538009.9379902
0.01859153053977273,1574538010.3219707
0.015494051846590905,1574538010.6939647
0.01784978693181819,1574538011.0660024
0.01694691051136364,1574538011.4380171
0.017434747869318194,1574538011.8219697
0.018409090909090913,1574538012.193992
0.01645019531249999,1574538012.5660307
0.017208806818181807,1574538012.9380407
0.019405184659090906,1574538013.3220015
0.014525479403409085,1574538013.6940267
0.018314985795454552,1574538014.0660293
0.014214754971590906,1574538014.4380507
0.018280362215909087,1574538014.8220322
0.018624822443181817,1574538015.1940393
0.01715154474431818,1574538015.5660582
0.019147283380681814,1574538015.9380822
0.01582386363636364,1574538016.3220446
0.01700816761363636,1574538016.6940644
0.01666548295454546,1574538017.066087
0.016200727982954535,1574538017.438115
0.017697975852272715,1574538017.8220773
0.0189834872159091,1574538018.194104
0.016924715909090907,1574538018.5661423
0.015991654829545458,1574538018.9381196
0.015340021306818195,1574538019.3221405
0.01726251775568182,1574538019.694129
0.01862837357954545,1574538020.0661297
0.01735440340909091,1574538020.4381628
0.018963955965909097,1574538020.8221385
0.017731267755681818,1574538021.1942422
0.018651455965909093,1574538021.566249
0.01689009232954545,1574538021.9382489
0.016216708096590912,1574538022.322196
0.016590909090909094,1574538022.6941895
0.01816184303977273,1574538023.0661983
0.0161123934659091,1574538023.4382186
0.016975763494318192,1574538023.8221984
0.016446200284090915,1574538024.1942143
0.016206498579545457,1574538024.56623
0.014399857954545452,1574538024.9382288
0.014139737215909087,1574538025.32221
0.014123313210227266,1574538025.694233
0.015143377130681805,1574538026.0662436
0.015674715909090902,1574538026.4382586
0.015162908380681829,1574538026.8222318
0.014877929687499996,1574538027.1942687
0.013951526988636357,1574538027.5662737
0.014220969460227259,1574538027.9382904
0.016788884943181807,1574538028.3222783
0.014071377840909085,1574538028.6942668
0.014802911931818194,1574538029.0663097
0.01469371448863636,1574538029.4383323
0.014122425426136356,1574538029.8222837
0.01454944957386364,1574538030.1942985
0.01410777698863635,1574538030.5663292
0.014552556818181836,1574538030.9383364
0.01443980823863637,1574538031.322311
0.014000355113636362,1574538031.694328
0.01487704190340908,1574538032.0663304
0.014229403409090907,1574538032.4383576
0.01424138849431818,1574538032.8223338
0.014425159801136355,1574538033.194367
0.014418057528409073,1574538033.5663629
0.014300426136363637,1574538033.938387
0.014209872159090909,1574538034.3223667
0.014737215909090912,1574538034.6943736
0.014640003551136363,1574538035.0664015
0.01388316761363636,1574538035.4384167
0.014525923295454551,1574538035.822374
0.014683504971590907,1574538036.194406
0.014270241477272723,1574538036.5664272
0.014151278409090907,1574538036.9384255
0.01440607244318181,1574538037.3224022
0.013844992897727266,1574538037.6944342
0.014146839488636364,1574538038.0664666
0.014679509943181823,1574538038.43847
0.014481977982954558,1574538038.8224347
0.014182350852272731,1574538039.1944613
0.014726118607954546,1574538039.5664592
0.014054066051136363,1574538039.938495
0.013838334517045452,1574538040.3224754
0.014187677556818174,1574538040.6944795
0.014422940340909098,1574538041.0665057
0.014146839488636362,1574538041.438523
0.014395862926136361,1574538041.8224783
0.013750887784090901,1574538042.194502
0.01352672230113637,1574538042.5665324
0.013205344460227265,1574538042.9386413
0.013188032670454548,1574538043.3225753
0.013172052556818175,1574538043.6945856
0.013221768465909098,1574538044.0665808
0.013995028409090914,1574538044.4385817
0.013506747159090898,1574538044.8225415
0.013120117187499999,1574538045.194562
0.013511629971590906,1574538045.5665905
0.013259943181818189,1574538045.9385903
0.013212890625,1574538046.322592
0.014287109375000002,1574538046.6945744
0.016799094460227253,1574538047.0665958
0.013478338068181816,1574538047.438636
0.013250621448863634,1574538047.8225992
0.01358886718749999,1574538048.1946082
0.013168945312500005,1574538048.5666263
0.01321821732954545,1574538048.9386582
0.013816139914772731,1574538049.3226025
0.013626598011363645,1574538049.6946504
0.013472123579545452,1574538050.0666602
0.013458806818181821,1574538050.4386678
0.013457475142045441,1574538050.8226402
0.013331409801136371,1574538051.1946838
0.012892844460227272,1574538051.566662
0.014011452414772729,1574538051.9387016
0.016531427556818176,1574538052.3226795
0.013412198153409107,1574538052.694688
0.013688299005681819,1574538053.0666945
0.013322088068181814,1574538053.4387183
0.013309215198863638,1574538053.8226986
0.013314098011363636,1574538054.1947105
0.013675426136363628,1574538054.5667472
0.013515181107954553,1574538054.9387581
0.01316983309659091,1574538055.3227167
0.013366033380681812,1574538055.6947381
0.013202237215909102,1574538056.0667624
0.013059747869318171,1574538056.4387665
0.0130029296875,1574538056.822737
0.015531782670454557,1574538057.194763
0.014196999289772728,1574538057.5667953
0.013309659090909089,1574538057.9388027
0.013408203125,1574538058.3227727
0.013491210937499998,1574538058.6947918
0.013082830255681807,1574538059.066797
0.013380237926136357,1574538059.4388285
0.013269708806818183,1574538059.8228056
0.01324129971590909,1574538060.19481
0.013897372159090914,1574538060.5668259
0.0136767578125,1574538060.9388607
0.013692294034090904,1574538061.322811
0.013892045454545447,1574538061.6948383
0.013841441761363638,1574538062.066864
0.015335138494318175,1574538062.4388566
0.015245916193181821,1574538062.8228343
0.015187766335227275,1574538063.1948605
0.013579989346590913,1574538063.5668938
0.012941228693181822,1574538063.9388936
0.012948774857954546,1574538064.3228638
0.013009144176136357,1574538064.694968
0.012468039772727276,1574538065.06698
0.012781427556818176,1574538065.4389787
0.012643377130681813,1574538065.8229322
0.012569691051136355,1574538066.1949232
0.012628284801136353,1574538066.5669255
0.012474254261363636,1574538066.9389505
0.012649591619318173,1574538067.322931
0.015458096590909095,1574538067.6949384
0.014003906249999996,1574538068.0669692
0.012736594460227265,1574538068.4389932
0.01261940696022726,1574538068.8229399
0.012526189630681809,1574538069.1949673
0.013585759943181817,1574538069.566991
0.012765447443181812,1574538069.9389954
0.012726384943181806,1574538070.3229747
0.012552379261363636,1574538070.6950107
0.012676669034090898,1574538071.067005
0.011615767045454544,1574538071.439028
0.012380149147727263,1574538071.8230193
0.012492453835227277,1574538072.1950018
0.012575905539772714,1574538072.567042
0.015732421875,1574538072.9390516
0.011949573863636364,1574538073.3230388
0.012689098011363637,1574538073.6950953
0.012596768465909082,1574538074.0670753
0.013176491477272718,1574538074.4390988
0.012733931107954543,1574538074.823044
0.01254128196022727,1574538075.1950688
0.012531960227272716,1574538075.5670948
0.012599875710227278,1574538075.939095
0.012394797585227272,1574538076.3230903
0.012763227982954546,1574538076.6950939
0.012721058238636354,1574538077.0670965
0.012812943892045433,1574538077.4391236
0.012709517045454545,1574538077.82311
0.017335759943181817,1574538078.1951294
0.012820933948863635,1574538078.5671241
0.012586558948863633,1574538078.9391685
0.01268732244318182,1574538079.3231316
0.013437500000000002,1574538079.695134
0.012730379971590912,1574538080.0671654
0.012959428267045449,1574538080.4391918
0.01288884943181817,1574538080.8231485
0.012721058238636354,1574538081.1951683
0.012488014914772734,1574538081.5671928
0.011517223011363629,1574538081.9392068
0.012590553977272708,1574538082.3231688
0.01259011008522727,1574538082.6952002
0.012863547585227272,1574538083.0672305
0.01699840198863636,1574538083.4392343
0.012368607954545446,1574538083.8232102
0.012470703125000001,1574538084.195225
0.012355291193181812,1574538084.5672312
0.012662464488636352,1574538084.939268
0.01223455255681818,1574538085.3232284
0.011383611505681818,1574538085.6952374
0.012639825994318187,1574538086.0672646
0.01257723721590908,1574538086.4393773
0.012618963068181816,1574538086.8233209
0.012610529119318172,1574538087.1953185
0.012417436079545445,1574538087.5673306
0.013070401278409088,1574538087.9393277
0.01316006747159091,1574538088.323277
0.017084517045454543,1574538088.6952972
0.012713512073863639,1574538089.0673301
0.013239524147727274,1574538089.439335
0.012898615056818179,1574538089.8233087
0.01260120738636363,1574538090.1953318
0.012610973011363638,1574538090.5673301
0.012615855823863643,1574538090.939368
0.012074751420454537,1574538091.3233345
0.012544833096590904,1574538091.6953406
0.01290039062499999,1574538092.0673668
0.012792524857954539,1574538092.4394221
0.0129248046875,1574538092.8233504
0.012887517755681812,1574538093.195369
0.012648259943181814,1574538093.5674138
0.01608931107954545,1574538093.9394152
0.012749911221590908,1574538094.3233757
0.012468927556818174,1574538094.6954167
0.012709960937499983,1574538095.0674386
0.01268687855113635,1574538095.43946
0.0128231534090909,1574538095.8234184
0.01261452414772727,1574538096.1954577
0.012709517045454536,1574538096.5674496
0.012566583806818181,1574538096.9394813
0.012669122869318178,1574538097.3234687
0.01294877485795454,1574538097.6954749
0.012887073863636345,1574538098.067494
0.013403320312499996,1574538098.4395015
0.014618696732954543,1574538098.823474
0.01557839133522727,1574538099.195481
0.012933682528409094,1574538099.567506
0.011676136363636362,1574538099.939537
0.01205566406250001,1574538100.3234704
0.012069424715909086,1574538100.6955104
0.01219105113636364,1574538101.0675268
0.012113813920454547,1574538101.4395282
0.012060990767045462,1574538101.8235145
0.01198375355113637,1574538102.195535
0.012142666903409096,1574538102.567536
0.01234374999999999,1574538102.939559
0.012473810369318179,1574538103.32354
0.01251509232954546,1574538103.6955395
0.013371360085227272,1574538104.0675588
0.012949662642045457,1574538104.4395921
0.013208007812499976,1574538104.8235679
0.01278187144886364,1574538105.1955652
0.013319868607954541,1574538105.5675995
0.012720170454545451,1574538105.9396203
0.01317649147727273,1574538106.323586
0.0128719815340909,1574538106.6956096
0.0127783203125,1574538107.0676231
0.012831587357954536,1574538107.4396222
0.012693093039772717,1574538107.823605
0.012632279829545453,1574538108.1957014
0.012452503551136357,1574538108.5677156
0.013141867897727276,1574538108.9397123
0.023550692471590924,1574538109.3236656
0.031641956676136354,1574538109.6956587
0.030136718750000003,1574538110.0676928
0.025637872869318172,1574538110.4396913
0.023156072443181814,1574538110.8236723
0.023061967329545463,1574538111.1956918
0.022801402698863618,1574538111.567704
0.028646129261363656,1574538111.939737
0.03098632812499999,1574538112.3236809
0.032529740767045456,1574538112.695704
0.02610706676136363,1574538113.0677261
0.023727361505681818,1574538113.4397306
0.024806906960227273,1574538113.8237069
0.024619140624999994,1574538114.1957333
0.024788707386363622,1574538114.5677493
0.031537642045454554,1574538114.9397566
0.02832430752840909,1574538115.3237352
0.025134055397727277,1574538115.695797
0.02350363991477273,1574538116.0677993
0.023247958096590915,1574538116.4398293
0.022785422585227255,1574538116.823803
0.02477050781249999,1574538117.1957996
0.02618075284090909,1574538117.567826
0.026844815340909094,1574538117.939857
0.022721946022727275,1574538118.3238053
0.022972745028409083,1574538118.695829
0.024372780539772713,1574538119.0678625
0.02735440340909091,1574538119.4398577
0.026321022727272738,1574538119.823833
0.023509854403409074,1574538120.195832
0.02410600142045454,1574538120.5678587
0.0230078125,1574538120.9398599
0.02641645951704546,1574538121.32384
0.024511718750000005,1574538121.6958709
0.023394886363636354,1574538122.067872
0.024395862926136345,1574538122.4399066
0.022682439630681794,1574538122.82388
0.023162730823863626,1574538123.1958673
0.025160245028409092,1574538123.567898
0.025169122869318175,1574538123.9399204
0.023857865767045464,1574538124.3238747
0.02358531605113637,1574538124.6959069
0.02262695312500001,1574538125.0679317
0.028034002130681804,1574538125.4399483
0.024627130681818182,1574538125.8239074
0.024149946732954543,1574538126.1959348
0.023482333096590886,1574538126.567963
0.022595436789772716,1574538126.939971
0.025106977982954564,1574538127.323937
0.024802468039772742,1574538127.6959667
0.024003018465909097,1574538128.0679712
0.02230735085227273,1574538128.4399962
0.022546608664772746,1574538128.8239672
0.026273970170454543,1574538129.1959877
0.0235888671875,1574538129.5679939
0.02363192471590909,1574538129.9400942
0.02331587357954544,1574538130.3240454
0.022899502840909084,1574538130.696048
0.02357954545454546,1574538131.0680716
0.022279829545454544,1574538131.440058
0.025117187499999995,1574538131.8240268
0.02787553267045456,1574538132.1960287
0.024048295454545454,1574538132.5680635
0.023158291903409088,1574538132.9400628
0.025726651278409073,1574538133.3240397
0.022214577414772712,1574538133.6960752
0.023316761363636362,1574538134.0680716
0.02413707386363637,1574538134.4400954
0.023366033380681817,1574538134.824071
0.025226384943181808,1574538135.1961021
0.023758877840909104,1574538135.5680985
0.023654119318181812,1574538135.9401195
0.02295543323863635,1574538136.3240957
0.022512872869318173,1574538136.696115
0.025958806818181808,1574538137.0681345
0.02346546519886364,1574538137.44015
0.023825905539772742,1574538137.824102
0.023193359374999997,1574538138.196151
0.02259011008522726,1574538138.5681636
0.025772816051136363,1574538138.940159
0.02306551846590906,1574538139.324149
0.024308860085227278,1574538139.6961684
0.0229833984375,1574538140.0681682
0.022673561789772728,1574538140.4401968
0.02566139914772728,1574538140.8241813
0.022899058948863623,1574538141.1961775
0.02336337002840906,1574538141.568192
0.023178267045454542,1574538141.9402225
0.02250266335227273,1574538142.324207
0.02984419389204546,1574538142.6961973
0.02865012428977272,1574538143.0682383
0.02358664772727274,1574538143.4402547
0.023358487215909093,1574538143.8242164
0.0231747159090909,1574538144.1962366
0.02368297230113637,1574538144.5682685
0.025196200284090912,1574538144.9402902
0.025949041193181824,1574538145.3242333
0.024008789062499987,1574538145.6962721
0.023009588068181815,1574538146.0683076
0.0223681640625,1574538146.440294
0.025643199573863636,1574538146.8242779
0.02689763849431817,1574538147.1962943
0.02366344105113636,1574538147.5683076
0.022971413352272724,1574538147.9403212
0.022313565340909114,1574538148.324306
0.029173473011363634,1574538148.696301
0.03761496803977274,1574538149.068327
0.033489879261363605,1574538149.4403563
0.0346360085227273,1574538149.8243434
0.026400035511363624,1574538150.1963432
0.024786487926136372,1574538150.5683632
0.0240878018465909,1574538150.9403641
0.02426846590909092,1574538151.324348
0.017549272017045453,1574538151.6964347
0.017204811789772734,1574538152.0684974
0.017404119318181827,1574538152.4404387
0.01734019886363635,1574538152.82439
0.01734685724431819,1574538153.1963983
0.01620649857954546,1574538153.5684288
0.017699751420454546,1574538153.9404309
0.0180322265625,1574538154.3244133
0.018270152698863642,1574538154.6964078
0.01779385653409091,1574538155.0684304
0.01777388139204545,1574538155.440454
0.01698686079545453,1574538155.8244145
0.016612215909090903,1574538156.1964324
0.016303267045454546,1574538156.5684571
0.017021484375000007,1574538156.9404857
0.017139559659090906,1574538157.324448
0.017390802556818193,1574538157.6964715
0.017213245738636362,1574538158.068499
0.017055664062499993,1574538158.4404933
0.017379705255681825,1574538158.824473
0.01748801491477273,1574538159.1964993
0.017054776278409102,1574538159.5684972
0.01883611505681818,1574538159.9405186
0.01738902698863635,1574538160.324512
0.017262073863636353,1574538160.6965098
0.017613636363636373,1574538161.0685315
0.016899414062500003,1574538161.4405537
0.015614790482954543,1574538161.8245382
0.017428089488636354,1574538162.1965404
0.017321111505681806,1574538162.568562
0.01581143465909091,1574538162.9405873
0.01741432883522727,1574538163.3245432
0.01685813210227272,1574538163.6965733
0.017527077414772725,1574538164.068595
0.017259854403409092,1574538164.4405916
0.017875532670454535,1574538164.824568
0.01789506392045454,1574538165.1966047
0.017685546875,1574538165.5686274
0.01729092684659091,1574538165.9406195
0.016572265624999992,1574538166.3246012
0.01695001775568183,1574538166.6966264
0.017321111505681826,1574538167.0686345
0.01680442116477273,1574538167.440662
0.016993075284090903,1574538167.8246377
0.017088512073863634,1574538168.1966352
0.016777343750000007,1574538168.5686636
0.017381924715909092,1574538168.9407032
0.01671653053977273,1574538169.324636
0.017784534801136367,1574538169.6966748
0.01749644886363637,1574538170.068693
0.015330699573863647,1574538170.4407141
0.017036132812499983,1574538170.8246725
0.017242542613636364,1574538171.1967013
0.016605557528409087,1574538171.5687268
0.01677112926136365,1574538171.9407196
0.01736283735795455,1574538172.324701
0.017401012073863638,1574538172.6967244
0.017529296874999992,1574538173.0687335
0.01641379616477273,1574538173.4408283
0.017167968750000016,1574538173.8247828
0.01714488636363637,1574538174.1967776
0.01614612926136363,1574538174.5687857
0.015301402698863627,1574538174.9407868
0.017139559659090912,1574538175.3247604
0.016088423295454547,1574538175.6967847
0.016901189630681823,1574538176.0687983
0.017344193892045456,1574538176.4408178
0.016717862215909086,1574538176.8247674
0.01697443181818181,1574538177.1968029
0.016842595880681824,1574538177.568832
0.017202148437499995,1574538177.9408312
0.017023703835227263,1574538178.3248038
0.015568181818181813,1574538178.6968281
0.017342862215909086,1574538179.0688295
0.017455610795454542,1574538179.440866
0.015307617187499997,1574538179.8248327
0.017136008522727272,1574538180.1968312
0.018409534801136364,1574538180.568861
0.01744584517045455,1574538180.9408836
0.01750799005681818,1574538181.3248425
0.017380149147727262,1574538181.6968753
0.01773615056818181,1574538182.0688925
0.01738858309659091,1574538182.4409182
0.01761851917613637,1574538182.8248715
0.017780539772727286,1574538183.1969
0.016948242187500007,1574538183.568937
0.017302911931818186,1574538183.9409277
0.01802068536931819,1574538184.3248978
0.017995827414772715,1574538184.6969345
0.016938032670454545,1574538185.0689445
0.017487127130681807,1574538185.4409595
0.01712713068181818,1574538185.824931
0.017200372869318182,1574538186.196957
0.015814541903409085,1574538186.5689662
0.01718528053977273,1574538186.9409826
0.016961558948863628,1574538187.3249621
0.016882546164772715,1574538187.6969671
0.017484019886363642,1574538188.0689912
0.01711603338068182,1574538188.4410248
0.017583895596590904,1574538188.8249748
0.018067294034090898,1574538189.196999
0.016764470880681816,1574538189.569021
0.01696289062500001,1574538189.9410186
0.01721457741477274,1574538190.3250158
0.017182173295454566,1574538190.6970289
0.017172407670454547,1574538191.069066
0.01700062144886364,1574538191.4410532
0.017313121448863635,1574538191.8250458
0.017116477272727283,1574538192.1970575
0.01670232599431819,1574538192.56906
0.01639781605113636,1574538192.941087
0.016467063210227274,1574538193.3250654
0.016575372869318185,1574538193.697064
0.016130149147727264,1574538194.069107
0.016784446022727266,1574538194.4411151
0.01592950994318182,1574538194.8250644
0.01688476562500001,1574538195.1971698
0.01636496803977273,1574538195.5691736
0.016858132102272726,1574538195.9411745
0.015981445312500002,1574538196.325129
0.016039151278409092,1574538196.6971278
0.016101296164772717,1574538197.0691712
0.015870028409090912,1574538197.4411814
0.016137251420454548,1574538197.8251367
0.016632634943181828,1574538198.1971586
0.016101740056818175,1574538198.569173
0.016865234375000013,1574538198.9411845
0.01382324218749999,1574538199.3251705
0.013211558948863633,1574538199.6971712
0.013094371448863627,1574538200.069193
0.012494229403409088,1574538200.4412165
0.01245916193181818,1574538200.8252044
0.012693536931818192,1574538201.1971955
0.012161310369318185,1574538201.5692291
0.012207919034090919,1574538201.9412472
0.012445401278409093,1574538202.325203
0.011496360085227282,1574538202.6972313
0.011078657670454553,1574538203.0692792
0.011360085227272729,1574538203.441263
0.010874023437500005,1574538203.8252335
0.008949751420454552,1574538204.1972566
0.004873490767045457,1574538204.5692577
0.005604580965909089,1574538204.9412875
0.0074249822443181795,1574538205.3252668
0.007399236505681813,1574538205.697286
0.004448242187500001,1574538206.0692925
0.007235884232954546,1574538206.4413216
0.004755415482954546,1574538206.8252752
0.004472212357954547,1574538207.1972985
0.0054958274147727275,1574538207.5693202
0.0060999644886363565,1574538207.9413471
0.004370117187500002,1574538208.325299
0.007284268465909087,1574538208.6973252
0.007353515625000002,1574538209.0693598
0.008667436079545452,1574538209.441355
0.007242542613636366,1574538209.8253345
0.006274414062499993,1574538210.1973555
0.004314186789772728,1574538210.5694113
0.004473987926136369,1574538210.941378
0.007428089488636354,1574538211.3253639
0.0074422940340909075,1574538211.6973658
0.004532137784090909,1574538212.0693974
0.007578124999999997,1574538212.4414206
0.007573242187499991,1574538212.825402
0.004791814630681822,1574538213.1974068
0.006677024147727275,1574538213.569422
0.005636985085227272,1574538213.941449
0.004710138494318183,1574538214.3254037
0.005396395596590913,1574538214.6974359
0.007707297585227275,1574538215.0694573
0.004386985085227275,1574538215.4414568
0.00459605823863636,1574538215.8254387
0.007735262784090909,1574538216.1974688
0.0042990944602272745,1574538216.569463
0.004393199573863634,1574538216.9415593
0.0074631569602272765,1574538217.325512
0.006949573863636371,1574538217.6975102
0.0076384943181818255,1574538218.0695176
0.006312144886363633,1574538218.4415107
0.007845791903409087,1574538218.8254957
0.0045219282670454514,1574538219.197499
0.0042764559659090986,1574538219.5695279
0.008878284801136362,1574538219.9415524
0.0044593394886363645,1574538220.325498
0.004435813210227277,1574538220.6975334
0.007482244318181815,1574538221.0695639
0.0044562322443181855,1574538221.441579
0.004564985795454546,1574538221.8255324
0.006851917613636365,1574538222.1975641
0.00509099786931818,1574538222.569561
0.0043523615056818175,1574538222.9415853
0.005389737215909095,1574538223.3255675
0.006556729403409089,1574538223.697592
0.0044371448863636375,1574538224.0695932
0.004347478693181822,1574538224.4416153
0.008425514914772723,1574538224.8255994
0.00476384943181818,1574538225.197597
0.004398970170454547,1574538225.5696208
0.007306463068181819,1574538225.9416533
0.004874378551136364,1574538226.3256006
0.005419477982954547,1574538226.697629
0.00920454545454545,1574538227.0696552
0.004208984375000003,1574538227.4416523
0.007442737926136362,1574538227.825636
0.007439186789772728,1574538228.1976643
0.004148615056818183,1574538228.5696902
0.00474875710227273,1574538228.9416833
0.006845259232954547,1574538229.3256695
0.005445223721590909,1574538229.697697
0.00538574218749999,1574538230.0697403
0.0047563032670454594,1574538230.441724
0.008517400568181817,1574538230.8256931
0.00768332741477273,1574538231.1976988
0.007476029829545451,1574538231.5697305
0.0074414062500000044,1574538231.9417531
0.004263139204545458,1574538232.3256962
0.007589666193181828,1574538232.697733
0.007105379971590908,1574538233.0697637
0.0046164772727272756,1574538233.4417837
0.00453435724431818,1574538233.8257403
0.006435990767045455,1574538234.1977642
0.006384055397727271,1574538234.5697863
0.005271218039772728,1574538234.9417813
0.004463778409090907,1574538235.3257682
0.007249644886363633,1574538235.6977952
0.004295987215909094,1574538236.0697937
0.004322620738636365,1574538236.4418156
0.00816583806818181,1574538236.8258007
0.0045414595170454606,1574538237.1977966
0.004267578124999999,1574538237.5698276
0.0066246448863636394,1574538237.941845
0.006620649857954539,1574538238.325805
0.004374112215909094,1574538238.6979084
0.005291193181818185,1574538239.0699081
0.008072620738636353,1574538239.4419074
0.008018909801136356,1574538239.8258603
0.004937855113636366,1574538240.1978607
0.008725585937500004,1574538240.5698974
0.004697709517045453,1574538240.941909
0.004368785511363635,1574538241.3258655
0.007509765625000001,1574538241.6978924
0.004327059659090911,1574538242.0699043
0.004113547585227276,1574538242.441923
0.005715110085227274,1574538242.825898
0.005953924005681812,1574538243.1979215
0.004157936789772727,1574538243.5699315
0.0041765802556818195,1574538243.941966
0.009157049005681827,1574538244.3259246
0.007973188920454543,1574538244.6979353
0.005439453124999995,1574538245.069965
0.007216352982954542,1574538245.441994
0.004450461647727274,1574538245.825936
0.004547230113636369,1574538246.197959
0.006677024147727268,1574538246.56999
0.004912109374999999,1574538246.9420307
0.004274236505681821,1574538247.325966
0.0052436967329545486,1574538247.697994
0.006601562499999994,1574538248.0700274
0.004251598011363638,1574538248.4420433
0.004272460937500002,1574538248.8259995
0.007456054687499994,1574538249.1980274
0.007397017045454548,1574538249.5700266
0.006954456676136362,1574538249.9421132
0.007204367897727275,1574538250.3260298
0.0042054332386363665,1574538250.6980321
0.004174360795454547,1574538251.0700552
0.006236683238636365,1574538251.4421122
0.0051882102272727305,1574538251.826068
0.00507146661931818,1574538252.198068
0.004677290482954549,1574538252.570085
0.006762695312499992,1574538252.942121
0.004253817471590914,1574538253.326073
0.004083806818181822,1574538253.6981006
0.009367009943181811,1574538254.0701277
0.011910511363636368,1574538254.442137
0.01197354403409091,1574538254.8261118
0.012476029829545451,1574538255.198132
0.010984552556818175,1574538255.5701303
0.01238325639204545,1574538255.9421763
0.011796875,1574538256.3261309
0.008508522727272726,1574538256.6981404
0.011774236505681818,1574538257.0701652
0.011568270596590902,1574538257.4422069
0.011790660511363633,1574538257.826144
0.01171075994318182,1574538258.198164
0.011801313920454531,1574538258.5701885
0.011693004261363629,1574538258.9422204
0.012009943181818184,1574538259.3261719
0.012280717329545448,1574538259.698196
0.020088334517045458,1574538260.070297
0.03631480823863636,1574538260.4423592
0.03137650923295456,1574538260.826268
0.02314897017045455,1574538261.1982796
0.023258167613636357,1574538261.5702536
0.027587890624999997,1574538261.9422932
0.02298117897727273,1574538262.326241
0.028445046164772732,1574538262.6982653
0.03625443892045455,1574538263.0702624
0.024369229403409125,1574538263.442316
0.02053932883522726,1574538263.8262653
0.021470170454545436,1574538264.1982617
0.02103826349431819,1574538264.5702949
0.0218084161931818,1574538264.9424798
0.02900346235795455,1574538265.3262753
0.036119495738636376,1574538265.6982973
0.03785822088068182,1574538266.0703278
0.03365367542613637,1574538266.4423966
0.023547585227272738,1574538266.8262937
0.024534357244318166,1574538267.1983268
0.023505415482954532,1574538267.5703313
0.023371803977272718,1574538267.9423761
0.016882546164772715,1574538268.326327
0.01507457386363637,1574538268.69836
0.03389026988636362,1574538269.0703597
0.028097034801136386,1574538269.442441
0.025251686789772722,1574538269.8263648
0.02633966619318182,1574538270.1983647
0.02507679332386362,1574538270.5703928
0.03214044744318182,1574538270.9424748
0.029056729403409073,1574538271.3263743
0.02553444602272729,1574538271.6983902
0.025581054687499993,1574538272.0704143
0.02461869673295455,1574538272.4425068
0.02858575994318181,1574538272.8264034
0.02507191051136362,1574538273.1984372
0.02457164417613636,1574538273.5704684
0.02500310724431818,1574538273.9425163
0.025535333806818168,1574538274.3264294
0.02543190696022728,1574538274.698473
0.026189186789772737,1574538275.0704544
0.024289328835227286,1574538275.4425006
0.02532848011363636,1574538275.8264694
0.027021484374999995,1574538276.19845
0.025638760653409087,1574538276.570491
0.02546253551136362,1574538276.9425197
0.025141601562499984,1574538277.3265
0.026079101562500005,1574538277.6984973
0.027351740056818192,1574538278.0705304
0.025005770596590902,1574538278.4425693
0.02468128551136363,1574538278.8265104
0.02468661221590909,1574538279.1985338
0.02427157315340908,1574538279.5705504
0.026352539062500017,1574538279.942559
0.024875710227272717,1574538280.3265471
0.024237837357954557,1574538280.6985626
0.026340553977272727,1574538281.070576
0.02544477982954545,1574538281.4425871
0.02492276278409092,1574538281.8266475
0.025380415482954513,1574538282.1986413
0.024170365767045465,1574538282.5706453
