amperes,timestamp
0.02448996803977273,1574539732.3511643
0.025088778409090906,1574539732.7231777
0.02507768110795455,1574539733.0952182
0.02394797585227272,1574539733.4672236
0.04082652698863637,1574539733.8511705
0.03458451704545455,1574539734.2231932
0.03043590198863639,1574539734.5952287
0.028687411221590905,1574539734.967253
0.02618030894886363,1574539735.3512056
0.027656693892045454,1574539735.7232301
0.02670543323863636,1574539736.0952544
0.030796342329545468,1574539736.467252
0.018876065340909094,1574539736.8512285
0.021233132102272727,1574539737.2232602
0.01705877130681818,1574539737.5952876
0.019332830255681825,1574539737.9672887
0.016688565340909078,1574539738.351271
0.01521306818181819,1574539738.723284
0.015060369318181822,1574539739.0952902
0.01646617542613636,1574539739.4672797
0.01589754971590909,1574539739.8512785
0.012829367897727272,1574539740.2232938
0.015803888494318186,1574539740.5953193
0.015701793323863632,1574539740.967345
0.016066228693181812,1574539741.3513026
0.015229492187500004,1574539741.723328
0.014986239346590893,1574539742.0953467
0.014880593039772742,1574539742.467385
0.015778142755681825,1574539742.8513284
0.01596768465909091,1574539743.2233539
0.014673739346590914,1574539743.595388
0.015245472301136369,1574539743.9673865
0.015376864346590897,1574539744.3513696
0.014867276278409084,1574539744.7233987
0.014766068892045467,1574539745.0954251
0.015421697443181816,1574539745.4674602
0.015443448153409091,1574539745.851414
0.015061700994318188,1574539746.2234404
0.015181107954545452,1574539746.5954425
0.015262784090909094,1574539746.967472
0.015144264914772727,1574539747.3516474
0.014901899857954553,1574539747.7234435
0.014814453124999996,1574539748.095477
0.015460759943181827,1574539748.4674869
0.014520596590909094,1574539748.8514438
0.014341264204545448,1574539749.22347
0.014039861505681808,1574539749.5954952
0.01857688210227273,1574539749.9675066
0.019139737215909086,1574539750.35147
0.017817826704545455,1574539750.7234921
0.01627796519886363,1574539751.0954921
0.018243519176136373,1574539751.4675004
0.01378906250000001,1574539751.8514946
0.01612526633522727,1574539752.2235167
0.017520419034090903,1574539752.5956206
0.018045987215909078,1574539752.9676147
0.018931551846590913,1574539753.351573
0.01824396306818182,1574539753.723569
0.017987837357954554,1574539754.0955713
0.01724343039772727,1574539754.467571
0.01830877130681818,1574539754.851549
0.01814275568181817,1574539755.2235515
0.017222567471590906,1574539755.5955837
0.017684659090909088,1574539755.9676046
0.01822842684659091,1574539756.3515615
0.017546608664772735,1574539756.7235842
0.01699351917613637,1574539757.0956135
0.01804243607954547,1574539757.4676366
0.01658913352272726,1574539757.8515894
0.016512784090909095,1574539758.2236109
0.017783203125000015,1574539758.5956452
0.016968661221590912,1574539758.9676425
0.018953302556818177,1574539759.3516204
0.017163973721590904,1574539759.723643
0.018970614346590895,1574539760.095642
0.02108220880681818,1574539760.4676673
0.018433504971590898,1574539760.851651
0.015711558948863624,1574539761.2236557
0.014453125000000006,1574539761.5956857
0.013740678267045447,1574539761.967708
0.015317826704545442,1574539762.3516715
0.015308061079545457,1574539762.7236867
0.013919566761363631,1574539763.0957098
0.013488547585227266,1574539763.4677353
0.014789595170454533,1574539763.851694
0.014611150568181817,1574539764.2237153
0.014630237926136354,1574539764.595746
0.014759410511363643,1574539764.967745
0.01444779829545454,1574539765.351718
0.016279296875,1574539765.7237494
0.014769620028409088,1574539766.0957513
0.014178355823863625,1574539766.467781
0.0137118252840909,1574539766.851751
0.013795276988636366,1574539767.2237742
0.013419300426136366,1574539767.5957766
0.013729580965909082,1574539767.9678087
0.014224964488636369,1574539768.3517847
0.012456498579545444,1574539768.723795
0.012565252130681819,1574539769.0958107
0.01320134943181817,1574539769.467834
0.012542613636363631,1574539769.8518157
0.012612748579545441,1574539770.2238097
0.012711736505681808,1574539770.59583
0.012428089488636372,1574539770.9678717
0.012659357244318175,1574539771.3518164
0.012559925426136355,1574539771.7238557
0.012275834517045451,1574539772.0958724
0.012443181818181819,1574539772.467873
0.013088156960227275,1574539772.8518467
0.01253551136363635,1574539773.223877
0.01240722656250002,1574539773.595879
0.013114790482954537,1574539773.9679067
0.013373135653409071,1574539774.3519533
0.016199396306818176,1574539774.7239625
0.03155806107954544,1574539775.0959637
0.03288662997159091,1574539775.4679646
0.027256747159090905,1574539775.8519146
0.02236283735795455,1574539776.2239385
0.022980291193181818,1574539776.59594
0.022076970880681817,1574539776.9679713
0.022697975852272723,1574539777.3519106
0.031246448863636346,1574539777.7239485
0.030824751420454568,1574539778.0959692
0.03113547585227271,1574539778.4679935
0.023906250000000007,1574539778.8519495
0.024145507812499994,1574539779.2239833
0.022730379971590903,1574539779.596001
0.023455255681818193,1574539779.9680026
0.030055486505681836,1574539780.351945
0.027377485795454546,1574539780.724004
0.025884676846590914,1574539781.0960147
0.022596324573863638,1574539781.4680402
0.02231489701704542,1574539781.85201
0.021895419034090913,1574539782.2240388
0.023561345880681824,1574539782.596039
0.025719992897727275,1574539782.968095
0.026852361505681818,1574539783.3520136
0.022653142755681824,1574539783.7240443
0.02249378551136365,1574539784.0960648
0.024371448863636343,1574539784.468118
0.02643909801136364,1574539784.8520436
0.025420365767045462,1574539785.224076
0.023440607244318203,1574539785.5961075
0.022261629971590896,1574539785.9681053
0.022373046875000004,1574539786.352064
0.026849698153409093,1574539786.7241054
0.02560768821022727,1574539787.0961285
0.023105912642045458,1574539787.4681423
0.02247159090909091,1574539787.8521142
0.02155806107954546,1574539788.2241325
0.025698686079545452,1574539788.5961418
0.02492098721590909,1574539788.96816
0.023752663352272715,1574539789.3521454
0.022094726562500003,1574539789.7241395
0.021884321732954543,1574539790.0961616
0.028954190340909097,1574539790.4681966
0.023029563210227276,1574539790.8521736
0.0232919034090909,1574539791.2241797
0.022675781249999992,1574539791.5961971
0.022108043323863635,1574539791.968229
0.024256036931818204,1574539792.352184
0.02407182173295453,1574539792.72421
0.023483220880681804,1574539793.0962362
0.022791637073863627,1574539793.4682353
0.02273481889204543,1574539793.8522112
0.024658203125000014,1574539794.2242315
0.023717151988636363,1574539794.5962584
0.0235955255681818,1574539794.9682596
0.021669921875,1574539795.3522408
0.022925248579545438,1574539795.72435
0.02447221235795454,1574539796.096327
0.022531960227272715,1574539796.4683416
0.024487748579545447,1574539796.8522778
0.021995294744318186,1574539797.2242985
0.022271839488636362,1574539797.5963295
0.024722123579545452,1574539797.9683273
0.02263183593749999,1574539798.352309
0.0233349609375,1574539798.7243001
0.021880326704545455,1574539799.0963278
0.02275479403409091,1574539799.4683588
0.02368164062500001,1574539799.852305
0.023461914062500002,1574539800.2243364
0.024818448153409077,1574539800.5963643
0.022619406960227285,1574539800.9683568
0.022348188920454544,1574539801.352337
0.023388671875,1574539801.724367
0.02361594460227273,1574539802.0964136
0.023152965198863625,1574539802.4683936
0.02206498579545454,1574539802.8523762
0.022074751420454546,1574539803.2243962
0.024650656960227262,1574539803.5963728
0.02373046875000001,1574539803.96842
0.02388583096590909,1574539804.3523943
0.021813299005681807,1574539804.7244074
0.021879882812500015,1574539805.096428
0.023364257812500008,1574539805.468418
0.023918235085227262,1574539805.8524277
0.02204190340909091,1574539806.224429
0.022464044744318172,1574539806.5964694
0.02292613636363635,1574539806.9684796
0.02359552556818182,1574539807.3524709
0.02892134232954545,1574539807.724468
0.027575905539772738,1574539808.096491
0.022360617897727267,1574539808.4685013
0.023002929687500003,1574539808.8524742
0.022418323863636357,1574539809.2244902
0.022476473721590916,1574539809.596506
0.02450639204545456,1574539809.968524
0.02561745383522727,1574539810.3525023
0.02282448508522728,1574539810.7245126
0.022212357954545466,1574539811.0965266
0.022053000710227273,1574539811.4685798
0.024337713068181832,1574539811.852538
0.02569779829545456,1574539812.2245305
0.022763671875000006,1574539812.5965343
0.022201260653409105,1574539812.9685905
0.0222429865056818,1574539813.35257
0.028481001420454552,1574539813.7245584
0.03798339843749997,1574539814.096589
0.0339200106534091,1574539814.4685938
0.028631924715909064,1574539814.8525708
0.025723987926136376,1574539815.2245893
0.025336914062499973,1574539815.596622
0.024177468039772724,1574539815.968605
0.02388449928977271,1574539816.3526025
0.01690562855113636,1574539816.724628
0.01873401988636364,1574539817.0966256
0.01683460582386365,1574539817.4686956
0.016424005681818194,1574539817.852677
0.017317116477272732,1574539818.2246776
0.017203480113636364,1574539818.5966785
0.017632279829545454,1574539818.968685
0.017281161221590922,1574539819.3526595
0.017131125710227277,1574539819.7246656
0.01717329545454546,1574539820.096691
0.017091619318181824,1574539820.46871
0.016776899857954556,1574539820.8526702
0.01714666193181819,1574539821.2246919
0.01610174005681817,1574539821.5967126
0.015706232244318184,1574539821.968751
0.016920276988636365,1574539822.3526947
0.017350852272727285,1574539822.7247348
0.016937588778409098,1574539823.0967407
0.01641912286931817,1574539823.4687207
0.01727095170454546,1574539823.8527093
0.017052112926136367,1574539824.2247572
0.016811079545454556,1574539824.5967607
0.015767045454545454,1574539824.9687688
0.0170321377840909,1574539825.3527386
0.016686345880681814,1574539825.7247734
0.01671209161931819,1574539826.096787
0.017007279829545453,1574539826.468813
0.017395685369318188,1574539826.852788
0.016728071732954552,1574539827.2247908
0.016819513494318178,1574539827.5968041
0.017018821022727275,1574539827.9688325
0.01866388494318181,1574539828.3528
0.01677867542613636,1574539828.7248323
0.016956232244318185,1574539829.0968406
0.01703568892045454,1574539829.468843
0.016717862215909082,1574539829.8528125
0.017384588068181817,1574539830.22486
0.0146639737215909,1574539830.5968847
0.016461736505681827,1574539830.9689586
0.017083185369318177,1574539831.3528495
0.017363281250000008,1574539831.7248821
0.016980202414772726,1574539832.0968802
0.016865234374999993,1574539832.4689088
0.016841708096590892,1574539832.8528976
0.016775124289772743,1574539833.2248883
0.016150568181818183,1574539833.5969086
0.017015269886363635,1574539833.9689443
0.01717551491477272,1574539834.3529208
0.016969992897727278,1574539834.7249327
0.01661265980113636,1574539835.0969357
0.016876331676136364,1574539835.468976
0.016737837357954557,1574539835.8529177
0.016598455255681824,1574539836.2249615
0.016820845170454554,1574539836.5969796
0.016736061789772723,1574539836.9689806
0.016669034090909095,1574539837.35295
0.01685014204545455,1574539837.7249813
0.0167236328125,1574539838.0970142
0.01571333451704546,1574539838.4690063
0.016737837357954553,1574539838.8530533
0.016734286221590917,1574539839.225059
0.016989524147727274,1574539839.597054
0.01623268821022728,1574539839.969047
0.016953124999999993,1574539840.3530242
0.01618563565340909,1574539840.725051
0.016777343750000003,1574539841.097052
0.016516779119318183,1574539841.4690702
0.016815074573863643,1574539841.853019
0.0168807705965909,1574539842.2250528
0.016681906960227273,1574539842.5970788
0.016244229403409086,1574539842.9690995
0.016810635653409095,1574539843.35304
0.016615323153409096,1574539843.7250764
0.01689630681818181,1574539844.0971215
0.01769620028409091,1574539844.4691179
0.017305131392045457,1574539844.853087
0.01722789417613637,1574539845.2250972
0.01888849431818182,1574539845.5971076
0.0170849609375,1574539845.969133
0.016803977272727276,1574539846.3531232
0.016438654119318184,1574539846.725135
0.018132546164772723,1574539847.0971422
0.016353870738636363,1574539847.4691627
0.015245916193181816,1574539847.8531353
0.016937588778409098,1574539848.2251487
0.016637517755681824,1574539848.597175
0.016805308948863628,1574539848.969204
0.017268732244318172,1574539849.3531675
0.01802601207386364,1574539849.7251701
0.01683993252840909,1574539850.0972183
0.015608575994318178,1574539850.4692392
0.015297407670454536,1574539850.8531818
0.01673073508522728,1574539851.2251985
0.016612659801136367,1574539851.5972376
0.016333451704545462,1574539851.9692407
0.016877663352272726,1574539852.3532217
0.017065429687500005,1574539852.725253
0.017034357244318187,1574539853.0972342
0.015094549005681825,1574539853.46926
0.016400479403409097,1574539853.8532348
0.01697798295454545,1574539854.2252748
0.01587846235795455,1574539854.5972826
0.01572265625,1574539854.969307
0.016774236505681817,1574539855.3532763
0.017105379971590912,1574539855.725271
0.016895862926136367,1574539856.097301
0.016179865056818187,1574539856.469331
0.016271750710227264,1574539856.8532789
0.0172412109375,1574539857.2253027
0.016434215198863646,1574539857.5973182
0.01724520596590909,1574539857.9693182
0.01650435014204546,1574539858.3533072
0.016556729403409087,1574539858.7253215
0.01647283380681818,1574539859.0973587
0.01668235085227273,1574539859.4693618
0.01553844105113636,1574539859.8533356
0.017426313920454548,1574539860.225446
0.01753684303977274,1574539860.5974536
0.016578480113636357,1574539860.969451
0.01680575284090909,1574539861.3534026
0.016821732954545452,1574539861.725405
0.0164617365056818,1574539862.0974364
0.01658025568181817,1574539862.4694338
0.016443980823863648,1574539862.8534002
0.016719193892045455,1574539863.225413
0.016879882812500007,1574539863.5974426
0.01625976562499999,1574539863.9694579
0.014874822443181814,1574539864.3534281
0.014201882102272734,1574539864.7254443
0.013396661931818188,1574539865.0974653
0.012768998579545445,1574539865.4695008
0.012789861505681819,1574539865.8534482
0.013588423295454542,1574539866.2254717
0.01289772727272726,1574539866.5975006
0.012711292613636344,1574539866.9695022
0.01283824573863637,1574539867.353553
0.01187278053977272,1574539867.725499
0.011948242187500005,1574539868.0975027
0.011699662642045451,1574539868.4695284
0.011395152698863629,1574539868.8535104
0.008115234375000006,1574539869.2255056
0.006108842329545453,1574539869.5975354
0.005338689630681815,1574539869.969565
0.008445046164772726,1574539870.3535445
0.004857954545454545,1574539870.7255363
0.00512428977272727,1574539871.0975654
0.007425870028409088,1574539871.4695938
0.005456764914772724,1574539871.8535473
0.00465065696022727,1574539872.2255726
0.00787730823863636,1574539872.5976024
0.004744318181818182,1574539872.9696248
0.00466042258522727,1574539873.3535664
0.0072367720170454525,1574539873.725604
0.00545809659090909,1574539874.0976079
0.005643199573863633,1574539874.4696257
0.006079545454545451,1574539874.8536077
0.009348810369318174,1574539875.2256334
0.00492764559659091,1574539875.5976322
0.005322709517045451,1574539875.9696655
0.007765447443181821,1574539876.3536444
0.005100763494318186,1574539876.7256405
0.005302290482954546,1574539877.0976696
0.007811612215909092,1574539877.4696896
0.004838867187500002,1574539877.853669
0.004782936789772726,1574539878.22567
0.006590465198863632,1574539878.597688
0.006123490767045458,1574539878.9696946
0.00482510653409091,1574539879.353672
0.006108398437500002,1574539879.7256858
0.007682439630681819,1574539880.0977187
0.004677734375000004,1574539880.4697313
0.005109197443181818,1574539880.8537052
0.007843572443181816,1574539881.2257226
0.0050235262784090896,1574539881.5977244
0.004607155539772721,1574539881.9698305
0.007357954545454545,1574539882.3537865
0.005163796164772726,1574539882.7257855
0.004674627130681818,1574539883.097787
0.005840287642045453,1574539883.4697735
0.006491477272727273,1574539883.8537545
0.004806463068181815,1574539884.2257626
0.005902876420454546,1574539884.5977976
0.0078271484375,1574539884.9698179
0.0049067826704545445,1574539885.3537521
0.004825550426136365,1574539885.7257936
0.007717507102272728,1574539886.097817
0.005021306818181817,1574539886.4698272
0.005578391335227266,1574539886.853797
0.0070729758522727285,1574539887.2258122
0.005650745738636367,1574539887.5978491
0.005001775568181816,1574539887.9698489
0.005298295454545448,1574539888.3538356
0.007054776278409091,1574539888.7258546
0.004674627130681818,1574539889.097863
0.005108753551136363,1574539889.469883
0.008538707386363642,1574539889.8538754
0.004763405539772724,1574539890.2258706
0.005089222301136363,1574539890.5978918
0.008271928267045451,1574539890.9699197
0.004705255681818184,1574539891.3538895
0.004897460937499996,1574539891.7258856
0.006311700994318184,1574539892.097909
0.0062286931818181825,1574539892.4699154
0.004881480823863638,1574539892.8539057
0.007940784801136365,1574539893.225915
0.007201260653409091,1574539893.5979612
0.006377397017045454,1574539893.9699488
0.009418057528409097,1574539894.3539386
0.006047585227272727,1574539894.72596
0.00703657670454545,1574539895.0979838
0.007496448863636366,1574539895.469979
0.004849076704545453,1574539895.8539515
0.006868785511363633,1574539896.2259948
0.0068892045454545464,1574539896.5979977
0.005783913352272732,1574539896.9700131
0.00917524857954545,1574539897.3539848
0.004659978693181816,1574539897.725989
0.004856178977272728,1574539898.0980082
0.007753462357954547,1574539898.4700544
0.004681729403409091,1574539898.8540251
0.005582386363636361,1574539899.2260141
0.008027343750000002,1574539899.5980422
0.005551313920454547,1574539899.9700747
0.007176402698863629,1574539900.3540323
0.006087091619318179,1574539900.7260609
0.005231267755681817,1574539901.0980897
0.007906605113636363,1574539901.470071
0.004956942471590909,1574539901.8540537
0.004647105823863633,1574539902.226093
0.0077761008522727266,1574539902.5981224
0.00501819957386364,1574539902.9701157
0.006207830255681822,1574539903.3541565
0.006529208096590912,1574539903.7261634
0.00475852272727273,1574539904.0981655
0.0077179509943181845,1574539904.470177
0.006341441761363636,1574539904.8541222
0.004802911931818179,1574539905.2261527
0.008608842329545455,1574539905.5981243
0.00508389559659091,1574539905.9701738
0.004955610795454545,1574539906.3541327
0.007995383522727282,1574539906.7261598
0.004949840198863636,1574539907.0981858
0.0064506392045454485,1574539907.470197
0.006162109374999999,1574539907.854142
0.004881480823863629,1574539908.2261825
0.007923916903409087,1574539908.59821
0.006863902698863637,1574539908.9702234
0.004810901988636364,1574539909.354184
0.008894708806818181,1574539909.7262073
0.004949840198863636,1574539910.0982196
0.005493164062499998,1574539910.4702554
0.008527166193181817,1574539910.8542104
0.004711470170454544,1574539911.2262404
0.006979314630681813,1574539911.598256
0.005871360085227269,1574539911.9702697
0.004726118607954546,1574539912.3542578
0.007702414772727274,1574539912.7262547
0.004810901988636365,1574539913.0982804
0.004550781250000003,1574539913.4702973
0.008085049715909091,1574539913.8542435
0.004675958806818178,1574539914.2262838
0.00632501775568182,1574539914.598322
0.007770774147727275,1574539914.9703481
0.007771661931818187,1574539915.3542817
0.007330433238636364,1574539915.726309
0.005725319602272721,1574539916.0983336
0.005300958806818184,1574539916.4703417
0.009017666903409091,1574539916.8543236
0.004957830255681815,1574539917.2263398
0.004724343039772729,1574539917.5983725
0.007733931107954542,1574539917.9703605
0.004934303977272726,1574539918.3543322
0.006368075284090903,1574539918.7263868
0.007756125710227278,1574539919.0983927
0.012498668323863638,1574539919.4703972
0.013277698863636367,1574539919.8543816
0.012192382812500003,1574539920.2263925
0.013380681818181823,1574539920.598408
0.012688654119318193,1574539920.9704401
0.012524857954545467,1574539921.3544056
0.009287109375,1574539921.7264104
0.01218394886363637,1574539922.098445
0.01231223366477273,1574539922.4704728
0.012700639204545455,1574539922.8544288
0.012217684659090912,1574539923.2264373
0.012460049715909098,1574539923.5984662
0.012624289772727252,1574539923.970458
0.012271839488636374,1574539924.3544605
0.013064630681818182,1574539924.7265553
0.014930308948863642,1574539925.0985482
0.03684348366477273,1574539925.4705548
0.03253506747159093,1574539925.8545024
0.025032848011363636,1574539926.2265172
0.02389648437499999,1574539926.5985138
0.026450195312500008,1574539926.970541
0.024991566051136366,1574539927.3545768
0.028709605823863647,1574539927.7265081
0.03567116477272729,1574539928.0985396
0.026904740767045465,1574539928.4705806
0.021174982244318186,1574539928.8545308
0.02196644176136365,1574539929.2265508
0.021856356534090893,1574539929.5985694
0.021668590198863625,1574539929.9705777
0.03236727627840909,1574539930.3545594
0.03653986150568183,1574539930.726582
0.0378444602272727,1574539931.0986128
0.03192471590909093,1574539931.470607
0.024892578125000016,1574539931.8545852
0.02447176846590908,1574539932.2266076
0.023815252130681815,1574539932.5986092
0.02415838068181816,1574539932.9706314
0.019469549005681826,1574539933.3546166
0.033775301846590916,1574539933.7266104
0.02538485440340909,1574539934.0986416
0.024830877130681838,1574539934.4706533
0.025454101562499994,1574539934.8546546
0.025147816051136362,1574539935.226649
0.031008078835227278,1574539935.5986662
0.028674094460227267,1574539935.970697
0.025557972301136354,1574539936.3546524
0.025308504971590904,1574539936.7266748
0.02464399857954544,1574539937.0987065
0.026828835227272738,1574539937.470728
0.023991921164772726,1574539937.854682
0.024833096590909078,1574539938.226708
0.024489080255681823,1574539938.5987387
0.02546564275568182,1574539938.970736
0.02578124999999997,1574539939.3547134
0.025334250710227255,1574539939.7267385
0.024178799715909086,1574539940.098744
0.025032848011363622,1574539940.4707928
0.025869140624999978,1574539940.8547497
0.024851740056818172,1574539941.2267406
0.024081587357954553,1574539941.5987673
0.024842862215909083,1574539941.9708004
0.02632235440340909,1574539942.3547544
0.024262695312500013,1574539942.7267778
0.02500399502840908,1574539943.0988083
0.02446555397727272,1574539943.4708395
0.024969815340909078,1574539943.8547828
0.025017311789772716,1574539944.2268066
0.02494895241477272,1574539944.5988357
0.024213867187499984,1574539944.9708374
0.024562322443181808,1574539945.3548179
0.025229936079545438,1574539945.7268388
0.02464888139204546,1574539946.0989377
0.02439719460227272,1574539946.4709463
0.02447931463068184,1574539946.8548973
