amperes,timestamp
0.02973588423295455,1574469647.781215
0.03059037642045455,1574469648.1532319
0.029780273437499994,1574469648.5252311
0.041202059659090906,1574469648.9092033
0.04826837713068183,1574469649.2812352
0.039535245028409084,1574469649.653234
0.043663884943181804,1574469650.0252624
0.049236949573863625,1574469650.409228
0.042406782670454585,1574469650.7812397
0.03797895951704544,1574469651.1532469
0.04589533025568182,1574469651.5253108
0.03766246448863636,1574469651.90926
0.03803755326704545,1574469652.281261
0.03265669389204545,1574469652.6532915
0.03841663707386365,1574469653.0253167
0.041344992897727285,1574469653.4092603
0.037254083806818196,1574469653.7812867
0.03951882102272725,1574469654.1533039
0.02797407670454545,1574469654.5253167
0.02866921164772729,1574469654.909285
0.03274724786931818,1574469655.2813213
0.035802556818181806,1574469655.6533022
0.04013139204545452,1574469656.025324
0.03397949218749999,1574469656.4093091
0.029826438210227266,1574469656.7813222
0.03027610085227273,1574469657.153325
0.03306329900568183,1574469657.5253506
0.039745649857954556,1574469657.9093192
0.03708407315340909,1574469658.2813194
0.04068137428977273,1574469658.653349
0.041131036931818195,1574469659.025364
0.034298650568181835,1574469659.4093263
0.030488281249999992,1574469659.7813473
0.030252130681818198,1574469660.1534612
0.032938121448863635,1574469660.5253663
0.03181507457386364,1574469660.909381
0.04056152343749998,1574469661.2813635
0.038623934659090864,1574469661.6533709
0.03977405894886363,1574469662.0253994
0.040754172585227295,1574469662.4093814
0.04401056463068181,1574469662.7814
0.03254616477272725,1574469663.15348
0.03601384943181817,1574469663.5254843
0.03956010298295453,1574469663.9094286
0.0320126065340909,1574469664.2814267
0.02539018110795455,1574469664.6534212
0.023521395596590902,1574469665.0254383
0.023184481534090907,1574469665.4094296
0.024813121448863634,1574469665.7814183
0.028695845170454554,1574469666.1535542
0.02964222301136363,1574469666.525451
0.027480912642045465,1574469666.9094315
0.033979048295454554,1574469667.281454
0.03833673650568182,1574469667.6534677
0.04096946022727273,1574469668.0254893
0.03319424715909088,1574469668.4094572
0.029030095880681808,1574469668.781505
0.027483132102272722,1574469669.153496
0.037841796875,1574469669.5255103
0.040887784090909075,1574469669.909493
0.047525745738636375,1574469670.2814841
0.04087269176136362,1574469670.6535294
0.02962357954545455,1574469671.025537
0.030153586647727267,1574469671.4094942
0.03582963423295453,1574469671.7815132
0.03600896661931819,1574469672.1535347
0.030567737926136342,1574469672.525523
0.03012606534090908,1574469672.9095194
0.032572354403409096,1574469673.2815309
0.03163396661931817,1574469673.6535287
0.029556995738636346,1574469674.025583
0.028577325994318167,1574469674.4095342
0.027317116477272734,1574469674.7815971
0.029323508522727266,1574469675.1535676
0.02799360795454547,1574469675.5256093
0.02955965909090908,1574469675.9095724
0.02923517400568181,1574469676.2815833
0.028381125710227276,1574469676.6535828
0.03191139914772728,1574469677.025611
0.02835182883522728,1574469677.409572
0.028707386363636376,1574469677.781622
0.030350230823863643,1574469678.1536205
0.029548561789772717,1574469678.5256155
0.02854669744318181,1574469678.9096093
0.0270392400568182,1574469679.2816167
0.03059969815340911,1574469679.653632
0.029648437499999993,1574469680.0256534
0.02809437144886362,1574469680.4096186
0.03144220525568184,1574469680.7816591
0.03061834161931818,1574469681.1536386
0.028772638494318173,1574469681.5256696
0.027436967329545453,1574469681.909652
0.030254794034090912,1574469682.2816594
0.025890003551136354,1574469682.6537154
0.028786843039772744,1574469683.025729
0.027575461647727267,1574469683.4096618
0.03357155539772729,1574469683.7816968
0.030977894176136382,1574469684.1537232
0.028917791193181823,1574469684.5257277
0.028575106534090896,1574469684.9097822
0.030308948863636363,1574469685.281794
0.03182661576704545,1574469685.653773
0.029146839488636386,1574469686.0257814
0.028029563210227284,1574469686.4097211
0.03268110795454548,1574469686.78178
0.029190784801136366,1574469687.15376
0.027762340198863627,1574469687.525782
0.030407492897727276,1574469687.9097488
0.0315203302556818,1574469688.2817552
0.02883034446022727,1574469688.6537821
0.030791903409090902,1574469689.0258026
0.028414417613636347,1574469689.409775
0.02862615411931817,1574469689.7817764
0.02817027698863637,1574469690.153794
0.02953702059659091,1574469690.5257952
0.027322887073863624,1574469690.9098024
0.02896439985795455,1574469691.2818172
0.028571555397727273,1574469691.6537902
0.028963068181818166,1574469692.0258176
0.02926136363636363,1574469692.409796
0.027763671874999982,1574469692.781839
0.03031028053977272,1574469693.1538036
0.027768110795454538,1574469693.5258484
0.029208984374999993,1574469693.9098165
0.028761541193181826,1574469694.2818086
0.028562233664772722,1574469694.653865
0.028875621448863638,1574469695.0258553
0.027398792613636373,1574469695.4098296
0.029754527698863643,1574469695.78184
0.028644353693181808,1574469696.1538668
0.028933771306818186,1574469696.5258768
0.027912375710227276,1574469696.9098492
0.028263050426136378,1574469697.2818966
0.028906249999999963,1574469697.653887
0.027507990056818185,1574469698.0259128
0.028174715909090906,1574469698.4098773
0.029604048295454547,1574469698.7819238
0.02918279474431819,1574469699.1538918
0.02831986860795455,1574469699.525947
0.02774857954545456,1574469699.9099133
0.028905806107954554,1574469700.2819068
0.028659889914772724,1574469700.653922
0.028683416193181842,1574469701.0259607
0.029280450994318166,1574469701.4099128
0.02942737926136363,1574469701.781927
0.03700905539772728,1574469702.1539516
0.03206365411931818,1574469702.5259826
0.032474254261363626,1574469702.909952
0.02947265625000001,1574469703.2819622
0.03460493607954547,1574469703.653967
0.032421874999999996,1574469704.0259826
0.03526278409090909,1574469704.4099913
0.03035466974431817,1574469704.7820063
0.02824973366477273,1574469705.15397
0.031039151278409075,1574469705.526009
0.03195889559659091,1574469705.909997
0.028954190340909087,1574469706.2819872
0.028427734375000006,1574469706.6540723
0.02828302556818182,1574469707.0261128
0.02902254971590909,1574469707.4100344
0.029005681818181805,1574469707.7820363
0.02725541548295454,1574469708.1540475
0.028690074573863633,1574469708.5260632
0.030671608664772733,1574469708.9100266
0.028797052556818196,1574469709.2820354
0.028413085937500002,1574469709.6540534
0.03042569247159091,1574469710.0260646
0.02957919034090908,1574469710.410053
0.02856844815340908,1574469710.7820923
0.029510387073863657,1574469711.1540582
0.02868119673295452,1574469711.5260787
0.028059747869318162,1574469711.910057
0.027680220170454524,1574469712.2820868
0.030275213068181806,1574469712.6540833
0.028494762073863648,1574469713.0261192
0.028177823153409075,1574469713.4100654
0.031746271306818175,1574469713.7820816
0.028707386363636376,1574469714.154131
0.028179154829545448,1574469714.5261514
0.028215110085227275,1574469714.910091
0.02940873579545455,1574469715.2821765
0.029094460227272724,1574469715.6541421
0.02913929332386364,1574469716.0261526
0.029853071732954546,1574469716.410132
0.028956409801136358,1574469716.7821672
0.028516512784090915,1574469717.1541765
0.03043057528409093,1574469717.5261736
0.02815962357954546,1574469717.9101472
0.028455255681818194,1574469718.2821681
0.028948419744318176,1574469718.6541646
0.028804154829545466,1574469719.026199
0.02878595525568181,1574469719.4101515
0.027895951704545462,1574469719.7821739
0.02917569247159092,1574469720.1541991
0.030342684659090915,1574469720.5262215
0.02899058948863636,1574469720.910179
0.02959295099431819,1574469721.282208
0.029688831676136354,1574469721.654227
0.028403320312499994,1574469722.026223
0.027438299005681822,1574469722.410222
0.030162020596590913,1574469722.7822564
0.02853693181818181,1574469723.1542435
0.027686434659090892,1574469723.5262682
0.028319424715909074,1574469723.9102216
0.028947088068181807,1574469724.2822378
0.02853826349431816,1574469724.654252
0.02774724786931819,1574469725.0262947
0.030722212357954554,1574469725.4102664
0.029849520596590903,1574469725.7822611
0.028378462357954548,1574469726.1542842
0.025642311789772724,1574469726.52631
0.02859552556818183,1574469726.9102569
0.027634499289772723,1574469727.2822878
0.02892489346590908,1574469727.654308
0.0289337713068182,1574469728.0263107
0.02835271661931819,1574469728.4103673
0.027453835227272724,1574469728.7823913
0.030301402698863646,1574469729.154363
0.028128107244318187,1574469729.5263758
0.027994051846590904,1574469729.910327
0.02777876420454544,1574469730.282347
0.03009721235795454,1574469730.6543343
0.0290691583806818,1574469731.0263577
0.028624378551136375,1574469731.4103456
0.028034889914772716,1574469731.782342
0.028265269886363645,1574469732.1543646
0.027325550426136377,1574469732.5264227
0.03814186789772725,1574469732.910358
0.02947842684659092,1574469733.2824016
0.027963423295454534,1574469733.6543927
0.033357155539772726,1574469734.0264034
0.030587269176136345,1574469734.4103782
0.02849520596590909,1574469734.782431
0.02841530539772727,1574469735.154402
0.029408291903409087,1574469735.5264156
0.028795276988636383,1574469735.9104202
0.029280450994318155,1574469736.2824094
0.028486328124999984,1574469736.6544309
0.028872958096590903,1574469737.0264568
0.029648437499999993,1574469737.4104087
0.029587624289772723,1574469737.7824411
0.030293412642045457,1574469738.1544569
0.029053178267045454,1574469738.5264907
0.029270685369318202,1574469738.9104412
0.02800736860795455,1574469739.2824552
0.030183327414772705,1574469739.6544807
0.028959960937500008,1574469740.026479
0.028623934659090914,1574469740.4104688
0.027475142045454544,1574469740.7825224
0.028337180397727275,1574469741.1544912
0.028850763494318175,1574469741.5265198
0.02839089133522729,1574469741.910507
0.03029740767045453,1574469742.282486
0.029534357244318195,1574469742.6545026
0.027689541903409085,1574469743.0265415
0.030849609374999996,1574469743.4105034
0.02818448153409091,1574469743.7825139
0.028516512784090932,1574469744.1545355
0.028129438920454553,1574469744.526581
0.02962579900568181,1574469744.9105206
0.028698508522727262,1574469745.2825549
0.028242187499999984,1574469745.6545763
0.029588068181818177,1574469746.0265772
0.030987659801136373,1574469746.4105456
0.029608487215909095,1574469746.7826014
0.030493164062500012,1574469747.1545591
0.0289657315340909,1574469747.5266013
0.028833895596590914,1574469747.9106188
0.027681551846590893,1574469748.2825682
0.029396750710227283,1574469748.6546059
0.029673739346590903,1574469749.026624
0.028639026988636358,1574469749.410569
0.027983398437499994,1574469749.7826111
0.03132324218750001,1574469750.154708
0.028757102272727268,1574469750.52671
0.02968039772727272,1574469750.9106526
0.029417613636363638,1574469751.2826521
0.02902476917613637,1574469751.6546543
0.027982510653409093,1574469752.0266838
0.029294655539772726,1574469752.4106379
0.028968838778409094,1574469752.7826807
0.028322975852272735,1574469753.1546614
0.027875976562499995,1574469753.5266762
0.030271218039772715,1574469753.9106603
0.02867542613636363,1574469754.2826567
0.028242631392045463,1574469754.6547084
0.029923206676136377,1574469755.0267158
0.028301669034090912,1574469755.4106603
0.02881480823863634,1574469755.782689
0.03300736860795454,1574469756.1546998
0.03002086292613636,1574469756.5267913
0.02771306818181817,1574469756.9106843
0.031254438920454534,1574469757.282724
0.030878018465909082,1574469757.6547444
0.0286678799715909,1574469758.0267498
0.028881392045454545,1574469758.4107192
0.029311523437500004,1574469758.78277
0.029626686789772726,1574469759.1547325
0.028404208096590895,1574469759.5267603
0.029799804687499994,1574469759.9107573
0.03151367187499999,1574469760.2827487
0.0289102450284091,1574469760.6547775
0.03042613636363635,1574469761.0267878
0.028627929687499994,1574469761.410772
0.029583629261363643,1574469761.7827742
0.028718483664772736,1574469762.1547978
0.02753196022727272,1574469762.5268278
0.033421963778409086,1574469762.910777
0.03108842329545457,1574469763.2828116
0.02987349076704546,1574469763.6548252
0.032676225142045455,1574469764.0268145
0.028808149857954546,1574469764.410798
0.02912331321022727,1574469764.7828462
0.02870960582386361,1574469765.154826
0.02894353693181819,1574469765.5268881
0.03196511008522729,1574469765.9108186
0.029111328125000002,1574469766.2828557
0.028589311079545467,1574469766.6548533
0.02976162997159093,1574469767.0268865
0.029663973721590898,1574469767.4108524
0.028852539062500012,1574469767.7828608
0.02979758522727274,1574469768.154946
0.031495916193181796,1574469768.5269303
0.028532492897727257,1574469768.9108868
0.028684303977272726,1574469769.282911
0.028320756392045447,1574469769.6549313
0.030555752840909108,1574469770.0269248
0.02774325284090908,1574469770.4108741
0.029952059659090896,1574469770.7829587
0.029174360795454563,1574469771.1549397
0.029986239346590917,1574469771.526966
0.028776189630681816,1574469771.9110198
0.0291104403409091,1574469772.28301
0.03057617187500001,1574469772.6550055
0.029255593039772702,1574469773.0270221
0.028856977982954512,1574469773.410974
0.031105735085227265,1574469773.7829955
0.02994806463068183,1574469774.1549902
0.028327414772727256,1574469774.5270166
0.0285675603693182,1574469774.9109762
0.03198419744318182,1574469775.2829769
0.028429953835227274,1574469775.6550138
0.030098100142045458,1574469776.0270205
0.02940074573863638,1574469776.4110014
0.029431374289772716,1574469776.7830536
0.028583540482954535,1574469777.1550183
0.028222212357954555,1574469777.5270567
0.031767134232954554,1574469777.9110434
0.02821777343750001,1574469778.283059
0.028671431107954535,1574469778.6550503
0.031223366477272745,1574469779.0270848
0.029553000710227265,1574469779.4110293
0.028193803267045448,1574469779.7830315
0.028753107244318198,1574469780.1550853
0.03292302911931821,1574469780.527086
0.02890358664772727,1574469780.9110396
0.030155806107954573,1574469781.2830672
0.029914772727272727,1574469781.6550727
0.028577769886363645,1574469782.0270908
0.028414861505681805,1574469782.4110823
0.030713334517045453,1574469782.783097
0.029622247869318195,1574469783.1551025
0.027908380681818175,1574469783.5271115
0.02825239701704546,1574469783.9110932
0.027477805397727276,1574469784.2831168
0.028201349431818176,1574469784.6551154
0.02822531960227273,1574469785.0271301
0.028450372869318168,1574469785.411105
0.02876331676136362,1574469785.7831755
0.02878107244318181,1574469786.1551325
0.02841530539772729,1574469786.5271611
0.029794477982954544,1574469786.9111264
0.029510387073863623,1574469787.2831426
0.02743785511363637,1574469787.6551642
0.029250710227272724,1574469788.0271935
0.02908513849431819,1574469788.4111388
0.028402876420454547,1574469788.7831926
0.0284170809659091,1574469789.1551754
0.029245827414772715,1574469789.5271893
0.029507723721590894,1574469789.9112067
0.027836470170454573,1574469790.283229
0.03301313920454545,1574469790.655259
0.029809126420454544,1574469791.0272505
0.028448153409090914,1574469791.4112291
0.02851695667613635,1574469791.783224
0.03061878551136363,1574469792.1552374
0.028789950284090895,1574469792.5272784
0.028088600852272737,1574469792.9112282
0.029022105823863633,1574469793.28326
0.029880593039772755,1574469793.6553588
0.03287819602272729,1574469794.0273545
0.035429243607954575,1574469794.4112954
0.028579101562499997,1574469794.7833223
0.03252796519886363,1574469795.1553028
0.03074529474431818,1574469795.5273263
0.028882723721590904,1574469795.9112618
0.029628906249999986,1574469796.2833009
0.02902343749999998,1574469796.655296
0.028358043323863647,1574469797.0273283
0.029918767755681804,1574469797.411292
0.03031383167613638,1574469797.7833006
0.028285688920454535,1574469798.155329
0.028234197443181806,1574469798.5273538
0.030639648437500007,1574469798.9113069
0.028445046164772735,1574469799.2833316
0.02852317116477274,1574469799.6553524
0.030289861505681814,1574469800.0273895
0.028876953124999997,1574469800.4113436
0.028302112926136363,1574469800.7833555
0.031340110085227274,1574469801.1553802
0.027407670454545473,1574469801.5273752
0.02819291548295452,1574469801.9113665
0.02803977272727272,1574469802.283372
0.03052246093750001,1574469802.6553743
0.02957208806818181,1574469803.0274112
0.027070756392045474,1574469803.4115016
0.029133966619318177,1574469803.783389
0.029111328125000016,1574469804.155407
0.02898082386363637,1574469804.5274248
0.028156960227272716,1574469804.9113684
0.029615589488636358,1574469805.2834094
0.030630770596590907,1574469805.6554346
0.027958540482954555,1574469806.0274494
0.029546342329545467,1574469806.4114268
0.03020907315340908,1574469806.783494
0.028612393465909092,1574469807.155475
0.02823641690340909,1574469807.5274785
0.030583274147727282,1574469807.911461
0.02946511008522727,1574469808.2834632
0.027804953835227266,1574469808.6555052
0.028018022017045452,1574469809.0275166
0.030549538352272754,1574469809.4114711
0.02921209161931817,1574469809.783489
0.028694069602272724,1574469810.1555016
0.025998757102272754,1574469810.5275304
0.029318625710227274,1574469810.9114695
0.028654563210227278,1574469811.2834876
0.027639825994318183,1574469811.6555598
0.026282404119318183,1574469812.0275583
0.02889382102272728,1574469812.4114902
0.02816850142045455,1574469812.783566
0.027784978693181823,1574469813.1555548
0.029237837357954547,1574469813.5275655
0.02858043323863637,1574469813.9115152
0.02790394176136363,1574469814.2835636
0.02773259943181819,1574469814.655584
0.026222922585227272,1574469815.027585
0.028532049005681813,1574469815.4115553
0.028255504261363643,1574469815.7836418
0.028956409801136368,1574469816.1556418
0.03013050426136365,1574469816.5276399
0.027895063920454512,1574469816.91159
0.02923517400568181,1574469817.2835963
0.029861061789772714,1574469817.6556256
0.02876020951704546,1574469818.0276473
0.0288387784090909,1574469818.4115922
0.029476207386363643,1574469818.7836428
0.02786088423295456,1574469819.1556556
0.02770330255681819,1574469819.52765
0.028334517045454543,1574469819.9116282
0.028855202414772727,1574469820.283646
0.029865944602272716,1574469820.6556783
0.03057661576704547,1574469821.0277424
0.030921963778409105,1574469821.411654
0.031272194602272735,1574469821.7836545
0.030647194602272734,1574469822.1556683
0.02988325639204547,1574469822.527689
0.03212002840909093,1574469822.9116218
0.030873579545454555,1574469823.283652
0.02821910511363635,1574469823.655698
0.029432262073863638,1574469824.0277026
0.03120383522727272,1574469824.4116871
0.0356085759943182,1574469824.783713
0.030823863636363635,1574469825.1557631
0.029559659090909105,1574469825.527729
0.03484685724431819,1574469825.9117134
0.031321022727272725,1574469826.2837405
0.029221857244318195,1574469826.6557548
0.031633078835227285,1574469827.027754
0.027321555397727283,1574469827.4117315
0.030119406960227284,1574469827.7838216
0.028627041903409083,1574469828.1558747
0.028734463778409054,1574469828.5277958
0.02874467329545454,1574469828.9117389
0.02994762073863638,1574469829.2837734
0.029715465198863655,1574469829.6557646
0.028620827414772735,1574469830.0278032
0.02836869673295453,1574469830.4117606
0.028884499289772717,1574469830.7837896
0.030540216619318175,1574469831.1558168
0.028710049715909094,1574469831.527813
0.02814808238636363,1574469831.9117944
0.0298601740056818,1574469832.283833
0.027566139914772747,1574469832.6558218
0.02990411931818181,1574469833.0278428
0.029363014914772733,1574469833.4118216
0.02882368607954545,1574469833.7838807
0.028194691051136363,1574469834.1558473
0.02803355823863637,1574469834.5278678
0.029199218750000002,1574469834.9118178
0.02733176491477272,1574469835.2838736
0.029176580255681817,1574469835.655872
0.029502397017045483,1574469836.0279872
0.02890447443181819,1574469836.4118643
0.028128995028409085,1574469836.7838714
0.02813831676136364,1574469837.155848
0.029789595170454552,1574469837.5280087
0.027798739346590894,1574469837.9119754
0.031141690340909082,1574469838.2839203
0.0307697088068182,1574469838.656306
0.02860884232954545,1574469839.027959
0.027957652698863626,1574469839.4119425
0.02956099076704547,1574469839.7839859
0.030813210227272732,1574469840.1559436
0.0291357421875,1574469840.5280328
0.029610706676136345,1574469840.911946
0.029950284090909107,1574469841.2843258
0.02868563565340908,1574469841.6561542
0.028129882812499982,1574469842.0280325
0.026479492187500002,1574469842.4119747
0.028914683948863634,1574469842.7841063
0.02791148792613638,1574469843.156134
0.026971324573863652,1574469843.5281386
0.029099343039772733,1574469843.9121456
0.029226740056818173,1574469844.2841291
0.029629350142045464,1574469844.6560042
0.028608842329545456,1574469845.0280192
0.029306196732954547,1574469845.4120336
0.02895241477272727,1574469845.7839956
0.030822975852272717,1574469846.1560357
0.030251686789772733,1574469846.528198
0.03106756036931818,1574469846.912025
0.02955033735795455,1574469847.2845497
0.03105024857954546,1574469847.6560636
0.03312278053977274,1574469848.0280778
0.029299982244318186,1574469848.4120278
0.031333895596590895,1574469848.7840502
0.03297096946022728,1574469849.1560726
0.030064364346590912,1574469849.5280883
0.031551846590909094,1574469849.9120846
0.03159446022727274,1574469850.2841635
0.029893022017045454,1574469850.656081
0.03181196732954547,1574469851.0280938
0.03008522727272725,1574469851.4120944
0.030483842329545457,1574469851.7841332
0.03039772727272727,1574469852.1561108
0.032348188920454546,1574469852.528133
0.03078213778409093,1574469852.912113
0.030310280539772704,1574469853.284103
0.03335893110795452,1574469853.6561291
0.030289417613636377,1574469854.0282528
0.028891157670454554,1574469854.4120886
0.0296786221590909,1574469854.7841723
0.03394975142045457,1574469855.1564505
0.035996981534090915,1574469855.5282578
0.032028142755681804,1574469855.9122245
0.03643776633522727,1574469856.2841594
0.033165394176136384,1574469856.6561499
0.030310724431818186,1574469857.028167
0.03208584872159091,1574469857.412168
0.03074307528409092,1574469857.784175
0.03004039417613636,1574469858.1561854
0.0323495205965909,1574469858.5282035
0.0305917080965909,1574469858.9122584
0.02967418323863637,1574469859.2845466
0.031216708096590932,1574469859.6562932
0.03110395951704544,1574469860.0282962
0.029443359374999988,1574469860.4122088
0.030480291193181797,1574469860.7842078
0.03376109730113637,1574469861.1562326
0.029533469460227276,1574469861.5282378
0.03136186079545455,1574469861.9122283
0.030261896306818182,1574469862.2842453
0.030525568181818192,1574469862.6562254
0.03173162286931818,1574469863.028275
0.02981667258522727,1574469863.4122553
0.030210848721590914,1574469863.784243
0.03156871448863635,1574469864.1562674
0.02964799360795453,1574469864.5282815
0.03062011718749999,1574469864.91227
0.030969016335227275,1574469865.2842717
0.0317449396306818,1574469865.6563451
0.0309512606534091,1574469866.0283463
0.030869140625000006,1574469866.4123044
0.03192427201704546,1574469866.7843158
0.030682705965909097,1574469867.1563506
0.029682617187499993,1574469867.5283544
0.03194291548295456,1574469867.9123158
0.03141645951704545,1574469868.28435
0.029849076704545452,1574469868.656369
0.03336514559659089,1574469869.0283804
0.031811967329545436,1574469869.412333
0.02921431107954545,1574469869.7843766
0.02985617897727272,1574469870.1564894
0.03218084161931819,1574469870.5283961
0.029090465198863633,1574469870.91245
0.03195356889204544,1574469871.2843509
0.027668235085227276,1574469871.6563692
0.030473188920454565,1574469872.0283883
0.03046519886363637,1574469872.4123542
0.030392844460227265,1574469872.784375
0.03397238991477272,1574469873.15642
0.029627130681818197,1574469873.5284092
0.03185901988636365,1574469873.9123893
0.032697088068181814,1574469874.2844155
0.03079767400568181,1574469874.656393
0.03333718039772728,1574469875.028421
0.031499467329545464,1574469875.412407
0.0306103515625,1574469875.7844262
0.03083451704545456,1574469876.1564462
0.03215642755681822,1574469876.5284464
0.03188387784090907,1574469876.9124198
0.029866832386363656,1574469877.284433
0.029662198153409085,1574469877.6564891
0.029958718039772715,1574469878.028498
0.02973055752840907,1574469878.4124818
0.03160644531250001,1574469878.7844806
0.03235573508522729,1574469879.1565158
0.030803444602272714,1574469879.5285156
0.03007634943181819,1574469879.9124951
0.02910023082386365,1574469880.28452
0.030998757102272716,1574469880.6565256
0.029747425426136377,1574469881.0287642
0.031090642755681828,1574469881.4125898
0.032032581676136346,1574469881.7845674
0.029072265625000003,1574469882.1565804
0.0316836825284091,1574469882.528577
0.03216042258522727,1574469882.9125128
0.029649325284090915,1574469883.2845547
0.03138449928977274,1574469883.656544
0.02876642400568183,1574469884.0285776
0.030298295454545477,1574469884.4125192
0.029762961647727276,1574469884.784558
0.030690252130681807,1574469885.1565733
0.031246892755681818,1574469885.5285962
0.032492897727272735,1574469885.9125578
0.03600097656249999,1574469886.2845933
0.032605202414772765,1574469886.656604
0.034293323863636364,1574469887.0286057
0.033746448863636376,1574469887.4125705
0.03266867897727273,1574469887.784607
0.030913085937499998,1574469888.1566243
0.030110085227272754,1574469888.5286608
0.031362748579545435,1574469888.9126008
0.03028941761363636,1574469889.2846231
0.03050914417613636,1574469889.656638
0.029366566051136352,1574469890.0286558
0.03023393110795454,1574469890.4126065
0.02952858664772729,1574469890.784626
0.02995072798295457,1574469891.1566803
0.03262695312500002,1574469891.5286634
0.02913574218749999,1574469891.9126444
0.031194513494318198,1574469892.2846591
0.031589577414772724,1574469892.6566813
0.030126065340909107,1574469893.0287015
0.031971768465909094,1574469893.412662
0.030299183238636382,1574469893.784684
0.031163884943181844,1574469894.1566849
0.03045587713068182,1574469894.5287092
0.030869584517045457,1574469894.912681
0.030942826704545446,1574469895.2847044
0.02907981178977274,1574469895.6567078
0.029737659801136365,1574469896.0287478
0.030221058238636345,1574469896.412695
0.02935102982954545,1574469896.7847185
0.030514026988636384,1574469897.1567426
0.03127441406250002,1574469897.5287619
0.030217950994318177,1574469897.9127147
0.03054110440340909,1574469898.284752
0.030344904119318176,1574469898.6568186
0.03151589133522726,1574469899.0287778
0.03118963068181818,1574469899.4127562
0.031015181107954534,1574469899.7847822
0.03106045809659091,1574469900.1568003
0.032737038352272714,1574469900.5287964
0.030483842329545454,1574469900.912773
0.03355601917613635,1574469901.2847807
0.029612038352272732,1574469901.6567938
0.03053755326704544,1574469902.0288465
0.03202059659090912,1574469902.4127846
0.029342151988636354,1574469902.7847967
0.031356977982954545,1574469903.1568854
0.030661399147727274,1574469903.528879
0.030165127840909103,1574469903.9128323
0.03007768110795455,1574469904.2848518
0.0329727450284091,1574469904.6568727
0.0304754083806818,1574469905.0288804
0.029520596590909092,1574469905.4128478
0.03170898437499999,1574469905.7848625
0.031187855113636385,1574469906.156877
0.029621360085227286,1574469906.5288866
0.03125266335227273,1574469906.9128623
0.032229225852272725,1574469907.2848785
0.029104669744318166,1574469907.6568968
0.036375177556818225,1574469908.0289178
0.03185458096590909,1574469908.412867
0.026874112215909095,1574469908.784925
0.030395507812500014,1574469909.1569607
0.03003373579545457,1574469909.528919
0.028864968039772745,1574469909.9129086
0.03215110085227272,1574469910.2849329
0.02987127130681819,1574469910.656917
0.031041370738636397,1574469911.028988
0.032126686789772735,1574469911.412919
0.030296075994318158,1574469911.7849438
0.03139870383522726,1574469912.1569571
0.030391068892045462,1574469912.5289702
0.03037420099431819,1574469912.9129531
0.030550870028409113,1574469913.2849536
0.027840021306818157,1574469913.6569839
0.030059481534090913,1574469914.0290098
0.03007102272727275,1574469914.412951
0.031095081676136373,1574469914.785041
0.030446999289772715,1574469915.1570404
0.031079545454545453,1574469915.5290036
0.03192072088068184,1574469915.9129884
0.037631392045454556,1574469916.2850099
0.03860617897727277,1574469916.6570456
0.030148259943181804,1574469917.0290372
0.028937766335227287,1574469917.4130251
0.032510653409090914,1574469917.7850523
0.029130415482954544,1574469918.1570332
0.03601207386363637,1574469918.5290768
0.03243918678977274,1574469918.913037
0.030180220170454554,1574469919.2850833
0.03056951349431818,1574469919.6570768
0.03160067471590908,1574469920.0291264
0.03063032670454547,1574469920.413057
0.03034179687500001,1574469920.785073
0.03245960582386364,1574469921.1570919
0.032060546875,1574469921.5291061
0.02909934303977273,1574469921.9130654
0.03218172940340908,1574469922.2851055
0.03190385298295454,1574469922.6571255
0.029071377840909098,1574469923.02913
0.03166859019886364,1574469923.4131005
0.0322909268465909,1574469923.7851217
0.028875621448863645,1574469924.1571298
0.03292436079545454,1574469924.5292618
0.03200994318181818,1574469924.9131718
0.02892800071022728,1574469925.285186
0.03348854758522726,1574469925.6571994
0.036710759943181806,1574469926.0292182
0.033603071732954556,1574469926.4131644
0.030810990767045455,1574469926.785196
0.04436079545454547,1574469927.157183
0.05064319957386362,1574469927.5291817
0.04956809303977272,1574469927.9131637
0.03530628551136364,1574469928.2851827
0.03048162286931817,1574469928.6572504
0.03927157315340907,1574469929.029208
0.04280450994318184,1574469929.4131927
0.037378817471590914,1574469929.7852116
0.03953080610795454,1574469930.1572196
0.04110795454545454,1574469930.5292385
0.041982865767045435,1574469930.9132257
0.0278369140625,1574469931.2852137
0.028354492187499983,1574469931.6572444
0.030462979403409092,1574469932.0293286
0.037038352272727275,1574469932.4132164
0.043338068181818186,1574469932.7852497
0.04269620028409089,1574469933.1573062
0.035294300426136356,1574469933.5293126
0.033265269886363635,1574469933.9132874
0.04249866832386363,1574469934.285307
0.03333939985795455,1574469934.6573188
0.04479181463068181,1574469935.029325
0.03322931463068182,1574469935.4132934
0.0289697265625,1574469935.785352
0.032096946022727287,1574469936.1573398
0.03622159090909093,1574469936.5293357
0.03632102272727276,1574469936.9133403
0.03616699218750002,1574469937.2853088
0.04169477982954547,1574469937.657367
0.035075905539772724,1574469938.0293834
0.02997514204545455,1574469938.4133642
0.030888671875,1574469938.7853603
0.031050248579545456,1574469939.1573658
0.04570933948863637,1574469939.5294166
0.035050159801136384,1574469939.9133804
0.030497159090909078,1574469940.2854042
0.03486683238636365,1574469940.657419
0.03661754261363638,1574469941.0293975
0.03553622159090909,1574469941.4133995
0.04038307883522728,1574469941.7854276
0.03430841619318182,1574469942.1574347
0.03134898792613635,1574469942.5294363
0.02942294034090909,1574469942.9134362
0.031495472301136355,1574469943.285418
0.04142622514204545,1574469943.6574464
0.049312855113636346,1574469944.0294907
0.030569513494318194,1574469944.4134245
0.0314910333806818,1574469944.7854393
0.033631480823863656,1574469945.1574764
0.037349520596590934,1574469945.5294704
0.03799715909090912,1574469945.9134598
0.033902254971590905,1574469946.2855573
0.03316983309659093,1574469946.6575644
0.03941139914772727,1574469947.0295558
0.033230202414772744,1574469947.4135137
0.03341264204545452,1574469947.7855122
0.03280273437500002,1574469948.1575541
0.033951083096590916,1574469948.5295496
0.0334366122159091,1574469948.9135218
0.03130015980113636,1574469949.2855203
0.032952769886363635,1574469949.6575308
0.0328231534090909,1574469950.0295393
0.03226473721590908,1574469950.4135137
0.03207785866477273,1574469950.7855465
0.03272283380681819,1574469951.1575544
0.03417036576704548,1574469951.5295744
0.03168412642045453,1574469951.9135501
0.032195933948863636,1574469952.285559
0.031757368607954556,1574469952.6575968
0.031028497869318196,1574469953.029593
