amperes,timestamp
0.03156960227272729,1574470892.0440767
0.03214177911931818,1574470892.4280236
0.03166060014204545,1574470892.8000445
0.045586825284090894,1574470893.1720781
0.048149414062500014,1574470893.544079
0.0423379794034091,1574470893.928056
0.04827681107954548,1574470894.3000875
0.04813077059659091,1574470894.6720912
0.041656161221590916,1574470895.0441246
0.048716264204545445,1574470895.428105
0.04527299360795454,1574470895.8001134
0.04549005681818183,1574470896.1721232
0.04146928267045454,1574470896.544144
0.04412553267045457,1574470896.9281278
0.04526944247159092,1574470897.300131
0.04388449928977272,1574470897.6721354
0.039406960227272754,1574470898.0441735
0.035840731534090925,1574470898.4281328
0.03527610085227271,1574470898.800147
0.03193403764204543,1574470899.1721683
0.033745117187499986,1574470899.544165
0.03128950639204544,1574470899.9281652
0.026776455965909107,1574470900.3001702
0.038035777698863626,1574470900.672191
0.031173206676136357,1574470901.0441854
0.02904518821022728,1574470901.4281707
0.029242276278409092,1574470901.800202
0.03469193892045455,1574470902.1721768
0.03846990411931819,1574470902.544235
0.0369411399147727,1574470902.9285228
0.039556551846590925,1574470903.3002331
0.038762428977272716,1574470903.6722188
0.03523126775568182,1574470904.0442321
0.029649769176136383,1574470904.4281974
0.0293692294034091,1574470904.8002121
0.028044655539772725,1574470905.1723106
0.030229936079545466,1574470905.5443165
0.04057217684659089,1574470905.9282622
0.03477583451704543,1574470906.300268
0.04181285511363633,1574470906.6723025
0.03847523082386363,1574470907.0442977
0.038385564630681844,1574470907.4282482
0.03461647727272726,1574470907.8002725
0.033695401278409115,1574470908.1722722
0.03593794389204546,1574470908.5442977
0.034401633522727265,1574470908.9283147
0.03180664062500001,1574470909.3002813
0.026607333096590916,1574470909.6723216
0.024738103693181825,1574470910.0443354
0.024892578125000002,1574470910.4284177
0.02255903764204544,1574470910.8008468
0.023617720170454538,1574470911.172379
0.02351029829545454,1574470911.5444703
0.023698508522727278,1574470911.928349
0.030340909090909092,1574470912.300393
0.031291725852272724,1574470912.6724186
0.035104758522727264,1574470913.0444214
0.03322842684659092,1574470913.4283812
0.02714444247159087,1574470913.8003857
0.026625976562500004,1574470914.172415
0.036611328125,1574470914.5444524
0.04204589843750001,1574470914.9284072
0.04223011363636362,1574470915.3004189
0.04548428622159091,1574470915.6724353
0.028618164062499993,1574470916.0444613
0.02857022372159089,1574470916.4283984
0.033618164062500004,1574470916.800412
0.028614169034090916,1574470917.172451
0.036771573153409065,1574470917.5444753
0.028755770596590915,1574470917.9286687
0.03146928267045454,1574470918.3005688
0.027296697443181805,1574470918.6724713
0.026986860795454544,1574470919.0445898
0.02532581676136365,1574470919.428443
0.024153053977272732,1574470919.8004649
0.0231582919034091,1574470920.1724768
0.025530007102272732,1574470920.5444987
0.027267844460227272,1574470920.9284716
0.027146218039772716,1574470921.3004746
0.025927290482954557,1574470921.6725051
0.02327281605113637,1574470922.044524
0.023710937499999987,1574470922.4284925
0.025368430397727276,1574470922.8005145
0.02305797230113635,1574470923.17253
0.02451083096590907,1574470923.5445411
0.02386940696022727,1574470923.9285274
0.02501953125,1574470924.3005416
0.02836692116477273,1574470924.6725495
0.023497869318181812,1574470925.0445535
0.023793501420454555,1574470925.428538
0.023290127840909086,1574470925.8005526
0.025630770596590913,1574470926.1725621
0.027577681107954558,1574470926.544582
0.02422407670454545,1574470926.9286475
0.023367365056818166,1574470927.3006353
0.024840198863636354,1574470927.6726363
0.026356977982954537,1574470928.0446367
0.026333451704545454,1574470928.4285922
0.02507368607954545,1574470928.8005965
0.02638139204545452,1574470929.172637
0.025328924005681822,1574470929.5446522
0.025981889204545448,1574470929.9286108
0.02412908380681819,1574470930.3006418
0.022919921875000002,1574470930.672647
0.0237890625,1574470931.0446522
0.026721413352272735,1574470931.4286373
0.024232066761363625,1574470931.8006535
0.023701171875000013,1574470932.1726525
0.023656782670454554,1574470932.5446787
0.02592817826704545,1574470932.9286544
0.02537997159090909,1574470933.3006597
0.024837535511363622,1574470933.6726885
0.023376686789772717,1574470934.044707
0.024729225852272742,1574470934.428656
0.02610085227272725,1574470934.8006878
0.024399857954545454,1574470935.1727242
0.024129527698863628,1574470935.5447488
0.02498401988636361,1574470935.9286847
0.026418235085227268,1574470936.3007348
0.02465154474431817,1574470936.672753
0.025108309659090892,1574470937.0447564
0.027621626420454546,1574470937.4287255
0.029244495738636335,1574470937.8007467
0.027903941761363654,1574470938.1727588
0.027586558948863645,1574470938.5447729
0.026768465909090926,1574470938.928752
0.028104580965909086,1574470939.3007524
0.027948330965909082,1574470939.6727843
0.027373490767045462,1574470940.0448155
0.02879794034090907,1574470940.4287589
0.026017400568181824,1574470940.8007834
0.028119673295454558,1574470941.1728134
0.027835582386363647,1574470941.5448468
0.027632723721590917,1574470941.9287975
0.028824129971590902,1574470942.3008108
0.027447620738636356,1574470942.6728387
0.026350319602272704,1574470943.0448422
0.02460316051136363,1574470943.4288607
0.025126509232954525,1574470943.8008375
0.02452903053977273,1574470944.172843
0.023136541193181814,1574470944.5448706
0.025870028409090896,1574470944.9288785
0.025264115767045466,1574470945.3008366
0.023681196732954542,1574470945.6728992
0.025855379971590924,1574470946.0449476
0.029438032670454545,1574470946.4289324
0.027118252840909098,1574470946.800874
0.027541725852272714,1574470947.1729195
0.038084605823863624,1574470947.54499
0.029465997869318195,1574470947.9288945
0.029930308948863633,1574470948.3009086
0.03264870383522729,1574470948.6729267
0.030105646306818168,1574470949.0450091
0.02529030539772728,1574470949.4289641
0.02492320667613637,1574470949.8009682
0.023821910511363644,1574470950.172964
0.02404030539772726,1574470950.5450432
0.025633877840909088,1574470950.92896
0.024922762784090908,1574470951.300946
0.023417080965909092,1574470951.6729584
0.025211736505681825,1574470952.0449936
0.03053045099431817,1574470952.4289658
0.03053799715909091,1574470952.8009648
0.030137162642045454,1574470953.1730044
0.02936789772727275,1574470953.5451636
0.03135209517045455,1574470953.9289796
0.03170942826704546,1574470954.3010075
0.029442915482954544,1574470954.673044
0.02861949573863636,1574470955.0450406
0.029287997159090896,1574470955.429014
0.025975674715909076,1574470955.8010278
0.026966441761363636,1574470956.1730382
0.02693714488636364,1574470956.5450737
0.026688121448863626,1574470956.9290662
0.027523970170454562,1574470957.3010635
0.02753151633522728,1574470957.673093
0.02873668323863635,1574470958.0451145
0.026857688210227288,1574470958.4290674
0.02955832741477271,1574470958.801089
0.027096502130681818,1574470959.1731143
0.026411576704545466,1574470959.5451226
0.027604314630681834,1574470959.929096
0.028851207386363632,1574470960.3010972
0.026069335937499997,1574470960.673145
0.02681196732954545,1574470961.0451305
0.02918235085227272,1574470961.429135
0.027681107954545488,1574470961.801132
0.0272998046875,1574470962.1731555
0.027041015625,1574470962.5451717
0.028180042613636366,1574470962.9291475
0.02785067471590909,1574470963.301176
0.02854580965909091,1574470963.6731803
0.02911399147727274,1574470964.0452104
0.028260830965909076,1574470964.429183
0.02775257457386362,1574470964.8011684
0.028620383522727253,1574470965.1732001
0.02789994673295454,1574470965.5452492
0.027814719460227257,1574470965.9291768
0.026989524147727276,1574470966.3012068
0.0294686612215909,1574470966.6732469
0.028095259232954542,1574470967.04524
0.028312322443181808,1574470967.4291909
0.028652787642045447,1574470967.801262
0.029695490056818187,1574470968.1732428
0.027623401988636345,1574470968.545266
0.02915882457386363,1574470968.9292717
0.02893199573863635,1574470969.301251
0.02797851562500001,1574470969.6732888
0.02730424360795453,1574470970.0453134
0.03052246093749998,1574470970.4292474
0.029266690340909094,1574470970.8013308
0.02775612571022729,1574470971.173341
0.028649236505681824,1574470971.545335
0.028880060369318162,1574470971.9292884
0.027389914772727283,1574470972.301293
0.027159090909090893,1574470972.6733224
0.030168678977272732,1574470973.045302
0.027828036221590916,1574470973.4292843
0.02891823508522727,1574470973.801331
0.02917658025568181,1574470974.173332
0.028212446732954557,1574470974.5453403
0.027216352982954557,1574470974.9293451
0.028717595880681825,1574470975.301338
0.029358132102272727,1574470975.6733487
0.02831764914772725,1574470976.04537
0.02665349786931819,1574470976.4293637
0.029904119318181804,1574470976.8013508
0.02856489701704544,1574470977.1733649
0.028230202414772733,1574470977.5454113
0.03585626775568182,1574470977.9293666
0.028966619318181817,1574470978.3013825
0.03080300071022728,1574470978.673395
0.03161532315340909,1574470979.0454025
0.02636585582386366,1574470979.4293983
0.02856756036931818,1574470979.8014066
0.02808638139204547,1574470980.1734056
0.03184170809659089,1574470980.5454428
0.029265802556818182,1574470980.9294086
0.02818847656250002,1574470981.3014116
0.028069069602272723,1574470981.6734393
0.029072709517045464,1574470982.0454614
0.028184037642045457,1574470982.4294543
0.02829145951704546,1574470982.8014443
0.02837491122159093,1574470983.1734703
0.029894353693181813,1574470983.5454853
0.029037198153409095,1574470983.9294615
0.02846635298295454,1574470984.3014812
0.028825461647727264,1574470984.6735027
0.028267045454545454,1574470985.0454948
0.028484108664772717,1574470985.4295027
0.030140269886363633,1574470985.8015172
0.029422496448863633,1574470986.1734962
0.029363902698863638,1574470986.545526
0.03011896306818181,1574470986.9295154
0.029489968039772725,1574470987.301561
0.029655095880681808,1574470987.6735396
0.03010520241477272,1574470988.0455577
0.029354580965909108,1574470988.429559
0.030890447443181833,1574470988.8015392
0.02843883167613637,1574470989.1735587
0.029717240767045447,1574470989.545605
0.02999999999999999,1574470989.9295378
0.029202325994318178,1574470990.3015728
0.031616654829545454,1574470990.6735914
0.03252707741477274,1574470991.0456007
0.03042480468749999,1574470991.4295645
0.029231178977272742,1574470991.801597
0.030865145596590902,1574470992.1736975
0.030601029829545448,1574470992.5456932
0.02803488991477273,1574470992.9296613
0.029779385653409082,1574470993.3016515
0.03060635653409093,1574470993.673661
0.03010120738636361,1574470994.0456522
0.028862304687499996,1574470994.429645
0.029106001420454525,1574470994.8016272
0.029915216619318178,1574470995.1736665
0.030959694602272735,1574470995.5456817
0.029381658380681814,1574470995.9296286
0.029441583806818168,1574470996.3016768
0.030694247159090922,1574470996.6737008
0.028983043323863634,1574470997.0457008
0.0288347833806818,1574470997.4296646
0.03176669034090908,1574470997.8016965
0.02993297230113635,1574470998.173698
0.028821466619318187,1574470998.5457082
0.03282581676136366,1574470998.9297032
0.029511718749999995,1574470999.3017197
0.028222212357954544,1574470999.6737523
0.03185147372159091,1574471000.045744
0.030200639204545483,1574471000.42973
0.029383433948863644,1574471000.8017693
0.0315283203125,1574471001.173773
0.030169566761363644,1574471001.5457773
0.02969460227272725,1574471001.9297333
0.030890003551136375,1574471002.3017485
0.02984907670454544,1574471002.6737823
0.029869939630681828,1574471003.0457964
0.030507812499999995,1574471003.4297597
0.03032892400568182,1574471003.8018115
0.028547141335227254,1574471004.17379
0.02940252130681819,1574471004.545819
0.028710937500000006,1574471004.9297833
0.02961470170454544,1574471005.301855
0.029244051846590912,1574471005.6738381
0.03126686789772725,1574471006.045832
0.030302734374999994,1574471006.4298213
0.029649325284090904,1574471006.8018148
0.02922762784090909,1574471007.1738513
0.030694691051136376,1574471007.5458753
0.028898703835227278,1574471007.929846
0.030090553977272737,1574471008.30186
0.03208895596590907,1574471008.6738896
0.038268377130681826,1574471009.0458927
0.033262606534090904,1574471009.429921
0.03182661576704544,1574471009.8018932
0.0340731534090909,1574471010.1739087
0.03106756036931819,1574471010.5459218
0.031028497869318175,1574471010.929921
0.03093084161931819,1574471011.3019028
0.029525923295454542,1574471011.6739242
0.031053355823863645,1574471012.0459294
0.032707741477272734,1574471012.4299462
0.0289675071022727,1574471012.8019125
0.029367897727272704,1574471013.1739821
0.03247913707386364,1574471013.545958
0.03094948508522726,1574471013.9299164
0.031439985795454546,1574471014.3020003
0.03108043323863636,1574471014.6740391
0.0300634765625,1574471015.0460188
0.030598366477272716,1574471015.4299617
0.03289462002840907,1574471015.8019648
0.03049715909090909,1574471016.1739922
0.02996271306818182,1574471016.546003
0.031521661931818185,1574471016.9299684
0.030484730113636373,1574471017.3019965
0.029560990767045454,1574471017.673999
0.032163973721590904,1574471018.04602
0.029007013494318175,1574471018.4299967
0.03035023082386364,1574471018.8019984
0.029838867187500007,1574471019.1740258
0.031440429687499986,1574471019.5460637
0.030765269886363623,1574471019.9300203
0.02933194247159091,1574471020.3020434
0.03153364701704544,1574471020.6740775
0.0339084694602273,1574471021.0460837
0.029372336647727263,1574471021.430039
0.030712002840909112,1574471021.8020642
0.033002485795454534,1574471022.174088
0.028916903409090897,1574471022.5460901
0.030801669034090925,1574471022.9300675
0.032041903409090904,1574471023.3020973
0.029866832386363645,1574471023.6740932
0.03125843394886362,1574471024.0461233
0.03195356889204546,1574471024.430094
0.030311168323863644,1574471024.8021002
0.030699573863636375,1574471025.1741226
0.03196155894886364,1574471025.5461524
0.029927201704545454,1574471025.9301007
0.029847745028409083,1574471026.3021214
0.03173073508522729,1574471026.674184
0.030510031960227276,1574471027.0461776
0.029770063920454535,1574471027.4301286
0.03136141690340908,1574471027.8021495
0.030492276278409083,1574471028.174182
0.029321289062500026,1574471028.5461962
0.029274236505681832,1574471028.9301708
0.030107421875000005,1574471029.3021832
0.029855291193181827,1574471029.6742213
0.030162908380681804,1574471030.0462182
0.03073109019886364,1574471030.4301908
0.0310489169034091,1574471030.8022013
0.03008655894886363,1574471031.1742315
0.0307537286931818,1574471031.5462415
0.03161931818181819,1574471031.930202
0.029778941761363607,1574471032.3022273
0.0305362215909091,1574471032.6742635
0.03241832386363639,1574471033.0463011
0.028853870738636354,1574471033.4302237
0.03076571377840911,1574471033.8022587
0.03143909801136363,1574471034.1742811
0.029928977272727288,1574471034.5462928
0.030383078835227274,1574471034.9302697
0.031134144176136355,1574471035.3022785
0.031099520596590925,1574471035.674293
0.03047407670454545,1574471036.0463212
0.03122736150568184,1574471036.4303503
0.030727982954545464,1574471036.8023372
0.030333362926136354,1574471037.174342
0.03181463068181819,1574471037.5463448
0.030601473721590906,1574471037.930337
0.029667968750000006,1574471038.302324
0.029414506392045438,1574471038.6743464
0.03195623224431819,1574471039.0463457
0.03283425071022727,1574471039.4303222
0.04330965909090912,1574471039.8023565
0.030355557528409093,1574471040.1743932
0.03616477272727274,1574471040.546383
0.03322665127840909,1574471040.9303622
0.03030539772727273,1574471041.3023953
0.03175514914772729,1574471041.6744022
0.02940562855113634,1574471042.0464244
0.029824662642045457,1574471042.4303818
0.03356977982954542,1574471042.802392
0.02907404119318182,1574471043.1744056
0.030550870028409078,1574471043.5464313
0.03244540127840907,1574471043.9303877
0.030061700994318184,1574471044.3024251
0.031622425426136365,1574471044.6744509
0.029154829545454557,1574471045.0464463
0.030289417613636377,1574471045.430427
0.02942737926136363,1574471045.802463
0.030639204545454532,1574471046.1745026
0.030936612215909112,1574471046.5465102
0.02854314630681822,1574471046.9304602
0.03127308238636363,1574471047.3025014
0.031447531960227273,1574471047.6745057
0.029360795454545476,1574471048.0465066
0.030193536931818168,1574471048.430517
0.03159224076704544,1574471048.8025193
0.030130060369318184,1574471049.1745355
0.031377840909090904,1574471049.5465553
0.031083096590909094,1574471049.930519
0.030231267755681846,1574471050.302537
0.029612926136363644,1574471050.6745574
0.03196910511363638,1574471051.0466702
0.030262784090909083,1574471051.43054
0.029482865767045462,1574471051.8025768
0.031636629971590884,1574471052.1745982
0.03090198863636364,1574471052.5465636
0.02883300781250002,1574471052.93054
0.03003329190340911,1574471053.3025937
0.03263627485795455,1574471053.6746304
0.029564985795454565,1574471054.046592
0.030286310369318187,1574471054.4305727
0.02865012428977275,1574471054.8025713
0.029619584517045446,1574471055.1746192
0.030285866477272733,1574471055.546637
0.030962357954545452,1574471055.9305754
0.03034534801136365,1574471056.3026006
0.029410067471590917,1574471056.6746418
0.03109108664772726,1574471057.0466192
0.030522017045454566,1574471057.430624
0.02844726562499999,1574471057.802703
0.03103204900568183,1574471058.1747415
0.030640980113636362,1574471058.5467112
0.029616921164772724,1574471058.930659
0.030543323863636382,1574471059.3026648
0.031807084517045454,1574471059.67469
0.02862792968750003,1574471060.0466971
0.029513050426136344,1574471060.4308152
0.03160600142045453,1574471060.8026733
0.02894264914772727,1574471061.1746957
0.030864701704545448,1574471061.5467067
0.029748757102272726,1574471061.9306707
0.02980335582386364,1574471062.302698
0.02949529474431817,1574471062.6747355
0.03166725852272729,1574471063.046753
0.030082120028409074,1574471063.4307003
0.029608043323863655,1574471063.8027716
0.03147682883522727,1574471064.1747692
0.031185191761363636,1574471064.546783
0.028834339488636354,1574471064.9307675
0.030860706676136343,1574471065.3027878
0.03238947088068183,1574471065.6747663
0.02909357244318181,1574471066.0467715
0.02939053622159089,1574471066.430769
0.029189453125,1574471066.802759
0.02999644886363636,1574471067.1747854
0.029891246448863613,1574471067.5468073
0.030582386363636367,1574471067.930762
0.03123135653409091,1574471068.302791
0.028719815340909102,1574471068.674829
0.03148082386363635,1574471069.0469267
0.03337313565340911,1574471069.4308069
0.03157981178977275,1574471069.8028224
0.038566672585227266,1574471070.1748595
0.031041814630681813,1574471070.5468497
0.03383078835227273,1574471070.930826
0.03164595170454546,1574471071.30286
0.03262739701704545,1574471071.674865
0.03115101207386363,1574471072.0468938
0.029442471590909083,1574471072.4308546
0.032840465198863626,1574471072.8028564
0.030513583096590913,1574471073.1748886
0.02909801136363635,1574471073.5468967
0.03109330610795455,1574471073.930858
0.032529296874999995,1574471074.302891
0.02916281960227274,1574471074.6749063
0.030443448153409106,1574471075.0469348
0.031843039772727275,1574471075.4308915
0.030160688920454534,1574471075.8029046
0.03099875710227272,1574471076.1749384
0.030769708806818178,1574471076.5469434
0.03005326704545457,1574471076.9309154
0.029656871448863635,1574471077.3029656
0.026943359374999996,1574471077.6749442
0.030231267755681825,1574471078.0469713
0.030304953835227286,1574471078.4309478
0.03014559659090909,1574471078.8029454
0.027836026278409098,1574471079.174981
0.030444335937500018,1574471079.5470905
0.030051935369318196,1574471079.9310262
0.02960804332386364,1574471080.3030305
0.034022993607954535,1574471080.6750364
0.02937011718749999,1574471081.047037
0.031142578125000004,1574471081.4310358
0.0318994140625,1574471081.8030105
0.029576083096590888,1574471082.1750362
0.031039595170454556,1574471082.5470266
0.03007368607954546,1574471082.9310172
0.03267045454545456,1574471083.3030427
0.030921963778409074,1574471083.6750634
0.032596324573863626,1574471084.047067
0.030762606534090922,1574471084.4310536
0.02990411931818182,1574471084.8030431
0.03174538352272728,1574471085.1750712
0.031218039772727274,1574471085.547094
0.031083096590909097,1574471085.9310582
0.03146262428977274,1574471086.3030784
0.030869140624999986,1574471086.6750996
0.028894708806818187,1574471087.0471132
0.03039195667613635,1574471087.431075
0.03190518465909089,1574471087.803107
0.02859996448863637,1574471088.175131
0.02975319602272726,1574471088.5471308
0.02973366477272728,1574471088.9311109
0.029929865056818168,1574471089.303137
0.030759943181818176,1574471089.675149
0.03286798650568183,1574471090.0471535
0.03115811434659089,1574471090.4311578
0.028971946022727277,1574471090.8031397
0.03266601562500002,1574471091.1751792
0.030618341619318198,1574471091.547194
0.028862304687499996,1574471091.9311504
0.030606800426136366,1574471092.3031728
0.03111106178977274,1574471092.6752346
0.028846768465909094,1574471093.0472147
0.03084250710227273,1574471093.4312012
0.03093927556818181,1574471093.8032017
0.030316495028409083,1574471094.175239
0.03127397017045456,1574471094.5472293
0.031308593749999995,1574471094.9312093
0.029668412642045443,1574471095.3032277
0.03153053977272726,1574471095.675225
0.030319602272727276,1574471096.0472572
0.029306640625000015,1574471096.4312365
0.02945756392045454,1574471096.8032305
0.03164151278409089,1574471097.175266
0.030372425426136374,1574471097.5472744
0.028243075284090913,1574471097.9312568
0.030705788352272733,1574471098.3032625
0.031858132102272715,1574471098.6753452
0.030060369318181807,1574471099.047301
0.031207386363636375,1574471099.4312682
0.03065873579545454,1574471099.8033078
0.034924538352272744,1574471100.175286
0.03738858309659092,1574471100.5473287
0.031979758522727275,1574471100.9312952
0.0349431818181818,1574471101.3034108
0.03306773792613634,1574471101.67541
0.030832741477272715,1574471102.0474584
0.03113636363636367,1574471102.4314196
0.02858043323863635,1574471102.803354
0.030672496448863638,1574471103.1753826
0.031134144176136365,1574471103.5473862
0.029873934659090915,1574471103.931352
0.03240900213068183,1574471104.3033695
0.029358575994318202,1574471104.6754067
0.030111416903409075,1574471105.0475204
0.03194380326704547,1574471105.4313717
0.02897904829545455,1574471105.8033843
0.029807350852272742,1574471106.1754265
0.031344992897727256,1574471106.5474157
0.02897682883522727,1574471106.9313812
0.029444247159090896,1574471107.3034525
0.02991566051136365,1574471107.6754775
0.03210271661931821,1574471108.0474694
0.030397727272727274,1574471108.4314337
0.0301864346590909,1574471108.8034768
0.0314510830965909,1574471109.1754856
0.029856622869318193,1574471109.5474849
0.029727450284090913,1574471109.9314606
0.03113192471590909,1574471110.3034756
0.030903320312500003,1574471110.675476
0.02894131747159089,1574471111.0475278
0.03081676136363637,1574471111.431483
0.031438654119318205,1574471111.8034978
0.02869273792613637,1574471112.1755533
0.0302987393465909,1574471112.5475733
0.031578480113636356,1574471112.9315178
0.029192116477272732,1574471113.3035605
0.030302734374999994,1574471113.6755865
0.03758256392045453,1574471114.0475855
0.03203124999999998,1574471114.4315548
0.03141557173295455,1574471114.8035722
0.032365944602272725,1574471115.1755848
0.03012473366477273,1574471115.5475585
0.030091441761363604,1574471115.9315732
0.03166814630681819,1574471116.3036017
0.030752840909090903,1574471116.6756082
0.029620472301136354,1574471117.04761
0.02938964843749997,1574471117.431593
0.03207563920454544,1574471117.8035877
0.028292791193181815,1574471118.1756997
0.030977894176136327,1574471118.5476522
0.0326775568181818,1574471118.931615
0.029980912642045474,1574471119.303618
0.03070046164772728,1574471119.6757145
0.029536576704545466,1574471120.0476673
0.029846857244318157,1574471120.4316316
0.030407936789772726,1574471120.8036742
0.03128684303977273,1574471121.1756802
0.030560635653409097,1574471121.547701
0.029659534801136356,1574471121.9316688
0.03076127485795454,1574471122.303684
0.02989390980113637,1574471122.6757016
0.02949840198863637,1574471123.0477157
0.030351562500000016,1574471123.431763
0.03151367187500001,1574471123.803733
0.029894797585227277,1574471124.1757455
0.030679154829545446,1574471124.5477307
0.03218439275568183,1574471124.9316864
0.029390980113636365,1574471125.3037171
0.03003728693181818,1574471125.6757438
0.03025479403409092,1574471126.0477405
0.02998002485795454,1574471126.4317222
0.031392489346590925,1574471126.8037388
0.0324764737215909,1574471127.1757452
0.030349786931818182,1574471127.5477824
0.030476296164772723,1574471127.9317293
0.031704101562499976,1574471128.3037689
0.029732776988636363,1574471128.6757681
0.030012428977272715,1574471129.0478222
0.028004261363636367,1574471129.4317744
0.029659978693181814,1574471129.8037682
0.029174804687499983,1574471130.1757932
0.029224076704545462,1574471130.5478015
0.04008877840909095,1574471130.9317946
0.02896306818181818,1574471131.303817
0.03452858664772725,1574471131.6757965
0.03371138139204545,1574471132.0478144
0.03009055397727274,1574471132.4318342
0.029554332386363617,1574471132.8038456
0.03143909801136364,1574471133.1758285
0.03047052556818182,1574471133.547851
0.02897194602272727,1574471133.9318187
0.031320134943181824,1574471134.303846
0.031484375,1574471134.6758559
0.02849875710227272,1574471135.0478518
0.029623135653409086,1574471135.4318364
0.03227405894886363,1574471135.8038685
0.028405983664772743,1574471136.175899
0.03080610795454545,1574471136.5479004
0.029676402698863638,1574471136.9318595
0.02907581676136364,1574471137.3038983
0.030157581676136386,1574471137.6758964
0.028749112215909086,1574471138.0479171
0.029896573153409097,1574471138.4319074
0.029535245028409082,1574471138.8039029
0.03127308238636364,1574471139.1759531
0.030218838778409113,1574471139.5479648
0.029040749289772693,1574471139.9318938
0.03039772727272729,1574471140.3039403
0.03056196732954545,1574471140.675954
0.028378018465909097,1574471141.0479815
0.030452769886363657,1574471141.4319496
0.031094637784090925,1574471141.8039567
0.02951526988636363,1574471142.1759849
0.030315163352272734,1574471142.5479827
0.03026811079545456,1574471142.9319627
0.029800692471590902,1574471143.3039849
0.030933061079545444,1574471143.6760082
0.029299094460227285,1574471144.0480115
0.035968128551136354,1574471144.4320078
0.034572088068181815,1574471144.8040926
0.029676846590909085,1574471145.1760926
0.030356001420454533,1574471145.5480807
0.02934170809659093,1574471145.9320502
0.029634232954545457,1574471146.304048
0.03205566406250001,1574471146.6760604
0.028623934659090924,1574471147.0480661
0.029561878551136365,1574471147.432028
0.030813210227272722,1574471147.804065
0.028947088068181824,1574471148.1760848
0.02951526988636364,1574471148.548077
0.031674360795454555,1574471148.9320767
0.030309836647727257,1574471149.304084
0.029832652698863645,1574471149.676081
0.03222922585227274,1574471150.0480983
0.030206409801136352,1574471150.432082
0.02982954545454543,1574471150.8041556
0.03142223011363636,1574471151.1761053
0.03015269886363637,1574471151.5481398
0.028993696732954554,1574471151.932113
0.03228693181818181,1574471152.3041384
0.03126198508522729,1574471152.6761358
0.028964843749999993,1574471153.0481758
0.028274591619318196,1574471153.4321585
0.02973011363636365,1574471153.8041546
0.029539240056818183,1574471154.1761742
0.030677823153409094,1574471154.548175
0.02871892755681818,1574471154.932146
0.029940962357954553,1574471155.304183
0.029539240056818183,1574471155.6761866
0.029535245028409075,1574471156.0482118
0.03096901633522728,1574471156.4321826
0.02923162286931816,1574471156.8041873
0.030261452414772714,1574471157.176227
0.03305131392045452,1574471157.5482535
0.028890269886363625,1574471157.93224
0.030610795454545443,1574471158.3042223
0.03158203124999999,1574471158.676239
0.030006658380681787,1574471159.048387
0.03098100142045454,1574471159.4322593
0.03212801846590909,1574471159.8042765
0.029718572443181827,1574471160.1763685
0.033184037642045465,1574471160.5484192
0.03027210582386364,1574471160.9323034
0.029605823863636357,1574471161.3043194
0.030473188920454534,1574471161.676459
0.03878639914772727,1574471162.048352
0.03066850142045453,1574471162.4324605
0.03304598721590908,1574471162.804366
0.03287109374999997,1574471163.1767104
0.030756392045454536,1574471163.5487046
0.029871271306818187,1574471163.9323883
0.030387517755681836,1574471164.3051982
0.031321910511363626,1574471164.6763728
0.03170942826704545,1574471165.049873
0.028682528409090916,1574471165.4324558
0.033618607954545444,1574471165.8046927
0.03144131747159091,1574471166.1764905
0.031241122159090893,1574471166.5486233
0.02950727982954545,1574471166.9324498
0.04368030894886361,1574471167.3048236
0.04982244318181815,1574471167.6766813
0.03966352982954545,1574471168.048546
0.031181640625000003,1574471168.4324045
0.04042879971590912,1574471168.8044305
0.045306729403409136,1574471169.1764472
0.03864657315340913,1574471169.548448
0.03813698508522728,1574471169.9324179
0.04465687144886364,1574471170.3043942
0.03286976207386364,1574471170.6764483
0.03023970170454544,1574471171.048452
0.03021883877840908,1574471171.432402
0.03195800781249999,1574471171.8044953
0.03221324573863637,1574471172.1764777
0.03549493963068182,1574471172.5484905
0.03074129971590906,1574471172.9324653
0.028886274857954555,1574471173.30449
0.03532848011363638,1574471173.6764543
0.030152698863636362,1574471174.0484796
0.03511008522727274,1574471174.4324594
0.030596590909090924,1574471174.8044963
0.03357688210227274,1574471175.17649
0.032663352272727264,1574471175.5488105
0.030795898437499986,1574471175.9324915
0.030349786931818182,1574471176.3047593
0.0328369140625,1574471176.676529
0.04250799005681817,1574471177.0487268
0.03414284446022727,1574471177.432532
0.028405539772727275,1574471177.8047674
0.03036399147727273,1574471178.177342
0.03469371448863639,1574471178.5487993
0.03448242187499999,1574471178.9329104
0.04248668323863636,1574471179.305189
0.029055397727272718,1574471179.6765983
0.031154563210227294,1574471180.0486326
0.029186345880681815,1574471180.4325967
0.03275967684659092,1574471180.8046117
0.04694469105113637,1574471181.176883
0.05050692471590906,1574471181.5486515
0.03409845525568183,1574471181.932607
0.03375044389204545,1574471182.3046098
0.02981445312500001,1574471182.67677
0.03383744673295455,1574471183.048945
0.038401100852272746,1574471183.4326181
0.033084605823863654,1574471183.8046649
0.033454367897727266,1574471184.1766531
0.035782581676136356,1574471184.5487018
0.0392018821022727,1574471184.9326656
0.03336825284090909,1574471185.3046513
0.03261008522727272,1574471185.6766882
0.03594016335227274,1574471186.0487065
0.03353471235795455,1574471186.432679
0.0308389559659091,1574471186.8047128
0.031145241477272722,1574471187.1769395
0.02849343039772727,1574471187.5490615
0.031459073153409116,1574471187.9332116
0.030941051136363647,1574471188.3046887
0.03135786576704545,1574471188.6768334
0.03136718749999999,1574471189.0492826
0.032682439630681806,1574471189.432767
0.03137606534090909,1574471189.8050363
0.03244895241477272,1574471190.1776412
0.03162686434659093,1574471190.548796
0.031744939630681826,1574471190.932727
