amperes,timestamp
0.030502041903409084,1574471191.3051453
0.03184082031250001,1574471191.6768198
0.030996093749999978,1574471192.0488133
0.05111727627840914,1574471192.432803
0.04438032670454546,1574471192.804786
0.04327503551136362,1574471193.17681
0.05318004261363641,1574471193.5488179
0.0440447443181818,1574471193.93281
0.04016468394886365,1574471194.3048537
0.050271661931818215,1574471194.6768456
0.040101207386363635,1574471195.0488565
0.040823419744318225,1574471195.4327798
0.031252219460227264,1574471195.804849
0.038492542613636355,1574471196.177289
0.03575639204545455,1574471196.5491066
0.0369784268465909,1574471196.9328454
0.03570667613636362,1574471197.3048685
0.03404119318181817,1574471197.6773646
0.02608753551136362,1574471198.0490692
0.026894087357954538,1574471198.432856
0.03328746448863637,1574471198.804907
0.034256480823863664,1574471199.1774106
0.037089399857954564,1574471199.5490637
0.036756480823863624,1574471199.9329746
0.029644442471590916,1574471200.3049214
0.029100230823863642,1574471200.676984
0.029672851562499998,1574471201.048955
0.036680575284090904,1574471201.4329867
0.03804598721590908,1574471201.8053656
0.039673295454545454,1574471202.1771324
0.040911754261363634,1574471202.548936
0.03508300781249998,1574471202.9329333
0.030905539772727277,1574471203.304928
0.03076393821022729,1574471203.676938
0.029544122869318193,1574471204.0489492
0.0296044921875,1574471204.4329536
0.036219815340909116,1574471204.804965
0.037987837357954565,1574471205.1769483
0.03927290482954546,1574471205.5489771
0.043419744318181824,1574471205.9329662
0.04548295454545456,1574471206.3049953
0.04123446377840908,1574471206.676997
0.034259588068181815,1574471207.0490088
0.04017045454545458,1574471207.433008
0.03381214488636368,1574471207.8051481
0.023979048295454556,1574471208.1770418
0.023978604403409088,1574471208.5490284
0.02359286221590909,1574471208.9330106
0.02310236150568181,1574471209.3050668
0.02219682173295456,1574471209.677058
0.021989968039772722,1574471210.0490563
0.020937499999999987,1574471210.4330237
0.0216250887784091,1574471210.80517
0.028204012784090928,1574471211.177124
0.03030450994318182,1574471211.5491083
0.027613192471590907,1574471211.933065
0.033831232244318186,1574471212.3050802
0.03993963068181818,1574471212.6771023
0.03361194957386364,1574471213.0492733
0.03376598011363638,1574471213.4330924
0.030615234374999998,1574471213.8051069
0.027888849431818182,1574471214.17712
0.03830788352272729,1574471214.5494392
0.040676935369318185,1574471214.9332082
0.045345791903409066,1574471215.3056936
0.03892755681818184,1574471215.6771924
0.030324041193181824,1574471216.0491786
0.030287642045454526,1574471216.4333158
0.03737659801136361,1574471216.8051949
0.03746448863636362,1574471217.1772044
0.03233709161931817,1574471217.5492115
0.029864169034090882,1574471217.933165
0.03211958451704545,1574471218.3051608
0.029572531960227286,1574471218.677193
0.028034002130681808,1574471219.0492232
0.028733132102272727,1574471219.433182
0.027511541193181825,1574471219.8052046
0.02932794744318181,1574471220.1778145
0.028859641335227275,1574471220.5492163
0.028073064630681818,1574471220.9332035
0.029658647017045438,1574471221.3052473
0.02816983309659091,1574471221.6773274
0.030814985795454535,1574471222.0492525
0.02845703125,1574471222.4333112
0.02847523082386366,1574471222.8052683
0.03120960582386365,1574471223.1772695
0.02923828125,1574471223.5493116
0.029415838068181807,1574471223.9332604
0.028922230113636357,1574471224.3053055
0.030949485085227296,1574471224.6772976
0.027779208096590895,1574471225.049462
0.028565340909090887,1574471225.4332724
0.028082386363636355,1574471225.805299
0.030419477982954548,1574471226.1773472
0.030160245028409093,1574471226.5493371
0.030030628551136362,1574471226.9332922
0.033817471590909094,1574471227.3053184
0.03142711292613635,1574471227.6773353
0.02970348011363636,1574471228.0495126
0.02690474076704545,1574471228.4335577
0.029880593039772727,1574471228.8054059
0.03023970170454546,1574471229.1773772
0.028227539062500015,1574471229.5494287
0.028122780539772733,1574471229.9333777
0.030393288352272736,1574471230.3056588
0.02704900568181817,1574471230.6781626
0.0269766512784091,1574471231.0498016
0.028446821732954545,1574471231.4333966
0.028476118607954556,1574471231.8056867
0.027522638494318165,1574471232.1775522
0.026006303267045443,1574471232.5495195
0.02811168323863636,1574471232.933519
0.02901367187500003,1574471233.3054352
0.027503107244318176,1574471233.6776028
0.026881214488636365,1574471234.0495
0.030138494318181823,1574471234.4334683
0.027189275568181827,1574471234.805469
0.02692027698863636,1574471235.1775243
0.027404563210227245,1574471235.549506
0.027214133522727273,1574471235.9335635
0.02763316761363635,1574471236.3057828
0.026147017045454538,1574471236.677675
0.026510120738636355,1574471237.0496135
0.027680664062500002,1574471237.433492
0.027577681107954558,1574471237.805511
0.02664240056818183,1574471238.1775298
0.02747292258522727,1574471238.5496335
0.026313476562499993,1574471238.9334943
0.02867054332386362,1574471239.3055375
0.02721191406249998,1574471239.6775565
0.028076615767045458,1574471240.0496016
0.02751242897727272,1574471240.4335139
0.02654474431818182,1574471240.8058197
0.02677778764204546,1574471241.1779003
0.02731711647727274,1574471241.5496664
0.02706498579545456,1574471241.933784
0.026400035511363638,1574471242.3055627
0.028484108664772734,1574471242.677548
0.026394264914772734,1574471243.0496085
0.02761319247159093,1574471243.433567
0.026591796874999987,1574471243.8055856
0.027496892755681818,1574471244.1776063
0.024540571732954534,1574471244.5496264
0.027469371448863623,1574471244.9335635
0.0263680752840909,1574471245.305631
0.028387784090909106,1574471245.6776252
0.025685369318181817,1574471246.049639
0.02732111150568184,1574471246.433631
0.026945134943181827,1574471246.8056629
0.03474653764204545,1574471247.177648
0.02760875355113636,1574471247.5496616
0.026749378551136353,1574471247.9336338
0.028119229403409114,1574471248.305647
0.02990456321022727,1574471248.6776936
0.03437366832386363,1574471249.049698
0.029297318892045447,1574471249.4336798
0.028096147017045468,1574471249.8056998
0.02775967684659092,1574471250.1776958
0.03172674005681819,1574471250.5497582
0.028104580965909072,1574471250.9336925
0.02719238281249999,1574471251.3057103
0.027926580255681833,1574471251.6777453
0.029268022017045436,1574471252.049753
0.026214488636363657,1574471252.433721
0.025948597301136366,1574471252.8057475
0.026807528409090908,1574471253.177759
0.02658780184659091,1574471253.54978
0.028113902698863637,1574471253.9338415
0.026808416193181826,1574471254.305857
0.027496448863636343,1574471254.6778383
0.02794122869318183,1574471255.04981
0.02658203125,1574471255.4337661
0.026329900568181828,1574471255.805781
0.02633478338068182,1574471256.1778193
0.0297159090909091,1574471256.5498323
0.027192826704545457,1574471256.9337902
0.03440562855113636,1574471257.305824
0.035101207386363624,1574471257.6778436
0.02787286931818181,1574471258.0498312
0.025822531960227275,1574471258.4338167
0.026637517755681822,1574471258.8058543
0.026147017045454544,1574471259.1778452
0.02695756392045454,1574471259.5498748
0.025956143465909076,1574471259.9338439
0.026826171875000013,1574471260.305825
0.025427024147727264,1574471260.677887
0.025825195312500007,1574471261.0498934
0.027692649147727275,1574471261.4338524
0.026942027698863648,1574471261.8058822
0.027213689630681787,1574471262.177917
0.028041104403409112,1574471262.549917
0.025971235795454538,1574471262.9338725
0.02623002485795453,1574471263.3058934
0.02771084872159089,1574471263.6779358
0.02808105468749998,1574471264.0499315
0.027846679687500004,1574471264.4339223
0.02581898082386361,1574471264.8059347
0.027548384232954547,1574471265.1779308
0.027173739346590904,1574471265.549953
0.026374733664772738,1574471265.933939
0.026707652698863632,1574471266.305948
0.027923916903409094,1574471266.677988
0.027046786221590898,1574471267.04999
0.026385830965909095,1574471267.4340186
0.026688565340909087,1574471267.8059661
0.028904030539772727,1574471268.178004
0.02702148437499997,1574471268.5500312
0.026566051136363636,1574471268.9339833
0.0287890625,1574471269.3060014
0.027393465909090912,1574471269.6780338
0.026792879971590907,1574471270.050024
0.027038796164772724,1574471270.4340122
0.029442027698863647,1574471270.8060544
0.027544833096590924,1574471271.1780317
0.02634188565340908,1574471271.5500424
0.027594992897727277,1574471271.9340103
0.02739124644886362,1574471272.3060563
0.02749600497159091,1574471272.6780846
0.027596768465909083,1574471273.0500886
0.027669122869318163,1574471273.4340281
0.027538618607954538,1574471273.8060718
0.025773259943181807,1574471274.1781032
0.027427201704545438,1574471274.5502095
0.028599076704545458,1574471274.9340987
0.027290926846590926,1574471275.3060968
0.027382812500000003,1574471275.6781912
0.028145419034090905,1574471276.0501854
0.027635830965909092,1574471276.4341674
0.026451970880681838,1574471276.80616
0.03180308948863635,1574471277.1781394
0.02977139559659091,1574471277.550138
0.028793945312500006,1574471277.9341211
0.030383078835227274,1574471278.3061752
0.029223188920454547,1574471278.6781602
0.028254172585227263,1574471279.0501854
0.02805175781250001,1574471279.434148
0.02610218394886364,1574471279.8061464
0.02698286576704544,1574471280.178192
0.02934082031249999,1574471280.550206
0.02691938920454545,1574471280.9341674
0.02685191761363637,1574471281.306179
0.028833895596590903,1574471281.678203
0.026702769886363657,1574471282.0502121
0.02665971235795453,1574471282.4341965
0.026887428977272736,1574471282.8062313
0.028537375710227273,1574471283.1782298
0.027321555397727265,1574471283.550239
0.02653852982954545,1574471283.9342096
0.027970525568181828,1574471284.306235
0.027769886363636337,1574471284.6782613
0.026977095170454525,1574471285.050311
0.027993607954545457,1574471285.434249
0.028775301846590887,1574471285.8062496
0.02817249644886365,1574471286.1782713
0.027119140625000003,1574471286.5503132
0.028887606534090927,1574471286.9343002
0.027709073153409067,1574471287.3062835
0.028188920454545446,1574471287.6782978
0.02718217329545454,1574471288.050295
0.029641779119318173,1574471288.4342937
0.02812766335227276,1574471288.8063421
0.028753551136363645,1574471289.1783078
0.029897017045454544,1574471289.5503228
0.02913041548295454,1574471289.934312
0.03207963423295453,1574471290.3063245
0.03056107954545454,1574471290.6783483
0.02985484730113637,1574471291.0503433
0.030408380681818184,1574471291.4343176
0.030622336647727275,1574471291.8063507
0.02910822088068183,1574471292.1783772
0.02731489701704545,1574471292.5503778
0.028451260653409086,1574471292.9343538
0.029356800426136375,1574471293.306386
0.02899813565340909,1574471293.678403
0.02702725497159093,1574471294.0503838
0.02949973366477272,1574471294.4343987
0.029087801846590922,1574471294.8063977
0.028104137073863618,1574471295.1784008
0.028215553977272732,1574471295.5504344
0.029859286221590887,1574471295.9344091
0.028023792613636366,1574471296.3064494
0.02743741122159091,1574471296.6784487
0.0291796875,1574471297.0504744
0.027667791193181815,1574471297.4345267
0.027730379971590915,1574471297.80644
0.027625177556818172,1574471298.178532
0.030573952414772728,1574471298.5505364
0.027863103693181814,1574471298.9344816
0.027754350142045463,1574471299.3064795
0.025933948863636362,1574471299.6785
0.028526722301136367,1574471300.0505333
0.027333540482954544,1574471300.4344773
0.028680308948863635,1574471300.8065042
0.02806995738636361,1574471301.1785195
0.028260387073863625,1574471301.5505223
0.027054776278409076,1574471301.9345121
0.02942338423295452,1574471302.3065004
0.028741122159090908,1574471302.6785414
0.028023792613636366,1574471303.050561
0.027162642045454547,1574471303.4345164
0.02951260653409091,1574471303.8065305
0.027958540482954555,1574471304.178594
0.02899147727272727,1574471304.55058
0.0325186434659091,1574471304.9345489
0.028526722301136346,1574471305.3065479
0.02770774147727272,1574471305.678594
0.029043412642045453,1574471306.0506122
0.03010520241477272,1574471306.4345787
0.027951438210227265,1574471306.8066008
0.02926624644886363,1574471307.1785913
0.03005459872159091,1574471307.550624
0.028768199573863645,1574471307.9345858
0.027954989346590933,1574471308.3066146
0.03215021306818182,1574471308.6786335
0.03160111860795453,1574471309.0506709
0.028304332386363634,1574471309.4346209
0.033185369318181814,1574471309.8066278
0.03336736505681816,1574471310.1788104
0.030356001420454554,1574471310.550701
0.0283438387784091,1574471310.934656
0.028020685369318187,1574471311.3066628
0.02922984730113636,1574471311.6787076
0.02862171519886365,1574471312.050689
0.027691317471590916,1574471312.4346583
0.02739346590909091,1574471312.806705
0.029937855113636343,1574471313.1786783
0.028425071022727268,1574471313.550729
0.028150301846590894,1574471313.9346962
0.028148526278409098,1574471314.3067293
0.030390625,1574471314.6787336
0.027711292613636352,1574471315.050765
0.02841841264204543,1574471315.4347315
0.030175337357954544,1574471315.8067157
0.028675426136363626,1574471316.178754
0.028395774147727277,1574471316.5507848
0.031119939630681836,1574471316.9347472
0.028595081676136377,1574471317.3067513
0.027405007102272717,1574471317.6787913
0.027950994318181807,1574471318.0507872
0.029411399147727276,1574471318.4347696
0.02764382102272727,1574471318.8068042
0.029476651278409087,1574471319.17878
0.02917302911931818,1574471319.5508673
0.02835449218749999,1574471319.9348342
0.029762961647727272,1574471320.3068273
0.02864568536931818,1574471320.6788325
0.03019930752840906,1574471321.0508156
0.0271044921875,1574471321.4347994
0.028987482244318175,1574471321.8068035
0.0305779474431818,1574471322.1789079
0.029783824573863655,1574471322.5508244
0.030295188210227263,1574471322.9348037
0.029468217329545455,1574471323.3068285
0.030039506392045466,1574471323.6789377
0.02922185724431819,1574471324.05086
0.031220703124999995,1574471324.434846
0.03061301491477273,1574471324.8068845
0.028811700994318196,1574471325.1788805
0.02965376420454545,1574471325.5509074
0.03221901633522729,1574471325.93488
0.029526367187500013,1574471326.3069396
0.031435990767045466,1574471326.6789043
0.03169566761363637,1574471327.0509253
0.02981178977272726,1574471327.4349115
0.0301229580965909,1574471327.806904
0.02940252130681817,1574471328.1789346
0.0332492897727273,1574471328.5509698
0.03350275213068181,1574471328.934904
0.028073064630681842,1574471329.3069353
0.03734419389204549,1574471329.6789641
0.032768998579545454,1574471330.0509608
0.02965376420454546,1574471330.4349408
0.03208229758522726,1574471330.806968
0.03023304332386364,1574471331.1789513
0.029957830255681828,1574471331.5509932
0.032144886363636375,1574471331.934963
0.0314248934659091,1574471332.3070006
0.02912642045454545,1574471332.67899
0.029595170454545464,1574471333.051015
0.031160333806818184,1574471333.4350019
0.029695933948863627,1574471333.8070369
0.030021750710227276,1574471334.1790402
0.03291592684659093,1574471334.5510466
0.029735440340909067,1574471334.935009
0.030997425426136378,1574471335.307036
0.03125221946022727,1574471335.6790597
0.030100763494318193,1574471336.051076
0.030124289772727297,1574471336.4350674
0.030401722301136382,1574471336.8070927
0.030460759943181835,1574471337.1790943
0.029618252840909083,1574471337.5511086
0.030756392045454547,1574471337.9351048
0.030716441761363626,1574471338.3070784
0.028595969460227258,1574471338.67912
0.030232155539772747,1574471339.0511363
0.03289328835227272,1574471339.4351006
0.029817116477272733,1574471339.8071222
0.03608886718750002,1574471340.1791298
0.0350403941761364,1574471340.551166
0.029329723011363648,1574471340.9351256
0.033878284801136374,1574471341.3072217
0.031922052556818195,1574471341.6792178
0.029641779119318194,1574471342.0512211
0.028797496448863622,1574471342.4351742
0.02976118607954547,1574471342.8071625
0.03140625000000001,1574471343.1792061
0.03145774147727272,1574471343.5512078
0.028629705255681828,1574471343.9351697
0.029280007102272736,1574471344.3071752
0.03371715198863636,1574471344.679208
0.028796164772727274,1574471345.0512302
0.030960138494318182,1574471345.435207
0.02700949928977272,1574471345.8071754
0.030417702414772745,1574471346.1792426
0.029667080965909098,1574471346.5512555
0.02989701704545453,1574471346.9351873
0.03207253196022728,1574471347.3072388
0.028900479403409087,1574471347.6792593
0.03148437500000001,1574471348.0512912
0.031550514914772725,1574471348.4352527
0.029588512073863635,1574471348.8072798
0.03170410156249999,1574471349.1792767
0.03287952769886363,1574471349.551296
0.029948064630681833,1574471349.935284
0.030763494318181827,1574471350.3072793
0.03174893465909091,1574471350.6792982
0.029786487926136355,1574471351.0513191
0.030849609375000035,1574471351.435299
0.031495028409090894,1574471351.8072891
0.03046164772727272,1574471352.179327
0.03466885653409091,1574471352.5513399
0.03177068536931817,1574471352.9353182
0.03064808238636364,1574471353.3073251
0.03240456321022727,1574471353.6793602
0.03241610440340909,1574471354.0513551
0.03102716619318182,1574471354.4353447
0.0317715731534091,1574471354.807357
0.030004438920454554,1574471355.1793668
0.031404918323863634,1574471355.551383
0.029307528409090903,1574471355.9353626
0.02994762073863636,1574471356.3073578
0.03153542258522729,1574471356.6793964
0.029584960937499984,1574471357.0514066
0.029895685369318168,1574471357.4353857
0.030118519176136355,1574471357.8073857
0.029659534801136363,1574471358.1794286
0.030251242897727255,1574471358.5514514
0.030980557528409083,1574471358.9354107
0.029898348721590907,1574471359.3074257
0.03040704900568182,1574471359.6794631
0.03173694957386364,1574471360.0514464
0.030308948863636373,1574471360.4354303
0.029498845880681832,1574471360.8074536
0.03048694957386364,1574471361.179463
0.030673384232954556,1574471361.551503
0.02929687499999998,1574471361.9354846
0.02998845880681819,1574471362.3074598
0.03178400213068182,1574471362.6794786
0.028954190340909094,1574471363.0515666
0.030006214488636353,1574471363.4355092
0.03184703480113639,1574471363.8075566
0.029659090909090906,1574471364.1795328
0.03177823153409091,1574471364.5515423
0.029412286931818188,1574471364.9355023
0.02961159446022727,1574471365.307506
0.02951615767045455,1574471365.6795576
0.033019797585227294,1574471366.0515711
0.03038130326704546,1574471366.4355097
0.03078657670454545,1574471366.8075426
0.031081764914772728,1574471367.1795614
0.030826970880681828,1574471367.551573
0.02933815696022726,1574471367.9355605
0.029978249289772725,1574471368.3075733
0.03227095170454544,1574471368.6795704
0.028520063920454548,1574471369.051585
0.02945312500000001,1574471369.435599
0.03294433593750001,1574471369.8075938
0.029869495738636374,1574471370.1795914
0.03009188565340907,1574471370.551625
0.03016645951704546,1574471370.9355783
0.02943093039772727,1574471371.3076067
0.03765935724431818,1574471371.6796339
0.03217373934659092,1574471372.0516326
0.03023215553977274,1574471372.4355955
0.03225763494318184,1574471372.8076344
0.03378995028409091,1574471373.1796703
0.02929465553977274,1574471373.5516722
0.028805486505681804,1574471373.9356678
0.030660955255681806,1574471374.3076766
0.0268368252840909,1574471374.6797009
0.030452769886363636,1574471375.0516915
0.02977405894886362,1574471375.4356835
0.031132368607954528,1574471375.8076916
0.030297851562500012,1574471376.1797183
0.030107421875000012,1574471376.5517485
0.030456321022727273,1574471376.9356706
0.03155717329545456,1574471377.3077059
0.03058416193181818,1574471377.6797411
0.02949618252840911,1574471378.0517519
0.03151100852272726,1574471378.4357002
0.030399058948863633,1574471378.807723
0.02927512428977273,1574471379.1797557
0.03159002130681818,1574471379.551755
0.03100230823863636,1574471379.9357436
0.029496626420454544,1574471380.3077583
0.029545898437500023,1574471380.6797788
0.031558948863636374,1574471381.0517752
0.028693181818181805,1574471381.4357703
0.030752397017045456,1574471381.8077812
0.032788973721590904,1574471382.1797888
0.032607421874999994,1574471382.5518117
0.03200017755681817,1574471382.9357688
0.031188299005681815,1574471383.3078055
0.029501509232954536,1574471383.679882
0.02943936434659091,1574471384.0518458
0.03154119318181818,1574471384.4357872
0.030295188210227256,1574471384.8078978
0.029228959517045475,1574471385.1798975
0.02909357244318183,1574471385.5519056
0.031582475142045464,1574471385.9358711
0.028721147017045433,1574471386.3078582
0.030170454545454528,1574471386.6798692
0.0308633700284091,1574471387.0518842
0.029290660511363625,1574471387.4358785
0.030741299715909116,1574471387.8078656
0.028254172585227267,1574471388.179896
0.029973366477272733,1574471388.5519085
0.029307528409090927,1574471388.9358656
0.02919122869318178,1574471389.3079033
0.03217151988636363,1574471389.6799095
0.029071377840909084,1574471390.0519202
0.029907670454545468,1574471390.4359126
0.03290438565340909,1574471390.8079295
0.02944291548295455,1574471391.1799417
0.03097700639204545,1574471391.5519562
0.031797762784090904,1574471391.9359343
0.029191672585227292,1574471392.3079498
0.030550870028409085,1574471392.6799495
0.03072487571022727,1574471393.051994
0.029459783380681833,1574471393.4359615
0.030579723011363642,1574471393.8079646
0.03042613636363637,1574471394.1799965
0.03008522727272727,1574471394.5520015
0.030931285511363642,1574471394.9359713
0.030540660511363633,1574471395.3079946
0.03159756747159093,1574471395.6800158
0.02975630326704547,1574471396.0520194
0.029401189630681814,1574471396.4359915
0.028666104403409085,1574471396.8080251
0.028626154119318167,1574471397.1800184
0.029566761363636347,1574471397.5520456
0.03139648437499999,1574471397.93603
0.029588955965909096,1574471398.3080142
0.029137961647727265,1574471398.680046
0.032203480113636364,1574471399.0520837
0.030194424715909073,1574471399.4360666
0.029922762784090912,1574471399.8080535
0.029209428267045458,1574471400.1800876
0.027671342329545448,1574471400.5521107
0.03015935724431817,1574471400.9360573
0.02932395241477273,1574471401.3081
0.02969282670454546,1574471401.6800997
0.04200328480113637,1574471402.052119
0.029571644176136364,1574471402.4360905
0.03514026988636364,1574471402.808108
0.03034224076704545,1574471403.1801116
0.030025745738636363,1574471403.5521536
0.029704811789772745,1574471403.9361444
0.030625443892045447,1574471404.3081496
0.03163174715909091,1574471404.6801438
0.02899147727272728,1574471405.0521648
0.029112215909090893,1574471405.4361575
0.029834428267045444,1574471405.8081574
0.028317649147727282,1574471406.1801825
0.031083540482954534,1574471406.5522807
0.029667080965909108,1574471406.9362288
0.029780717329545466,1574471407.3082504
0.03094105113636363,1574471407.680236
0.028559570312500004,1574471408.0522408
0.029870827414772722,1574471408.436192
0.02951571377840909,1574471408.8082073
0.030301402698863632,1574471409.1802123
0.029877485795454566,1574471409.5522473
0.03068270596590911,1574471409.9362001
0.031675692471590904,1574471410.308228
0.030488725142045436,1574471410.6802375
0.028938654119318168,1574471411.0522828
0.031680575284090906,1574471411.4362576
0.030648970170454547,1574471411.8083303
0.028769087357954526,1574471412.1802733
0.03081676136363637,1574471412.5522995
0.031396484375000006,1574471412.9362526
0.02875044389204545,1574471413.3082888
0.03026056463068181,1574471413.680313
0.03153897372159091,1574471414.052308
0.028770419034090906,1574471414.4362772
0.03094193892045455,1574471414.8082998
0.028634144176136387,1574471415.180296
0.029891690340909074,1574471415.5523386
0.03157359730113635,1574471415.9363167
0.031237571022727256,1574471416.3083246
0.03134099786931818,1574471416.6803353
0.029306196732954547,1574471417.0523484
0.030533114346590902,1574471417.4363496
0.0310808771306818,1574471417.8083565
0.031166992187500006,1574471418.180368
0.030905095880681813,1574471418.552381
0.031660156250000016,1574471418.9363492
0.030624556107954552,1574471419.3083837
0.030073686079545463,1574471419.6803925
0.029803355823863644,1574471420.0524006
0.030132279829545472,1574471420.4363728
0.03011097301136365,1574471420.808396
0.030187322443181824,1574471421.1804287
0.032159978693181816,1574471421.552505
0.031044034090909084,1574471421.9364183
0.029422496448863657,1574471422.3084598
0.031009854403409105,1574471422.6804235
0.031100852272727266,1574471423.0524611
0.029782049005681818,1574471423.4364393
0.030340021306818205,1574471423.8084395
0.03233620383522727,1574471424.1804488
0.029076260653409083,1574471424.5524862
0.032161754261363605,1574471424.9364278
0.030767489346590897,1574471425.3084655
0.029992897727272715,1574471425.6804962
0.030875355113636354,1574471426.0524993
0.031065340909090917,1574471426.436471
0.029912553267045453,1574471426.8084815
0.029493519176136365,1574471427.1805031
0.03180175781250001,1574471427.5525308
0.029716796874999986,1574471427.936507
0.029285333806818196,1574471428.3085063
0.03240323153409091,1574471428.680591
0.030309836647727278,1574471429.0526118
0.028588423295454555,1574471429.4365628
0.03229403409090907,1574471429.8085623
0.03258789062499997,1574471430.1805613
0.02860040838068184,1574471430.552573
0.03028098366477273,1574471430.9365616
0.030569957386363648,1574471431.3085601
0.029212091619318186,1574471431.6805847
0.029732776988636352,1574471432.0525897
0.030642755681818176,1574471432.4365602
0.03297141335227274,1574471432.808586
0.0358145419034091,1574471433.1806047
0.031358309659090915,1574471433.5526173
0.03498579545454549,1574471433.9366007
0.030838512073863643,1574471434.3085856
0.031216264204545444,1574471434.6806295
0.03267178622159092,1574471435.0526414
0.02969682173295455,1574471435.4366243
0.030594815340909083,1574471435.8086185
0.03249733664772728,1574471436.180655
0.030503817471590908,1574471436.5526686
0.031214044744318176,1574471436.9366238
0.03163707386363637,1574471437.3086743
0.030569957386363637,1574471437.680692
0.031629083806818184,1574471438.0526628
0.030886008522727285,1574471438.4366503
0.03035955255681819,1574471438.8086748
0.03152610085227271,1574471439.180688
0.027397460937499996,1574471439.5527205
0.03106400923295454,1574471439.9367015
0.029479314630681812,1574471440.308712
0.02794211647727272,1574471440.6807065
0.029912109375000016,1574471441.052738
0.029089133522727274,1574471441.4367213
0.029697265625000007,1574471441.8087249
0.028109907670454546,1574471442.1807756
0.03101828835227271,1574471442.552767
0.029614701704545457,1574471442.93671
0.030012428977272722,1574471443.3087394
0.03107910156250001,1574471443.680771
0.030375088778409064,1574471444.0527549
0.031517223011363615,1574471444.436744
0.031384943181818184,1574471444.8087578
0.030286754261363645,1574471445.1807952
0.030955699573863623,1574471445.5527892
0.03126686789772726,1574471445.9367537
0.030769708806818185,1574471446.3087976
0.030080788352272726,1574471446.680786
0.03073908025568183,1574471447.0528102
0.030378639914772722,1574471447.4367867
0.029451349431818208,1574471447.8087924
0.03116743607954544,1574471448.1808643
0.03157448508522727,1574471448.5528424
0.028955078124999995,1574471448.9367902
0.029861505681818175,1574471449.3088303
0.03167036576704544,1574471449.6808732
0.03015625,1574471450.0528486
0.03032137784090908,1574471450.4369042
0.03197176846590909,1574471450.8088965
0.02975985440340908,1574471451.1809173
0.03132412997159089,1574471451.552953
0.032046786221590906,1574471451.936858
0.029691051136363632,1574471452.308892
0.0310635653409091,1574471452.6809044
0.03174804687500001,1574471453.0528984
0.029979580965909112,1574471453.4368799
0.03078080610795453,1574471453.8088794
0.030597478693181836,1574471454.1809456
0.03010120738636365,1574471454.5529308
0.03109374999999998,1574471454.9369242
0.031013405539772734,1574471455.3089156
0.030338689630681814,1574471455.680938
0.029644442471590888,1574471456.052946
0.03153542258522727,1574471456.4369226
0.030963689630681808,1574471456.80895
0.028953746448863636,1574471457.180993
0.03199795809659091,1574471457.5530095
0.031357421875,1574471457.9369445
0.028569335937499992,1574471458.308979
0.03163707386363638,1574471458.6809697
0.03306418678977275,1574471459.0530033
0.028810369318181827,1574471459.4369807
0.03293501420454546,1574471459.8090143
0.03064675071022729,1574471460.181019
0.034164151278409084,1574471460.5530257
0.029830877130681836,1574471460.9370124
0.031559836647727275,1574471461.309031
0.03103116122159091,1574471461.6810308
0.029695046164772733,1574471462.0530393
0.03140403053977273,1574471462.4370155
0.031112393465909098,1574471462.80904
0.028718039772727296,1574471463.181064
0.03946022727272727,1574471463.5530727
0.03106489701704546,1574471463.9370522
0.030230379971590917,1574471464.3091114
0.03388227982954546,1574471464.681111
0.03275435014204544,1574471465.0531178
0.030835848721590915,1574471465.4371133
0.029264914772727274,1574471465.809143
0.030288529829545465,1574471466.1811445
0.031518110795454544,1574471466.5531797
0.02844948508522727,1574471466.9371355
0.03209117542613636,1574471467.309136
0.02881347656249999,1574471467.6811528
0.029905894886363627,1574471468.0531604
0.029650213068181833,1574471468.4371374
0.03434703480113634,1574471468.8091671
0.029924538352272715,1574471469.181185
0.032602095170454544,1574471469.553208
0.032467595880681814,1574471469.93716
0.043967950994318224,1574471470.309192
0.052060546875000016,1574471470.6811926
0.04792302911931821,1574471471.0531948
0.04158469460227274,1574471471.4372194
0.0398446377840909,1574471471.8092296
0.031162997159090895,1574471472.1812928
0.032242986505681845,1574471472.5532842
0.043245738636363655,1574471472.9372575
0.03914950284090907,1574471473.309252
0.042903941761363626,1574471473.6812634
0.040635209517045454,1574471474.053249
0.03776012073863637,1574471474.43724
0.026908735795454546,1574471474.8092914
0.04096679687499998,1574471475.1813128
0.03682661576704547,1574471475.553279
0.03860174005681815,1574471475.9372542
0.04211381392045454,1574471476.3092628
0.03770685369318183,1574471476.6813004
0.039962713068181804,1574471477.0534134
0.0430229048295455,1574471477.437258
0.0332919034090909,1574471477.8092651
0.046355202414772735,1574471478.181302
0.030904651988636376,1574471478.5533335
0.030982333096590892,1574471478.9372628
0.031378284801136365,1574471479.309313
0.03590154474431816,1574471479.681325
0.037345969460227287,1574471480.0533223
0.03902166193181816,1574471480.43734
0.036726296164772694,1574471480.8093483
0.028466352982954534,1574471481.1813698
0.03126819957386363,1574471481.5534372
0.030662730823863622,1574471481.9373424
0.04418545809659091,1574471482.309382
0.0367911044034091,1574471482.681383
0.0297665127840909,1574471483.053402
0.030614346590909097,1574471483.4373684
0.03293412642045456,1574471483.8093596
0.03537642045454546,1574471484.1813931
0.038964399857954544,1574471484.5534394
0.03980024857954541,1574471484.937398
0.030432794744318165,1574471485.309385
0.0296151455965909,1574471485.681413
0.030993430397727277,1574471486.0534139
0.0406964666193182,1574471486.4374075
0.0472420987215909,1574471486.8094203
0.03704323508522727,1574471487.1814713
0.030850497159090898,1574471487.5534422
0.033175159801136354,1574471487.9374273
0.030519353693181813,1574471488.309448
0.03410777698863637,1574471488.6814597
0.03809392755681817,1574471489.0535295
0.032322887073863646,1574471489.4374604
0.03270285866477274,1574471489.8094702
0.03474831321022727,1574471490.1814895
0.04179953835227276,1574471490.5535233
0.03412952769886362,1574471490.9374654
0.03344593394886365,1574471491.30948
0.03489302201704546,1574471491.6814997
0.0306201171875,1574471492.053553
0.032698419744318176,1574471492.437491
0.031704989346590946,1574471492.8095198
0.029621803977272723,1574471493.1815665
0.03101029829545456,1574471493.5535579
0.03212180397727273,1574471493.937589
0.03189719460227274,1574471494.309616
0.03282226562499998,1574471494.6816034
0.03350497159090908,1574471495.053601
0.0324240944602273,1574471495.4375463
0.03189497514204546,1574471495.8098233
0.028112571022727247,1574471496.181582
0.032303799715909076,1574471496.553633
0.03128373579545457,1574471496.9376302
