amperes,timestamp
0.04067604758522728,1574523355.710845
0.041016068892045454,1574523356.0828702
0.038217329545454544,1574523356.4668322
0.04803488991477273,1574523356.838842
0.059334605823863636,1574523357.2109356
0.0686958451704546,1574523357.5828643
0.06396839488636366,1574523357.9668734
0.07296209161931821,1574523358.338897
0.0593075284090909,1574523358.7108498
0.04791859019886366,1574523359.0828679
0.043737571022727274,1574523359.4668884
0.05885165127840909,1574523359.8388553
0.03997381036931818,1574523360.2111685
0.04959073153409092,1574523360.5828965
0.04857155539772724,1574523360.9669154
0.0641823508522727,1574523361.3388615
0.07970303622159092,1574523361.7108881
0.07033158735795454,1574523362.0829582
0.06623357599431817,1574523362.4668741
0.07038973721590912,1574523362.838945
0.06430930397727273,1574523363.2109265
0.05726784446022722,1574523363.5829244
0.050107865767045415,1574523363.966901
0.04958851207386366,1574523364.3389304
0.048552911931818175,1574523364.7109208
0.0462917258522727,1574523365.082954
0.04694557883522727,1574523365.4669666
0.042489790482954544,1574523365.8389802
0.0477010830965909,1574523366.2110052
0.048401544744318174,1574523366.5830271
0.06061834161931818,1574523366.9670188
0.06156693892045456,1574523367.3389978
0.04821377840909091,1574523367.711054
0.040781693892045445,1574523368.083052
0.04054243607954547,1574523368.466998
0.03722256747159088,1574523368.8390455
0.04148393110795454,1574523369.2110634
0.04926846590909092,1574523369.5830371
0.050847833806818205,1574523369.96704
0.051885653409090945,1574523370.3390265
0.04245916193181817,1574523370.711062
0.04051890980113633,1574523371.083078
0.036873224431818175,1574523371.4670696
0.04550026633522728,1574523371.8390672
0.04523126775568182,1574523372.211084
0.046875443892045475,1574523372.5830984
0.04401988636363635,1574523372.9670908
0.047992720170454556,1574523373.3390734
0.0464777166193182,1574523373.7111669
0.04490811434659091,1574523374.0831406
0.04227672230113638,1574523374.4671063
0.04781205610795456,1574523374.8391461
0.04317915482954546,1574523375.2112062
0.03936967329545454,1574523375.5832183
0.03904829545454546,1574523375.9671998
0.037552823153409104,1574523376.3391767
0.039224076704545426,1574523376.7111833
0.03655273437500001,1574523377.0831792
0.03915882457386362,1574523377.4671504
0.04391113281249996,1574523377.8391798
0.03771439985795456,1574523378.2111719
0.037368607954545455,1574523378.5831904
0.03682750355113638,1574523378.967187
0.03477716619318182,1574523379.33918
0.03646795099431817,1574523379.711186
0.03786576704545452,1574523380.0832179
0.0371102627840909,1574523380.4671931
0.03329589843749998,1574523380.83921
0.037644264914772727,1574523381.211243
0.03551846590909091,1574523381.583227
0.03767045454545452,1574523381.967233
0.03617098721590909,1574523382.3392622
0.03609996448863635,1574523382.711249
0.03770330255681818,1574523383.0832665
0.03372558593749998,1574523383.467242
0.03411843039772727,1574523383.8392918
0.03470392400568182,1574523384.2112849
0.037085404829545456,1574523384.5832906
0.034662642045454564,1574523384.9673088
0.037135120738636375,1574523385.3392892
0.035759499289772706,1574523385.7112925
0.03912863991477273,1574523386.0833678
0.03506569602272728,1574523386.4672852
0.035388405539772703,1574523386.8393118
0.03831054687500001,1574523387.211314
0.035291193181818184,1574523387.5833328
0.03469105113636366,1574523387.9673157
0.032678000710227265,1574523388.3393378
0.03769486860795455,1574523388.7113576
0.03613236860795456,1574523389.0833504
0.037089399857954564,1574523389.4673278
0.03606844815340908,1574523389.8393657
0.04285688920454546,1574523390.2113574
0.04230202414772725,1574523390.5837138
0.036418235085227284,1574523390.9673352
0.03620827414772729,1574523391.3393621
0.035189098011363634,1574523391.7113786
0.03808416193181816,1574523392.0833986
0.036901189630681806,1574523392.4674094
0.03669122869318181,1574523392.839436
0.034580078124999976,1574523393.2114534
0.034234286221590894,1574523393.5834372
0.03920410156250002,1574523393.9673777
0.06902654474431819,1574523394.3394673
0.057474254261363676,1574523394.7114952
0.039784712357954555,1574523395.0834646
0.03972833806818184,1574523395.4674242
0.03281205610795453,1574523395.839446
0.0208700284090909,1574523396.2114527
0.018695401278409095,1574523396.5836031
0.021980202414772713,1574523396.9675117
0.019141068892045445,1574523397.339508
0.01548428622159091,1574523397.7115216
0.019129971590909095,1574523398.083528
0.01352095170454546,1574523398.4674757
0.014924982244318185,1574523398.8394985
0.019469992897727276,1574523399.211557
0.015326704545454543,1574523399.5835266
0.016929598721590906,1574523399.967715
0.017153764204545462,1574523400.339524
0.015406161221590917,1574523400.71154
0.019793146306818186,1574523401.0835218
0.013113458806818181,1574523401.467499
0.013210227272727266,1574523401.839567
0.015803444602272725,1574523402.21155
0.012637162642045454,1574523402.58358
0.016279296874999995,1574523402.9675753
0.016276189630681816,1574523403.339584
0.013250177556818175,1574523403.7115505
0.014294655539772728,1574523404.0835793
0.014923650568181804,1574523404.4677236
0.01557927911931819,1574523404.8395693
0.016987748579545457,1574523405.2116096
0.013232865767045448,1574523405.58361
0.013608398437500004,1574523405.9675782
0.01578125000000001,1574523406.3395815
0.013180486505681823,1574523406.7116084
0.016687233664772733,1574523407.0836086
0.01592551491477271,1574523407.467589
0.013154740767045448,1574523407.8396184
0.014688387784090907,1574523408.2116203
0.013733132102272725,1574523408.5836337
0.016141246448863632,1574523408.967648
0.01618519176136363,1574523409.3396814
0.013477006392045453,1574523409.7116857
0.014786487926136347,1574523410.083674
0.015897105823863635,1574523410.4676623
0.015010653409090906,1574523410.839692
0.01530406605113636,1574523411.2116783
0.014818448153409103,1574523411.583705
0.016099076704545457,1574523411.967667
0.015621892755681823,1574523412.33968
0.013354048295454541,1574523412.7117023
0.015870916193181806,1574523413.0837333
0.015985884232954536,1574523413.4680774
0.013052201704545453,1574523413.8397374
0.012678444602272727,1574523414.2117696
0.016134588068181833,1574523414.583758
0.016292613636363643,1574523414.9677427
0.01456276633522727,1574523415.3397648
0.014629794034090916,1574523415.7117696
0.013286132812500002,1574523416.083793
0.016046697443181816,1574523416.4677615
0.014454456676136363,1574523416.8398364
0.01488947088068182,1574523417.2118087
0.01950727982954546,1574523417.5838277
0.015309836647727275,1574523417.96797
0.013401988636363635,1574523418.3397942
0.016673029119318176,1574523418.7119129
0.013018022017045456,1574523419.0838816
0.015001331676136365,1574523419.4678662
0.01714799360795454,1574523419.8398666
0.013198686079545456,1574523420.211822
0.017792080965909087,1574523420.5838442
0.014701704545454546,1574523420.9678056
0.012734375000000006,1574523421.3398838
0.015548206676136362,1574523421.7118359
0.012832475142045456,1574523422.0838487
0.013671874999999997,1574523422.4678261
0.015004438920454539,1574523422.839845
0.013297674005681815,1574523423.2118587
0.01513671875,1574523423.583886
0.014000355113636363,1574523423.9678519
0.01645907315340909,1574523424.339854
0.01780850497159091,1574523424.7118852
0.013586647727272722,1574523425.0839076
0.012401455965909086,1574523425.4678762
0.016355646306818194,1574523425.8398945
0.01284579190340908,1574523426.211923
0.01421031605113636,1574523426.5841177
0.014588068181818185,1574523426.9681537
0.01564541903409092,1574523427.3399234
0.01805308948863637,1574523427.7119644
0.013597301136363628,1574523428.0839658
0.012832475142045463,1574523428.4681854
0.015402166193181823,1574523428.8399258
0.014474875710227273,1574523429.2119498
0.013690962357954545,1574523429.5839784
0.01624866832386364,1574523429.9679677
0.012489790482954559,1574523430.3399663
0.014049183238636364,1574523430.7120435
0.013657670454545448,1574523431.0839992
0.013212446732954545,1574523431.4679644
0.01564009232954545,1574523431.8399882
0.012505770596590913,1574523432.2120142
0.012609641335227274,1574523432.5840163
0.015495827414772722,1574523432.9679892
0.012615411931818175,1574523433.3400257
0.01293057528409091,1574523433.712016
0.01562988281250001,1574523434.0840776
0.015340021306818184,1574523434.468017
0.015742631392045455,1574523434.8400357
0.01374112215909091,1574523435.2120435
0.012634055397727278,1574523435.5840666
0.015248579545454537,1574523435.9680414
0.012155539772727273,1574523436.340044
0.012833806818181819,1574523436.7120748
0.015474964488636358,1574523437.0840967
0.012668678977272719,1574523437.4680464
0.014761629971590903,1574523437.8400764
0.015697354403409094,1574523438.2121081
0.014088689630681831,1574523438.5840938
0.016338778409090902,1574523438.9680822
0.012236772017045452,1574523439.3401067
0.012797407670454555,1574523439.7121038
0.015461647727272728,1574523440.084132
0.01202370383522726,1574523440.4681833
0.012464932528409096,1574523440.8401842
0.014729225852272723,1574523441.2121906
0.011946910511363635,1574523441.5841901
0.013405095880681818,1574523441.9681416
0.014414950284090915,1574523442.3401718
0.014236949573863636,1574523442.7121587
0.015269886363636366,1574523443.0841882
0.017675337357954544,1574523443.4681406
0.0241765802556818,1574523443.840172
0.021086203835227274,1574523444.2121928
0.03857510653409089,1574523444.5842135
0.030215287642045455,1574523444.9681761
0.022650035511363645,1574523445.3401985
0.020180220170454573,1574523445.7122436
0.029708806818181808,1574523446.0842316
0.032293146306818184,1574523446.4682117
0.03392666903409089,1574523446.8402307
0.03674227627840909,1574523447.2122316
0.05936878551136363,1574523447.584255
0.04324884588068185,1574523447.968254
0.036516335227272705,1574523448.3402314
0.037382368607954526,1574523448.7122617
0.04144531250000002,1574523449.0842888
0.041902965198863655,1574523449.4682655
0.05056374289772726,1574523449.8402662
0.04731400923295452,1574523450.21235
0.040921075994318205,1574523450.5843222
0.03944247159090908,1574523450.968306
0.040843394886363654,1574523451.3403146
0.057956764914772745,1574523451.7123544
0.06538263494318186,1574523452.084357
0.048638583096590866,1574523452.4683402
0.045520241477272724,1574523452.8403664
0.04237970525568183,1574523453.2123625
0.05441983309659093,1574523453.5843775
0.04639692826704547,1574523453.9683661
0.04281960227272728,1574523454.3403735
0.0476708984375,1574523454.7123892
0.04170099431818184,1574523455.0844083
0.04028897372159091,1574523455.4683979
0.04086603338068183,1574523455.840393
0.04136851917613637,1574523456.2124314
0.04526145241477274,1574523456.5844703
0.039929865056818184,1574523456.968415
0.036825727982954554,1574523457.3404298
0.03821777343749998,1574523457.7124615
0.04083629261363636,1574523458.084445
0.04099831321022729,1574523458.4684074
0.039165926846590905,1574523458.840518
0.0387508877840909,1574523459.2127886
0.03868208451704547,1574523459.5846572
0.03767001065340906,1574523459.9684536
0.035560191761363664,1574523460.3404768
0.03794744318181819,1574523460.7124875
0.038060191761363625,1574523461.0845184
0.04367365056818181,1574523461.4684877
0.03896218039772729,1574523461.8405056
0.037529296874999986,1574523462.2125888
0.036328125,1574523462.584587
0.034607599431818174,1574523462.9685671
