amperes,timestamp
0.11070667613636355,1575369299.05031
0.12300648082386359,1575369299.4223378
0.14512118252840908,1575369299.7944386
0.15345170454545462,1575369300.178395
0.15818270596590903,1575369300.5504012
0.160361328125,1575369300.9223902
0.14884499289772724,1575369301.2943969
0.14012295809659087,1575369301.678379
0.14898526278409097,1575369302.0503771
0.13591352982954547,1575369302.422402
0.0959401633522727,1575369302.794396
0.13735706676136364,1575369303.1783733
0.11571022727272728,1575369303.5504076
0.09309703480113646,1575369303.9224064
0.09164151278409097,1575369304.294426
0.12066051136363629,1575369304.6784081
0.12499378551136367,1575369305.0504107
0.12680308948863644,1575369305.422438
0.1196755149147727,1575369305.7944655
0.13487082741477271,1575369306.178479
0.13953302556818187,1575369306.5504727
0.12877175071022717,1575369306.9224944
0.1570862926136363,1575369307.2945247
0.14097523082386365,1575369307.6784785
0.09747913707386366,1575369308.0505087
0.09190074573863637,1575369308.422528
0.13029785156250004,1575369308.7945235
0.12883700284090904,1575369309.178509
0.14142977627840905,1575369309.5505328
0.13506347656250003,1575369309.922528
0.14686922940340907,1575369310.2945504
0.14999866832386363,1575369310.6785374
0.15964222301136358,1575369311.0505633
0.15163219105113623,1575369311.4225671
0.12162642045454546,1575369311.794591
0.09690207741477268,1575369312.1785703
0.13561656605113645,1575369312.5505736
0.12772017045454545,1575369312.9225914
0.1487335759943181,1575369313.2946272
0.15293945312499993,1575369313.6786053
0.15222123579545466,1575369314.0506039
0.14680442116477277,1575369314.4226243
0.1577201704545455,1575369314.7946289
0.14020374644886358,1575369315.1786113
0.1238503196022727,1575369315.5506327
0.11333718039772726,1575369315.9226303
0.12900213068181815,1575369316.294657
0.13924715909090918,1575369316.6786392
0.13738014914772717,1575369317.0506592
0.14018643465909084,1575369317.4226704
0.10994628906250002,1575369317.7946818
0.11061922940340913,1575369318.178671
0.11894264914772733,1575369318.550669
0.11463867187500006,1575369318.9226887
0.12810014204545456,1575369319.2947168
0.15267844460227264,1575369319.6786976
0.15316139914772725,1575369320.0507014
0.1608362926136364,1575369320.4227197
0.14402166193181823,1575369320.7947469
0.1311945134943182,1575369321.178703
0.11973188920454547,1575369321.5508113
0.13315163352272721,1575369321.9228077
0.12841441761363628,1575369322.2948067
0.11007768110795457,1575369322.6787624
0.09544389204545456,1575369323.0507593
0.10128506747159084,1575369323.4227884
0.09370916193181823,1575369323.7947838
0.09438698508522725,1575369324.1787627
0.08559037642045451,1575369324.55075
0.08981178977272734,1575369324.9227805
0.10156915838068183,1575369325.2948067
0.09877574573863633,1575369325.6787984
0.10864746093750001,1575369326.050791
0.09760165127840911,1575369326.4228177
0.09617764559659092,1575369326.794854
0.07967285156249992,1575369327.1788027
0.10825949928977271,1575369327.5508137
0.08094238281249999,1575369327.9228377
0.09607111150568187,1575369328.2948394
0.08806818181818181,1575369328.6788285
0.10472833806818178,1575369329.05086
0.09798783735795456,1575369329.4228544
0.09849698153409092,1575369329.7948802
0.10102450284090905,1575369330.1788635
0.09230069247159088,1575369330.5508847
0.11271617542613638,1575369330.9228861
0.08358886718749996,1575369331.294917
0.08983620383522725,1575369331.6788888
0.08136408025568183,1575369332.0508928
0.09698819247159081,1575369332.4229195
0.0822336647727273,1575369332.7949445
0.10297141335227271,1575369333.1789122
0.08604847301136369,1575369333.5509202
0.08933061079545451,1575369333.9229496
0.09997780539772728,1575369334.2949471
0.08226740056818184,1575369334.6789281
0.09774280894886365,1575369335.0509555
0.10909934303977274,1575369335.4229772
0.10938520951704545,1575369335.794978
0.09611106178977269,1575369336.1789608
0.09265447443181822,1575369336.5509803
0.10836337002840907,1575369336.9229743
0.1124498401988636,1575369337.295
0.08834738991477273,1575369337.6789877
0.08383034446022725,1575369338.05099
0.07790438565340914,1575369338.423009
0.09434792258522727,1575369338.795022
0.07898215553977278,1575369339.179015
0.08567959872159099,1575369339.5510259
0.07935102982954545,1575369339.9230428
0.09994584517045459,1575369340.2950807
0.07620561079545453,1575369340.6790295
0.08693492542613634,1575369341.0510528
0.08880859374999996,1575369341.423085
0.08657936789772726,1575369341.795056
0.08777121803977274,1575369342.1790473
0.10660466974431818,1575369342.551078
0.08813299005681817,1575369342.9230802
0.0850004438920454,1575369343.2951837
0.08249067826704543,1575369343.6791337
0.08331631747159099,1575369344.051139
0.08210937500000004,1575369344.4231405
0.08431463068181819,1575369344.7951262
0.08660733309659092,1575369345.179111
0.07895419034090906,1575369345.5511227
0.08980202414772721,1575369345.9231393
0.0812655362215909,1575369346.2951655
0.10589044744318182,1575369346.6791284
0.08529563210227276,1575369347.0511467
0.09330832741477271,1575369347.423172
0.07725186434659094,1575369347.7951674
0.0890287642045455,1575369348.179153
0.08335449218749999,1575369348.5511584
0.08422895951704545,1575369348.9231918
0.08173961292613635,1575369349.295188
0.08391024502840908,1575369349.6791797
0.08478826349431821,1575369350.0512044
0.10637029474431824,1575369350.423208
0.11204412286931828,1575369350.7952228
0.09040704900568186,1575369351.179208
0.10757501775568179,1575369351.551207
0.08654430042613633,1575369351.9232397
0.10173339843750001,1575369352.295262
0.08741832386363638,1575369352.679216
0.09546653053977273,1575369353.051245
0.0877259410511363,1575369353.4232829
0.09032448508522731,1575369353.7952838
0.08750799005681822,1575369354.1792576
0.0878204900568182,1575369354.5512745
0.0895023970170455,1575369354.923304
0.08311257102272726,1575369355.2952979
0.09669034090909086,1575369355.6792684
0.08154829545454552,1575369356.051304
0.09374289772727266,1575369356.423302
0.08189453124999996,1575369356.7953331
0.09813742897727282,1575369357.1793146
0.08109641335227277,1575369357.5513124
0.09633478338068183,1575369357.9233303
0.0887473366477273,1575369358.2953603
0.09369495738636364,1575369358.6793232
0.09458451704545463,1575369359.0513268
0.09147505326704543,1575369359.4233575
0.08270774147727275,1575369359.7953906
0.09621404474431812,1575369360.1793451
0.09682306463068178,1575369360.551377
0.09854758522727279,1575369360.9233902
0.09893599076704547,1575369361.2954051
0.08242098721590911,1575369361.6793854
0.10021883877840909,1575369362.0514064
0.08266335227272734,1575369362.423406
0.09717595880681813,1575369362.7954297
0.08412997159090913,1575369363.1794105
0.09990367542613643,1575369363.5514317
0.09396617542613629,1575369363.9234273
0.09047052556818187,1575369364.2954543
0.09496892755681821,1575369364.679511
0.0845197088068182,1575369365.0515149
0.11033025568181817,1575369365.4235146
0.12548339843750003,1575369365.7955117
0.1324782492897728,1575369366.1794667
0.0945423473011364,1575369366.5514631
0.09554332386363634,1575369366.9234939
0.08298650568181817,1575369367.2955136
0.1049662642045455,1575369367.6794753
0.09314675071022728,1575369368.0514994
0.10141779119318185,1575369368.4235337
0.08707120028409092,1575369368.795522
0.10393776633522725,1575369369.1795
0.08898659446022736,1575369369.5515306
0.10276189630681819,1575369369.9235294
0.09110973011363636,1575369370.2955542
0.09710138494318182,1575369370.679521
0.09526056463068179,1575369371.0515347
0.09933416193181822,1575369371.4235675
0.09490323153409086,1575369371.7955928
0.09513893821022729,1575369372.179567
0.10104492187499997,1575369372.5515656
0.08936567826704543,1575369372.9235928
0.1038796164772727,1575369373.2956173
0.08762162642045453,1575369373.6795726
0.10079012784090911,1575369374.0515978
0.08665394176136364,1575369374.4236329
0.09968084161931823,1575369374.7956204
0.09622203480113636,1575369375.1795955
0.09748446377840907,1575369375.5516372
0.09138538707386364,1575369375.923625
0.09997381036931823,1575369376.295649
0.09404696377840906,1575369376.6796343
0.09625976562499997,1575369377.051635
0.09852405894886367,1575369377.4236588
0.08971191406250002,1575369377.795686
0.10396883877840908,1575369378.179658
0.08802068536931815,1575369378.5516589
0.10698464133522735,1575369378.923682
0.08708451704545458,1575369379.2957177
0.09978781960227272,1575369379.6796725
0.09017089843750008,1575369380.0516984
0.09882191051136364,1575369380.4237058
0.10620561079545458,1575369380.7957153
0.11367276278409098,1575369381.179695
0.10178888494318176,1575369381.551727
0.10529030539772731,1575369381.9237194
0.09762606534090906,1575369382.2957504
0.09755237926136358,1575369382.6797256
0.09869185014204548,1575369383.0517497
0.09263805042613635,1575369383.4237573
0.09311123934659093,1575369383.7957754
0.09192249644886362,1575369384.179755
0.1016539417613636,1575369384.5517588
0.09390269886363636,1575369384.9237835
0.10303577769886359,1575369385.2958133
0.08763583096590918,1575369385.679769
0.10480557528409086,1575369386.0518005
0.09504749644886364,1575369386.4238915
0.10467995383522723,1575369386.7959013
0.09408114346590905,1575369387.1798403
0.09587313565340906,1575369387.5518491
0.09794877485795456,1575369387.9238498
0.09617986505681811,1575369388.2958696
0.10420587713068187,1575369388.6798217
0.08976828835227271,1575369389.0518525
0.10575727982954534,1575369389.4238565
0.09219105113636368,1575369389.7958906
0.1007262073863637,1575369390.1798573
0.09502263849431815,1575369390.55184
0.10277254971590917,1575369390.9238708
0.09487926136363638,1575369391.2958853
0.10124067826704548,1575369391.679863
0.0947660688920455,1575369392.0518816
0.09795587713068185,1575369392.4239132
0.09875399502840904,1575369392.7959402
0.0959144176136364,1575369393.1798873
0.10269220525568183,1575369393.5519228
0.09608176491477269,1575369393.92394
0.10580388849431814,1575369394.2959507
0.09003284801136367,1575369394.6799114
0.10789950284090911,1575369395.0519352
0.09247292258522727,1575369395.4239502
0.1004873934659091,1575369395.7959752
0.09449440696022726,1575369396.1799252
0.09741255326704537,1575369396.5519423
0.09103471235795453,1575369396.923946
0.09441583806818184,1575369397.2959752
0.09218528053977273,1575369397.679951
0.09462535511363634,1575369398.0519598
0.09845791903409092,1575369398.4239762
0.08702814275568183,1575369398.796005
0.09974254261363641,1575369399.1799614
0.08529030539772725,1575369399.5519867
0.09951216264204552,1575369399.9240155
0.08636807528409088,1575369400.2960148
0.10289328835227265,1575369400.6799934
0.09151677911931819,1575369401.05202
0.10132412997159089,1575369401.4240427
0.09257412997159088,1575369401.796041
0.10336292613636358,1575369402.1800182
0.09345481178977266,1575369402.55204
0.09905539772727268,1575369402.9240432
0.09665482954545454,1575369403.296065
0.09848100142045453,1575369403.680053
0.1182586115056819,1575369404.0520556
0.13128018465909091,1575369404.4240804
0.14804287997159088,1575369404.796101
0.1589990234375,1575369405.1800535
0.14401544744318184,1575369405.5520818
0.12896040482954538,1575369405.9241078
0.13541725852272732,1575369406.2961326
0.12703657670454552,1575369406.6800845
0.09231489701704547,1575369407.052136
0.1262637606534091,1575369407.424138
0.1232350852272728,1575369407.7961326
0.1092209694602272,1575369408.1801968
0.14090376420454548,1575369408.5522099
0.13255015980113624,1575369408.924197
0.13395818536931828,1575369409.2962003
0.13101296164772727,1575369409.6801622
0.13493075284090902,1575369410.0521703
0.13522150213068185,1575369410.424172
0.1350031072443181,1575369410.7961986
0.13695933948863637,1575369411.1801565
0.14403941761363614,1575369411.5521858
0.1359810014204545,1575369411.924203
0.10715553977272729,1575369412.2962222
0.13302112926136364,1575369412.6801848
0.12503773082386369,1575369413.05221
0.14767178622159094,1575369413.424239
0.12637340198863642,1575369413.7962375
0.09271617542613636,1575369414.1802225
0.12698419744318185,1575369414.5522346
0.12880237926136354,1575369414.924273
0.1266739169034091,1575369415.296267
0.1355704012784091,1575369415.680242
0.13717640269886366,1575369416.0522456
0.09859508167613636,1575369416.4242744
0.09403098366477268,1575369416.7962954
0.12316539417613631,1575369417.18028
0.107314453125,1575369417.5522788
0.10888361150568185,1575369417.9242961
0.12378995028409098,1575369418.2963216
0.14285200639204537,1575369418.6802847
0.13248712713068178,1575369419.0523026
0.11133167613636372,1575369419.424333
0.09155317826704552,1575369419.7963533
0.09518821022727271,1575369420.1803071
0.11891690340909097,1575369420.5523384
0.1380166903409091,1575369420.924369
0.13398481889204553,1575369421.2963595
0.12204101562499997,1575369421.6803436
0.12115189985795456,1575369422.0523744
0.12487349076704546,1575369422.4243784
0.14451482599431817,1575369422.796412
0.13534845525568184,1575369423.1803675
0.1345712002840909,1575369423.5523865
0.1391046697443182,1575369423.924408
0.12957919034090906,1575369424.296438
0.1050958806818182,1575369424.6804163
0.12726384943181818,1575369425.0524187
0.13377663352272734,1575369425.4244404
0.11193980823863632,1575369425.7964642
0.09059082031249996,1575369426.1804264
0.09134676846590908,1575369426.5524523
0.0912624289772727,1575369426.924474
0.09345791903409094,1575369427.2964725
0.10279430042613634,1575369427.6804602
0.1005193536931818,1575369428.0524852
0.09001509232954544,1575369428.4244769
0.09115545099431818,1575369428.796501
0.09409002130681812,1575369429.1804895
0.08382013494318181,1575369429.5525887
0.09571377840909084,1575369429.9245827
0.0826504794034091,1575369430.2965786
