amperes,timestamp
0.09143022017045457,1575367049.3872762
0.12836558948863633,1575367049.7592702
0.13729891690340904,1575367050.143233
0.16284446022727272,1575367050.5152829
0.16225585937500003,1575367050.8873096
0.15796386718750013,1575367051.2593052
0.1569615589488637,1575367051.6432772
0.15182084517045458,1575367052.015311
0.15420365767045446,1575367052.3873053
0.1448837002840908,1575367052.759334
0.09550648082386361,1575367053.1433246
0.1252854225852273,1575367053.515318
0.1261190518465909,1575367053.8873212
0.12343661221590913,1575367054.2593377
0.12552645596590903,1575367054.6433542
0.12125621448863635,1575367055.0153444
0.11911798650568182,1575367055.3873723
0.12080344460227276,1575367055.7593973
0.13657137784090903,1575367056.1433508
0.13385076349431818,1575367056.5153868
0.15033469460227278,1575367056.8874066
0.14217329545454546,1575367057.2594023
0.11329944957386362,1575367057.643383
0.12489479758522717,1575367058.0153928
0.14676047585227273,1575367058.387412
0.14217595880681813,1575367058.7594306
0.15735351562500008,1575367059.1434178
0.14601162997159092,1575367059.5154355
0.15753284801136364,1575367059.887444
0.16057572798295455,1575367060.2594628
0.11574884588068188,1575367060.6434462
0.1009295099431819,1575367061.0154455
0.1290225497159091,1575367061.3874688
0.12803355823863632,1575367061.7594903
0.11967329545454553,1575367062.1434493
0.1470818536931818,1575367062.5154798
0.152671786221591,1575367062.8875031
0.15598677201704536,1575367063.259493
0.15575461647727284,1575367063.643484
0.13467418323863636,1575367064.0155013
0.12752352627840918,1575367064.387512
0.1028568892045454,1575367064.759522
0.1123774857954545,1575367065.143512
0.1272847123579546,1575367065.5154958
0.15212047230113643,1575367065.8874981
0.14960360440340906,1575367066.259558
0.104013671875,1575367066.643511
0.10593661221590911,1575367067.0155137
0.11926979758522731,1575367067.3875284
0.1333123224431818,1575367067.7595615
0.14791992187499997,1575367068.143544
0.15623890269886362,1575367068.5155418
0.154320401278409,1575367068.8876412
0.10885964133522728,1575367069.2596655
0.096097745028409,1575367069.643594
0.11309792258522727,1575367070.015616
0.12809570312500004,1575367070.3876214
0.09848233309659098,1575367070.7596467
0.09595569957386366,1575367071.1436212
0.11089666193181819,1575367071.5156095
0.1244571200284091,1575367071.8876216
0.10779696377840918,1575367072.2596495
0.08902033025568175,1575367072.643643
0.10596235795454544,1575367073.0156581
0.08662775213068183,1575367073.3876557
0.11753373579545451,1575367073.759675
0.09114169034090908,1575367074.143667
0.1070703125,1575367074.5156589
0.0996608664772727,1575367074.8876863
0.10928932883522724,1575367075.2597115
0.09204234730113639,1575367075.6436608
0.09904119318181819,1575367076.0156865
0.09573552911931821,1575367076.3877022
0.09538396661931818,1575367076.7596943
0.10147327769886366,1575367077.1436927
0.08709028764204543,1575367077.5156906
0.10606134588068182,1575367077.88772
0.08451393821022728,1575367078.2597485
0.11199884588068189,1575367078.6437018
0.09228737571022726,1575367079.015761
0.11024414062499999,1575367079.3877535
0.09191361860795452,1575367079.7597713
0.09214311079545456,1575367080.1437562
0.09079989346590914,1575367080.5157585
0.09932395241477275,1575367080.8877497
0.10381392045454552,1575367081.2598073
0.09130770596590908,1575367081.6437566
0.10207519531250002,1575367082.0157845
0.08738059303977275,1575367082.3878074
0.09369406960227274,1575367082.7597811
0.08543856534090911,1575367083.1437614
0.07574351917613636,1575367083.5157893
0.09115988991477275,1575367083.8878129
0.10590553977272725,1575367084.2598407
0.09251553622159092,1575367084.6438084
0.12101606889204543,1575367085.015815
0.12533558238636372,1575367085.3878157
0.13485262784090912,1575367085.7598782
0.09727539062499994,1575367086.143857
0.12813343394886365,1575367086.515854
0.13206454190340913,1575367086.8878524
0.10090820312500003,1575367087.2598684
0.09425426136363634,1575367087.6438339
0.09456631747159086,1575367088.0158818
0.09362393465909088,1575367088.3878813
0.0861776455965909,1575367088.7598698
0.09584161931818187,1575367089.1438897
0.08403187144886355,1575367089.5158827
0.09465287642045457,1575367089.8879392
0.08979669744318183,1575367090.259935
0.0969331498579546,1575367090.6439645
0.09357155539772724,1575367091.0159888
0.08390802556818179,1575367091.3879867
0.09418146306818186,1575367091.759992
0.08497780539772726,1575367092.1439433
0.09298783735795452,1575367092.5159678
0.07891867897727275,1575367092.887982
0.09590864701704536,1575367093.2599974
0.08036576704545455,1575367093.6439533
0.09720259232954542,1575367094.0159774
0.08216486150568177,1575367094.3880076
0.09291104403409088,1575367094.7600236
0.08653941761363637,1575367095.1439807
0.08808948863636364,1575367095.5159755
0.09281516335227269,1575367095.8880277
0.08494806463068187,1575367096.260031
0.09834783380681816,1575367096.643983
0.08228515625000005,1575367097.0160084
0.0976842151988636,1575367097.388029
0.0808678089488636,1575367097.7600613
0.0950186434659091,1575367098.1440427
0.07930930397727273,1575367098.5160644
0.09541592684659092,1575367098.8880455
0.08309126420454548,1575367099.260099
0.09396528764204548,1575367099.644039
0.1068639026988636,1575367100.0160449
0.11137162642045448,1575367100.3880758
0.09534357244318178,1575367100.7601135
0.11512384588068177,1575367101.1440492
0.09522682883522733,1575367101.5161068
0.08718883167613635,1575367101.8881266
0.09736949573863636,1575367102.260127
0.08251109730113637,1575367102.6440916
0.09240012428977278,1575367103.0161088
0.0851020951704545,1575367103.3881383
0.09452991832386365,1575367103.7601533
0.08580300071022731,1575367104.1441422
0.09731312144886359,1575367104.5161593
0.08378639914772724,1575367104.8881395
0.0961283735795454,1575367105.2601612
0.0862078302556818,1575367105.644167
0.08941361860795452,1575367106.0161362
0.09042746803977267,1575367106.3881884
0.09122647372159091,1575367106.760191
0.0944482421875,1575367107.1441464
0.08270552201704548,1575367107.5161958
0.1004696377840909,1575367107.8882098
0.08492276278409094,1575367108.2602546
0.09526855468749994,1575367108.6442025
0.08265625,1575367109.0162473
0.09830832741477268,1575367109.3882537
0.08181285511363637,1575367109.7602558
0.09753329190340906,1575367110.1442378
0.08425337357954546,1575367110.516262
0.09435280539772731,1575367110.8882568
0.08833540482954541,1575367111.2602565
0.09067826704545455,1575367111.6442356
0.09427601207386366,1575367112.0162473
0.08221590909090916,1575367112.388358
0.09642622514204545,1575367112.7603595
0.08327547940340914,1575367113.1442862
0.09645951704545457,1575367113.516314
0.07886763139204535,1575367113.8883228
0.09878551136363635,1575367114.2603464
0.08452237215909084,1575367114.6442957
0.13195712002840912,1575367115.0163019
0.1377374822443181,1575367115.3883622
0.10532670454545458,1575367115.760351
0.09271661931818181,1575367116.144328
0.08879705255681819,1575367116.5163522
0.09094460227272727,1575367116.8883576
0.09430619673295455,1575367117.2603514
0.09606134588068185,1575367117.6443577
0.08908647017045458,1575367118.0163565
0.10058771306818175,1575367118.3883827
0.08580965909090907,1575367118.760405
0.10512118252840917,1575367119.1443665
0.08717418323863638,1575367119.516369
0.0992462713068182,1575367119.8884032
0.08538574218749997,1575367120.2604454
0.10171519886363635,1575367120.644389
0.08889692826704541,1575367121.016417
0.09906427556818183,1575367121.3884444
0.08837180397727269,1575367121.760441
0.09766113281249994,1575367122.144407
0.09338689630681812,1575367122.516431
0.09452681107954555,1575367122.8884597
0.0983620383522728,1575367123.2604775
0.09635120738636366,1575367123.6444514
0.10466885653409089,1575367124.0164819
0.08576083096590918,1575367124.3884652
0.10000754616477267,1575367124.7604952
0.08613680752840909,1575367125.1444764
0.10348366477272723,1575367125.5164857
0.08752530184659098,1575367125.888508
0.10161621093749994,1575367126.2605097
0.08990456321022731,1575367126.6444576
0.09629172585227266,1575367127.0165043
0.09234552556818179,1575367127.3885279
0.10075106534090907,1575367127.7605276
0.09852361505681811,1575367128.1445184
0.09395019531249996,1575367128.5165346
0.09713689630681818,1575367128.8885672
0.08558815696022731,1575367129.2605424
0.09993963068181813,1575367129.6445453
0.0871044921875,1575367130.0165799
0.09904296875000002,1575367130.3885787
0.1089080255681818,1575367130.7605808
0.11502352627840902,1575367131.1445534
0.09641379616477273,1575367131.516577
0.11833939985795457,1575367131.8886056
0.09737926136363635,1575367132.2606301
0.09727006392045454,1575367132.6446095
0.09522816051136367,1575367133.0165968
0.09576526988636362,1575367133.3886354
0.09792214133522728,1575367133.7607095
0.08724476207386365,1575367134.1446626
0.10069424715909091,1575367134.5166848
0.08706321022727267,1575367134.8886852
0.10009987571022724,1575367135.260667
0.08602183948863637,1575367135.6446514
0.10137917258522713,1575367136.0166528
0.0873233309659091,1575367136.3886738
0.09822620738636363,1575367136.760692
0.09109374999999999,1575367137.1446688
0.10007590553977275,1575367137.5166967
0.09295942826704544,1575367137.8886976
0.10090598366477281,1575367138.2607188
0.09650612571022729,1575367138.6446779
0.09150923295454548,1575367139.0167046
0.09809126420454542,1575367139.388711
0.08584605823863636,1575367139.7607563
0.10950506036931817,1575367140.144713
0.08693004261363631,1575367140.5167334
0.1311257102272727,1575367140.8887603
0.08809481534090902,1575367141.2607455
0.10146661931818171,1575367141.6447353
0.08903986150568179,1575367142.0167663
0.09975852272727274,1575367142.388765
0.09178267045454544,1575367142.7607872
0.09831099076704539,1575367143.1447694
0.08901145241477278,1575367143.5167906
0.09992320667613633,1575367143.888795
0.09310191761363638,1575367144.2608137
0.09845037286931818,1575367144.6447966
0.10104003906250006,1575367145.016796
0.08834383877840915,1575367145.3888342
0.10569424715909084,1575367145.760844
0.09716397372159091,1575367146.1448185
0.09894087357954548,1575367146.5168397
0.08714888139204549,1575367146.8888671
0.0957199928977273,1575367147.2608967
0.08952636718749998,1575367147.6448383
0.09509454900568173,1575367148.0168834
0.09251509232954543,1575367148.388895
0.09630948153409093,1575367148.760898
0.09450195312499998,1575367149.1448717
0.09203080610795458,1575367149.516892
0.09865189985795456,1575367149.8888898
0.08630726207386356,1575367150.2609317
0.10222034801136357,1575367150.6449091
0.08748357599431814,1575367151.016933
0.10442382812499995,1575367151.3889296
0.0860040838068182,1575367151.7609596
0.1016885653409092,1575367152.1449149
0.0891787997159091,1575367152.5169418
0.09769708806818182,1575367152.8889618
0.0984925426136364,1575367153.2609866
0.13080655184659093,1575367153.6449435
0.14543723366477265,1575367154.0169747
0.15132368607954538,1575367154.3889802
0.16055087002840912,1575367154.7609923
0.1423659446022727,1575367155.1449723
0.12696289062499994,1575367155.5170724
0.13671564275568182,1575367155.8890717
0.10254527698863641,1575367156.2610805
0.12590820312499998,1575367156.6450303
0.13647017045454551,1575367157.0170288
0.1343301669034092,1575367157.389052
0.14078702059659087,1575367157.7610388
0.1329279119318182,1575367158.1450288
0.13486860795454544,1575367158.5170321
0.13166681463068186,1575367158.8890545
0.14310946377840914,1575367159.2610493
0.13004927201704553,1575367159.645034
0.11054731889204543,1575367160.0170598
0.09967462713068188,1575367160.3890805
0.11754083806818183,1575367160.7610815
0.12569513494318194,1575367161.145055
0.1474045632102272,1575367161.5170808
0.1289373224431819,1575367161.8891041
0.1383917791193182,1575367162.261102
0.14877530184659102,1575367162.645075
0.13945179332386365,1575367163.01711
0.11076615767045457,1575367163.3890984
0.09207741477272728,1575367163.7611358
0.12626242897727266,1575367164.1451178
0.13597700639204546,1575367164.5171006
0.12442826704545455,1575367164.8891373
0.14237837357954555,1575367165.261163
0.14110440340909097,1575367165.6451097
0.09812411221590916,1575367166.0171363
0.14028897372159085,1575367166.389167
0.1363316761363636,1575367166.7611995
0.14749955610795454,1575367167.1451304
0.13562011718749994,1575367167.5171564
0.11176580255681823,1575367167.8891742
0.0924254261363636,1575367168.261194
0.12747736150568184,1575367168.6451705
0.1336137251420455,1575367169.0171916
0.13888361150568174,1575367169.389174
0.12522549715909087,1575367169.7612035
0.1263161399147727,1575367170.145191
0.13335626775568185,1575367170.5172453
0.11562056107954549,1575367170.8892171
0.10998401988636364,1575367171.261222
0.12272860440340908,1575367171.6452188
0.12998357599431817,1575367172.0172164
0.13843794389204542,1575367172.3892345
0.1257306463068181,1575367172.76127
0.12722833806818173,1575367173.1452217
0.09537730823863631,1575367173.5172467
0.09238680752840905,1575367173.889267
0.11991566051136365,1575367174.2612796
0.09999644886363629,1575367174.645254
0.09400479403409093,1575367175.0172713
0.0869731001420454,1575367175.389301
0.0989311079545455,1575367175.761298
0.08579944957386365,1575367176.1452763
0.09667746803977272,1575367176.5172737
0.08428089488636363,1575367176.8893015
