amperes,timestamp
0.04670055042613634,1575440176.8077471
0.05222523082386363,1575440177.1801019
0.05121626420454542,1575440177.5518246
0.06257634943181817,1575440177.935794
0.06938210227272729,1575440178.308193
0.047756569602272717,1575440178.6798885
0.04959827769886361,1575440179.0518632
0.05022061434659089,1575440179.435833
0.04987304687499998,1575440179.8082955
0.055503373579545476,1575440180.1800451
0.049700816761363634,1575440180.5520067
0.04868519176136367,1575440180.935827
0.04081276633522724,1575440181.3078287
0.04591175426136364,1575440181.6798546
0.04279740767045453,1575440182.051851
0.04431463068181823,1575440182.435857
0.044193004261363654,1575440182.8078754
0.05207519531250003,1575440183.1798716
0.053845436789772744,1575440183.5518823
0.0635804332386364,1575440183.9358919
0.050663174715909046,1575440184.3081684
0.04671830610795456,1575440184.6799102
0.05620383522727273,1575440185.0519934
0.0518905362215909,1575440185.4358916
0.05311567826704542,1575440185.8080096
0.05327503551136366,1575440186.1799705
0.05670188210227274,1575440186.5519443
0.052751242897727285,1575440186.9359045
0.05214266690340912,1575440187.3079212
0.05118474786931818,1575440187.680117
0.047618519176136374,1575440188.0519524
0.050685369318181815,1575440188.4359224
0.04841752485795453,1575440188.807928
0.04383655894886364,1575440189.1799529
0.04246493252840909,1575440189.551975
0.04763671874999997,1575440189.935938
0.05179998224431819,1575440190.3081727
0.049358575994318206,1575440190.680274
0.04076926491477276,1575440191.0520048
0.044482421875000004,1575440191.4359736
0.044959605823863644,1575440191.8080044
0.05589177911931819,1575440192.1800857
0.05759188565340908,1575440192.5522556
0.05564408735795454,1575440192.9360063
0.06203302556818178,1575440193.3085864
0.05018243963068183,1575440193.6805923
0.03806818181818182,1575440194.0520782
0.03557350852272725,1575440194.4360325
0.036262872869318195,1575440194.8080766
0.03617853338068179,1575440195.1801877
0.035079012784090896,1575440195.552264
0.03681285511363636,1575440195.9360704
0.03164550781250003,1575440196.308405
0.03643022017045455,1575440196.6803362
0.03683860085227271,1575440197.0554366
0.04279385653409091,1575440197.4360979
0.04561523437500004,1575440197.8082213
0.04476162997159091,1575440198.1801105
0.056534090909090916,1575440198.552165
0.05990589488636362,1575440198.9361846
0.058055308948863654,1575440199.3083107
0.050272105823863655,1575440199.68022
0.04344637784090908,1575440200.052248
0.043027343750000044,1575440200.4361415
0.046105735085227265,1575440200.808403
0.051625088778409094,1575440201.1803446
0.04681596235795457,1575440201.5524874
0.05194957386363634,1575440201.9363906
0.06452903053977274,1575440202.3083496
0.06288263494318182,1575440202.6804273
0.05498934659090908,1575440203.0523727
0.044168146306818167,1575440203.4362514
0.0453449041193182,1575440203.8083785
0.044415838068181814,1575440204.1802528
0.04520463423295456,1575440204.5525482
0.04010964133522729,1575440204.9362516
0.0325741299715909,1575440205.3084517
0.04945445667613636,1575440205.6804423
0.05172629616477277,1575440206.0522897
0.04677512428977276,1575440206.4363105
0.048030450994318165,1575440206.8088262
0.05224343039772724,1575440207.1802762
0.05283602627840908,1575440207.5526924
0.05494318181818183,1575440207.936315
0.055034179687500004,1575440208.308356
0.053118341619318166,1575440208.680342
0.044528586647727325,1575440209.052317
0.05194025213068187,1575440209.43629
0.03927601207386364,1575440209.8084238
0.03960360440340908,1575440210.1803136
0.04508877840909089,1575440210.5523453
0.05431551846590908,1575440210.9362862
0.04268687855113635,1575440211.308536
0.049936967329545466,1575440211.6804342
0.05587846235795454,1575440212.0523448
0.041648615056818175,1575440212.4364364
0.044118430397727254,1575440212.8083704
0.05463423295454546,1575440213.1804476
0.04812855113636367,1575440213.5523748
0.040507368607954564,1575440213.9363453
0.053041992187499984,1575440214.3083825
0.043382901278409124,1575440214.6804914
0.04502796519886361,1575440215.052504
0.0478378018465909,1575440215.4363794
0.04439985795454543,1575440215.8084772
0.03945445667613637,1575440216.1804693
0.04386851917613633,1575440216.552438
0.05273881392045455,1575440216.9364042
0.041147017045454544,1575440217.308507
0.04498579545454545,1575440217.6804955
0.05448686079545452,1575440218.0524797
0.040873135653409054,1575440218.4364996
0.04176003196022727,1575440218.8085651
0.060693359374999985,1575440219.1805627
0.04135786576704542,1575440219.55255
0.04041281960227275,1575440219.936453
0.051457741477272737,1575440220.3086524
0.04437633167613639,1575440220.6804626
0.04284712357954549,1575440221.0525653
0.05276855468750002,1575440221.436676
0.038637251420454544,1575440221.8086824
0.03929199218750002,1575440222.1805093
0.05676136363636366,1575440222.5525777
0.0564701704545455,1575440222.9364884
0.04169477982954542,1575440223.3088832
0.04570712002840909,1575440223.6809437
0.05054066051136363,1575440224.0526476
0.053742453835227244,1575440224.436566
0.05009810014204544,1575440224.8088853
0.05761629971590912,1575440225.1806145
0.06041459517045453,1575440225.552601
0.04901145241477271,1575440225.9365861
0.058501864346590916,1575440226.3086689
0.07007768110795458,1575440226.6805851
0.060762606534090914,1575440227.0525956
0.05929154829545447,1575440227.4365535
0.05507812500000002,1575440227.8086786
0.054283114346590916,1575440228.1807177
0.0564386541193182,1575440228.5526688
0.05451970880681821,1575440228.9367151
0.04916548295454547,1575440229.3088892
0.04765846946022726,1575440229.6811497
0.047745472301136356,1575440230.052639
0.047792968750000005,1575440230.4366057
0.04798384232954547,1575440230.8086565
0.04889204545454544,1575440231.1806405
0.05204279119318183,1575440231.5526607
0.04822842684659091,1575440231.9367032
0.04819602272727269,1575440232.30875
0.04803533380681818,1575440232.6808019
0.04777743252840908,1575440233.0526872
0.047573686079545444,1575440233.436688
0.047947443181818226,1575440233.808918
0.0476593572443182,1575440234.1806984
0.04757013494318181,1575440234.552817
0.047310458096590915,1575440234.9366722
0.047152432528409116,1575440235.3088171
0.047321555397727255,1575440235.6809871
0.04706631747159092,1575440236.0527775
0.04693892045454545,1575440236.4367583
0.047409446022727286,1575440236.8090096
0.04314808238636362,1575440237.1809745
0.04739968039772728,1575440237.5527782
0.047927024147727273,1575440237.936757
0.04778142755681819,1575440238.3088562
0.047932350852272716,1575440238.6808732
0.042218128551136345,1575440239.0527833
0.043058416193181834,1575440239.4367762
0.04381747159090908,1575440239.808842
0.043711381392045466,1575440240.1808074
0.047238991477272715,1575440240.5527952
0.04758433948863636,1575440240.9367764
0.04787464488636363,1575440241.3089623
0.047285600142045456,1575440241.6810126
0.04760031960227275,1575440242.0528436
0.04735928622159093,1575440242.4368317
0.04707919034090908,1575440242.809162
0.04628062855113639,1575440243.1809483
0.04063920454545454,1575440243.5528693
0.05061878551136367,1575440243.9368532
0.04965420809659087,1575440244.3090215
0.046449751420454544,1575440244.6809058
0.04675514914772727,1575440245.0528948
0.04725142045454547,1575440245.437009
0.047517755681818194,1575440245.8089905
0.04679865056818183,1575440246.1810977
0.04742542613636364,1575440246.5529802
0.046955344460227276,1575440246.937353
0.046479936079545425,1575440247.3091388
0.047258966619318186,1575440247.681253
0.04719992897727275,1575440248.0529299
0.0479141512784091,1575440248.4372752
0.04717906605113634,1575440248.8090742
0.04394220525568182,1575440249.1809368
0.04728826349431821,1575440249.5529757
0.04707519531249997,1575440249.9372299
0.04748623934659092,1575440250.3092086
0.04696022727272728,1575440250.681092
0.046836825284090895,1575440251.053053
0.04752263849431823,1575440251.4372966
0.04724387428977272,1575440251.8093112
0.047224786931818155,1575440252.1810381
0.04728382457386363,1575440252.5530558
0.047400568181818196,1575440252.9370425
0.04744096235795452,1575440253.309429
0.04834339488636357,1575440253.6812222
0.04837091619318179,1575440254.0531259
0.047462713068181804,1575440254.437084
0.047432084517045434,1575440254.8094199
0.04656827059659096,1575440255.1812763
0.046900301846590914,1575440255.5531414
0.04747514204545459,1575440255.9372523
0.04775213068181819,1575440256.3090725
0.04719371448863636,1575440256.6814551
0.04713023792613635,1575440257.0530639
0.047408114346590875,1575440257.437054
0.04699041193181819,1575440257.809296
0.046436434659090885,1575440258.181352
0.047604758522727296,1575440258.5533748
0.046874999999999986,1575440258.9375157
0.047494229403409104,1575440259.309355
0.047356622869318216,1575440259.681091
0.04695490056818181,1575440260.0532026
0.04277033025568181,1575440260.4372814
0.03265625000000002,1575440260.809413
0.03219682173295454,1575440261.1812694
0.03445401278409091,1575440261.553208
0.03275435014204545,1575440261.9373507
0.03513849431818182,1575440262.3096187
0.03672851562499999,1575440262.681285
0.031645507812499994,1575440263.0534575
0.03203125000000001,1575440263.4374619
0.03284490411931818,1575440263.8093147
0.03552024147727276,1575440264.181156
0.03522727272727274,1575440264.553829
0.033694957386363626,1575440264.937582
0.03598366477272728,1575440265.3094983
0.03217507102272727,1575440265.6811993
0.03215376420454546,1575440266.0533574
0.03584117542613637,1575440266.4374933
0.032381036931818166,1575440266.8094406
0.032048117897727275,1575440267.1814377
0.03595791903409091,1575440267.5539422
0.03208052201704546,1575440267.937549
0.03535023082386363,1575440268.3094754
0.03477361505681818,1575440268.6815166
0.03312721946022728,1575440269.0535111
0.03274902343749999,1575440269.437481
0.03686035156249998,1575440269.809552
0.034150834517045446,1575440270.1813376
0.0349471768465909,1575440270.5534866
0.03471546519886364,1575440270.9372797
0.03266956676136365,1575440271.3098807
0.03302734374999999,1575440271.681279
0.033799272017045454,1575440272.053612
0.03777565696022726,1575440272.4376135
0.03462357954545456,1575440272.8095856
0.035706676136363656,1575440273.1813257
0.03258833451704544,1575440273.553815
0.03380104758522725,1575440273.9375722
0.037513760653409084,1575440274.3096309
0.03180530894886364,1575440274.6816087
0.03197487571022727,1575440275.0538576
0.047032137784090905,1575440275.437736
0.040658735795454565,1575440275.8095894
0.025155362215909076,1575440276.1813831
0.02660245028409091,1575440276.5538807
0.022822265624999998,1575440276.9377296
0.028759765625000017,1575440277.3096282
0.02472389914772727,1575440277.6814244
0.023622602982954547,1575440278.053615
0.02628373579545453,1575440278.437605
0.02544211647727273,1575440278.8098526
0.026803977272727274,1575440279.1815794
0.028484996448863646,1575440279.5539415
0.022767666903409103,1575440279.937846
0.024799804687500007,1575440280.309647
0.028017134232954544,1575440280.6816213
0.02197531960227271,1575440281.0540864
0.02141157670454544,1575440281.4376473
0.025569069602272735,1575440281.809802
0.021408913352272727,1575440282.1814458
0.021367187500000002,1575440282.5538075
0.025193980823863628,1575440282.9378402
0.021980646306818195,1575440283.3098156
0.024711914062499996,1575440283.6814723
0.023490323153409095,1575440284.0540287
0.023239968039772723,1575440284.437716
0.021576260653409094,1575440284.8098197
0.024509943181818206,1575440285.1814795
0.022324218749999975,1575440285.5538669
0.021267755681818167,1575440285.9380548
0.024791814630681804,1575440286.3099144
0.022122247869318178,1575440286.6815202
0.02144353693181818,1575440287.0541785
0.024619584517045465,1575440287.4378264
0.02133433948863637,1575440287.8099594
0.02300248579545455,1575440288.181549
0.023288352272727273,1575440288.5540593
0.022470703125,1575440288.9378672
0.024705699573863645,1575440289.3099682
0.024391867897727272,1575440289.681659
0.02164905894886362,1575440290.0539618
0.021404030539772714,1575440290.437964
0.021538973721590905,1575440290.809932
0.024232510653409103,1575440291.1815934
0.02179820667613636,1575440291.5542092
0.021388494318181805,1575440291.9379706
0.02567560369318183,1575440292.309957
0.025601917613636355,1575440292.6816094
0.02134321732954545,1575440293.0537686
0.02280761718749999,1575440293.4379604
0.028940873579545452,1575440293.8099673
0.022751686789772723,1575440294.181648
0.02601740056818183,1575440294.5540307
0.02172940340909089,1575440294.9379554
0.02202281605113635,1575440295.3100202
0.024658647017045447,1575440295.6816814
0.02120649857954543,1575440296.054019
0.02158602627840908,1575440296.4380336
0.02388805042613635,1575440296.8102396
0.02145596590909091,1575440297.1816826
0.021238902698863627,1575440297.5539703
0.02452325994318181,1575440297.9379451
0.021683238636363646,1575440298.3100562
0.021659712357954528,1575440298.6817133
0.021135031960227264,1575440299.0540354
0.024646218039772717,1575440299.4380126
0.021498579545454526,1575440299.8099709
0.021548295454545445,1575440300.1817389
0.024361239346590912,1575440300.5543032
0.021654385653409075,1575440300.9380083
0.02378817471590908,1575440301.3100262
0.024068270596590908,1575440301.681777
0.022303799715909074,1575440302.054219
0.02108886718749999,1575440302.4380043
0.024350585937500006,1575440302.810225
0.02132412997159091,1575440303.181781
0.021922052556818176,1575440303.5540965
0.02537908380681815,1575440303.9382105
0.02307439630681818,1575440304.3101707
0.024535245028409085,1575440304.6818118
0.02347966974431816,1575440305.0544453
0.021533647017045455,1575440305.438163
0.023901811079545462,1575440305.8101425
0.02402743252840907,1575440306.1818895
0.024727006392045427,1575440306.5541744
0.025720880681818194,1575440306.9380593
0.02144264914772726,1575440307.3100586
0.02188742897727272,1575440307.6818488
0.0244025213068182,1575440308.0541396
0.024597389914772713,1575440308.4382365
0.02278941761363636,1575440308.8100803
0.022600763494318176,1575440309.1818798
0.0262890625,1575440309.5541215
0.026437766335227268,1575440309.9381878
0.021342329545454546,1575440310.3103452
0.037862215909090925,1575440310.6819077
0.04528719815340909,1575440311.054214
0.04421741832386365,1575440311.4381156
0.05584738991477272,1575440311.810279
0.06530095880681817,1575440312.1820087
0.06106578480113634,1575440312.5542133
0.047237659801136346,1575440312.9382186
0.05001642400568177,1575440313.3102777
0.058249733664772714,1575440313.6819494
0.04900479403409093,1575440314.0542035
0.04878728693181821,1575440314.4380822
0.047900390625000025,1575440314.8102567
0.04400878906249997,1575440315.181937
0.06514559659090911,1575440315.5542123
0.04707697088068181,1575440315.9382074
0.04067915482954546,1575440316.3102849
0.04271351207386362,1575440316.6819932
0.05517356178977273,1575440317.0542557
0.056587357954545406,1575440317.438234
0.05074529474431821,1575440317.8103595
0.05700861150568179,1575440318.1821954
0.04899014559659088,1575440318.55423
0.047522638494318176,1575440318.938288
0.045604137073863654,1575440319.3102322
0.053049094460227285,1575440319.6820273
0.05414817116477275,1575440320.0543149
0.045708451704545454,1575440320.4382372
0.05549804687500003,1575440320.8102138
0.05128728693181817,1575440321.1820421
0.05380237926136361,1575440321.5544293
0.05292347301136364,1575440321.938294
0.046572265625000046,1575440322.3101015
0.05094726562499998,1575440322.6820796
0.05578790838068183,1575440323.0545318
0.05303089488636362,1575440323.4382894
0.04510342684659089,1575440323.8102531
0.04344992897727271,1575440324.1821034
0.04688876065340907,1575440324.5543551
0.04118474786931819,1575440324.9384043
0.038798828125000004,1575440325.310442
0.03591796875000002,1575440325.6821167
0.037943004261363655,1575440326.0545259
0.0365811434659091,1575440326.4383354
0.03990855823863637,1575440326.81024
0.03726118607954545,1575440327.1821506
0.03844770951704545,1575440327.554423
0.03654918323863637,1575440327.9384236
0.0362824041193182,1575440328.310403
0.03633522727272727,1575440328.6822407
0.036056906960227265,1575440329.05451
0.03645419034090907,1575440329.438544
0.03655983664772729,1575440329.8102484
0.05003817471590905,1575440330.1821995
0.04685546874999998,1575440330.554539
0.04136008522727273,1575440330.9385953
0.05886408025568182,1575440331.310248
0.0673610617897727,1575440331.682225
0.0648020241477273,1575440332.0544543
0.049067382812500004,1575440332.4384532
0.04325861150568182,1575440332.8104222
0.043152965198863635,1575440333.1822367
0.04305664062499999,1575440333.5545704
0.04318581321022728,1575440333.9386113
0.039369229403409076,1575440334.3105059
0.03840065696022724,1575440334.6823015
0.04396839488636367,1575440335.0545378
0.04604891690340908,1575440335.4384894
0.04486239346590908,1575440335.8105073
0.05754660866477274,1575440336.1823528
0.05469815340909093,1575440336.5545416
0.04393998579545456,1575440336.9384856
0.04334517045454548,1575440337.3104947
0.04328924005681819,1575440337.6823535
0.04299804687500002,1575440338.0544908
0.0433185369318182,1575440338.4385054
0.04320179332386362,1575440338.8106256
0.039840642755681825,1575440339.1823509
0.03835804332386365,1575440339.5546222
0.044130859375000005,1575440339.9385848
0.04637384588068184,1575440340.310422
0.04764382102272732,1575440340.6823397
0.05158602627840911,1575440341.054808
0.05264160156250002,1575440341.438587
0.03854314630681819,1575440341.8105514
0.04488148082386364,1575440342.182375
0.044158824573863616,1575440342.5545964
0.04238192471590906,1575440342.9385915
0.041383167613636355,1575440343.3104045
0.04826260653409089,1575440343.682416
0.04227583451704545,1575440344.0546224
0.041603338068181825,1575440344.4385705
0.0410098544034091,1575440344.810684
0.04896439985795455,1575440345.182481
0.040848721590909076,1575440345.5546567
0.04061479048295456,1575440345.9386725
0.04319912997159093,1575440346.310599
0.04025390624999997,1575440346.6824408
0.04214621803977272,1575440347.0548584
0.04344371448863634,1575440347.4386551
0.04012562144886363,1575440347.810858
0.039512606534090916,1575440348.1824684
0.041019176136363626,1575440348.5548882
0.04112659801136362,1575440348.9386919
0.041449307528409085,1575440349.310728
0.04138183593749997,1575440349.6825209
0.04790039062500001,1575440350.054721
0.04251198508522728,1575440350.4386644
0.04099298650568181,1575440350.8105679
