amperes,timestamp
0.04168900923295459,1575446912.9481552
0.04389781605113638,1575446913.3201551
0.04583895596590908,1575446913.6921484
0.04962935014204545,1575446914.076111
0.022369939630681793,1575446914.4481282
0.05016557173295451,1575446914.8201563
0.06815696022727277,1575446915.1921475
0.06983487215909097,1575446915.5761342
0.06420055042613637,1575446915.9481566
0.061272638494318195,1575446916.3201616
0.05209073153409094,1575446916.6921766
0.037496004971590995,1575446917.0761642
0.029029651988636326,1575446917.4481578
0.051083984374999954,1575446917.8201852
0.059026544744318156,1575446918.1922054
0.04726473721590908,1575446918.5761728
0.04455832741477271,1575446918.9481893
0.05355957031249996,1575446919.3202162
0.05892755681818178,1575446919.6922324
0.047709073153409075,1575446920.0761917
0.03890980113636367,1575446920.4482174
0.03961292613636361,1575446920.820245
0.04411709872159089,1575446921.1922445
0.047892844460227256,1575446921.5762208
0.047895063920454554,1575446921.9482388
0.05729359019886361,1575446922.3202417
0.053770419034090945,1575446922.6922686
0.0313995916193182,1575446923.07625
0.03886851917613637,1575446923.4482503
0.044373224431818174,1575446923.8202689
0.04358753551136368,1575446924.1922932
0.04704012784090911,1575446924.5762482
0.0465846946022727,1575446924.9482658
0.05108265269886365,1575446925.3203008
0.051367631392045476,1575446925.6922905
0.05012917258522728,1575446926.0762777
0.04873579545454547,1575446926.4483008
0.04111017400568183,1575446926.820329
0.04343794389204552,1575446927.1923244
0.048314985795454526,1575446927.57631
0.03155184659090909,1575446927.9483223
0.03631480823863637,1575446928.3203225
0.035804776278409084,1575446928.6923575
0.035591708096590915,1575446929.0763307
0.03895729758522727,1575446929.4483306
0.045728870738636386,1575446929.8203542
0.046190074573863656,1575446930.1923797
0.04747824928977273,1575446930.5763304
0.03602450284090914,1575446930.9483566
0.022236328125000007,1575446931.320383
0.0503089488636363,1575446931.6924083
0.07425071022727271,1575446932.0763547
0.06161265980113643,1575446932.4483812
0.05386763139204545,1575446932.8204093
0.05203391335227271,1575446933.192409
0.05334694602272724,1575446933.5763757
0.04428710937500002,1575446933.9484866
0.03030850497159091,1575446934.320486
0.04097034801136361,1575446934.692485
0.0474782492897727,1575446935.0764346
0.04633212002840911,1575446935.4484367
0.04363236860795454,1575446935.8204432
0.040882457386363605,1575446936.1924658
0.04144531250000002,1575446936.5764363
0.04064364346590909,1575446936.948443
0.0402099609375,1575446937.3204675
0.041103515625,1575446937.6924949
0.03767711292613638,1575446938.0764487
0.04245738636363634,1575446938.4484723
0.047609641335227285,1575446938.820492
0.04659179687500002,1575446939.1925137
0.05220569957386366,1575446939.5764751
0.05369495738636362,1575446939.948502
0.03205788352272725,1575446940.3205194
0.03785333806818177,1575446940.6925266
0.05350186434659089,1575446941.076508
0.0660759943181818,1575446941.448521
0.05447088068181819,1575446941.8205297
0.054453125000000026,1575446942.192545
0.06185591264204552,1575446942.5765238
0.061418678977272725,1575446942.9485333
0.06226074218750004,1575446943.3205442
0.013919566761363644,1575446943.6925745
0.05031383167613634,1575446944.0765386
0.05276500355113635,1575446944.448547
0.052123579545454546,1575446944.8205872
0.06110795454545454,1575446945.1926029
0.05764160156250003,1575446945.5765612
0.04727805397727274,1575446945.9485931
0.05095259232954542,1575446946.3206031
0.03726207386363639,1575446946.6926136
0.043136097301136364,1575446947.0765893
0.03790482954545454,1575446947.4486046
0.03662198153409093,1575446947.8206162
0.037296253551136326,1575446948.1926396
0.03660777698863636,1575446948.5766094
0.03714754971590908,1575446948.9486146
0.031110617897727285,1575446949.3206384
0.031590465198863625,1575446949.6926615
0.0379150390625,1575446950.076623
0.03867143110795453,1575446950.4486134
0.03841042258522727,1575446950.8206677
0.03450328480113636,1575446951.192689
0.034364790482954544,1575446951.576639
0.05769886363636361,1575446951.948676
0.040754616477272756,1575446952.3206885
0.03557661576704548,1575446952.692693
0.048093483664772715,1575446953.0766726
0.04789772727272729,1575446953.4486945
0.04001376065340915,1575446953.8207011
0.04005371093750002,1575446954.1927214
0.04337180397727274,1575446954.5766973
0.0354541015625,1575446954.948702
0.03927112926136362,1575446955.3207211
0.042330433238636334,1575446955.692828
0.03539018110795454,1575446956.0767808
0.038795720880681804,1575446956.448759
0.04336869673295459,1575446956.8207824
0.035504261363636394,1575446957.1927845
0.03678178267045455,1575446957.5767622
0.042011718750000024,1575446957.948752
0.037734818892045434,1575446958.3207734
0.034076704545454556,1575446958.692779
0.04442871093749998,1575446959.0767643
0.03843084161931818,1575446959.4487867
0.03451660156249999,1575446959.8207831
0.04123490767045456,1575446960.1928117
0.03783824573863637,1575446960.5767858
0.03530007102272728,1575446960.948785
0.037828036221590894,1575446961.3208134
0.04174804687500001,1575446961.6928325
0.035487837357954535,1575446962.076792
0.036872780539772713,1575446962.4487884
0.04348677201704544,1575446962.8208416
0.03557617187499999,1575446963.1928375
0.03747913707386365,1575446963.5768223
0.04488014914772728,1575446963.948849
0.0365287642045455,1575446964.3208604
0.034172141335227266,1575446964.6928647
0.04426180752840908,1575446965.076853
0.03626731178977274,1575446965.4488697
0.03511940696022725,1575446965.820897
0.04491432883522727,1575446966.1928992
0.03663707386363637,1575446966.5768743
0.03480202414772733,1575446966.9488788
0.03791193181818184,1575446967.3208935
0.03853027343750001,1575446967.6929207
0.03719460227272726,1575446968.0768769
0.03527166193181817,1575446968.4488926
0.050623224431818194,1575446968.8209286
0.036750710227272755,1575446969.192947
0.03496404474431818,1575446969.5769014
0.04126731178977272,1575446969.9489272
0.03589577414772725,1575446970.3209558
0.036344992897727274,1575446970.6929533
0.03785023082386365,1575446971.0769334
0.03674050071022728,1575446971.4489639
0.034821999289772726,1575446971.8209622
0.038464577414772695,1575446972.1929786
0.037825372869318204,1575446972.5769587
0.03631081321022726,1575446972.9489846
0.040142045454545465,1575446973.3209875
0.039512606534090854,1575446973.6929996
0.03401855468750001,1575446974.076978
0.03653852982954547,1575446974.4489806
0.039861505681818184,1575446974.821014
0.0347190163352273,1575446975.1930387
0.04013316761363633,1575446975.5769966
0.03700816761363637,1575446975.9490216
0.03586381392045456,1575446976.3210459
0.03484375000000001,1575446976.6930377
0.045271218039772715,1575446977.077018
0.0406791548295455,1575446977.4491038
0.04629927201704546,1575446977.8211198
0.050988103693181804,1575446978.1931221
0.04321777343749998,1575446978.5770717
0.046867453835227287,1575446978.9490726
0.04724609375000002,1575446979.321097
0.05180664062500002,1575446979.6930988
0.03872070312500003,1575446980.0770802
0.03845214843749998,1575446980.4490678
0.038702503551136365,1575446980.8211079
0.039502397017045415,1575446981.1931286
0.03858797940340909,1575446981.5770733
0.05444957386363641,1575446981.9491072
0.04560990767045449,1575446982.3211198
0.040433238636363646,1575446982.6931608
0.04135919744318181,1575446983.0771093
0.030357333096590906,1575446983.4491236
0.03722745028409094,1575446983.8211598
0.036869229403409094,1575446984.193155
0.036357421875000004,1575446984.5771344
0.03667391690340909,1575446984.949158
0.03730779474431818,1575446985.3211582
0.037113813920454555,1575446985.6931856
0.03595348011363634,1575446986.077158
0.036401811079545446,1575446986.4491577
0.03804243607954544,1575446986.8211896
0.036593128551136375,1575446987.1932106
0.03753950639204547,1575446987.5771656
0.034632457386363655,1575446987.9491842
0.03302112926136364,1575446988.3212173
0.04307839133522726,1575446988.6932414
0.03874289772727278,1575446989.0771885
0.03378817471590909,1575446989.4492195
0.03421919389204546,1575446989.8212423
0.04122159090909089,1575446990.1932333
0.034807794744318166,1575446990.5772157
0.033638583096590895,1575446990.9492471
0.04150479403409093,1575446991.3212314
0.03502840909090908,1575446991.6932724
0.03508611505681818,1575446992.077247
0.041366299715909084,1575446992.4492342
0.03708895596590912,1575446992.8212717
0.04061345880681819,1575446993.1932979
0.03952681107954547,1575446993.5772765
0.03605646306818181,1575446993.9492798
0.03443403764204542,1575446994.3212972
0.036518110795454535,1575446994.693326
0.0376416015625,1575446995.0772805
0.03508345170454545,1575446995.4493086
0.03380371093749998,1575446995.821335
0.04051269531249999,1575446996.193325
0.03505593039772729,1575446996.5773056
0.0330770596590909,1575446996.9493344
0.039344371448863664,1575446997.3213544
0.03517533735795456,1575446997.693352
0.03389781605113637,1575446998.0773296
0.039081143465909095,1575446998.4493663
0.03596235795454546,1575446998.821358
0.034034090909090924,1575446999.193454
0.03803533380681818,1575446999.5774176
0.036075550426136395,1575446999.949417
0.03411621093749999,1575447000.3214152
0.03800603693181818,1575447000.6934125
0.03807661576704547,1575447001.0773919
0.03498890269886359,1575447001.449394
0.03392933238636364,1575447001.821423
0.04193758877840909,1575447002.1934144
0.034987571022727246,1575447002.5773985
0.033239524147727274,1575447002.9494169
0.04268421519886365,1575447003.3214226
0.035333806818181816,1575447003.6934388
0.03404163707386364,1575447004.0774279
0.04001242897727271,1575447004.449452
0.035648526278409066,1575447004.8214445
0.03392666903409091,1575447005.1934652
0.03880681818181819,1575447005.5774531
0.03736106178977269,1575447005.949442
0.03457164417613638,1575447006.3214707
0.03657448508522726,1575447006.6934917
0.037064985795454544,1575447007.0774562
0.03532892400568182,1575447007.4494734
0.03313254616477272,1575447007.8214982
0.03967906605113634,1575447008.1934984
0.03477317116477274,1575447008.5774798
0.03373579545454548,1575447008.9495003
0.0408513849431818,1575447009.3215313
0.03494895241477277,1575447009.6935306
0.034231622869318176,1575447010.0775077
0.039486416903409094,1575447010.4495318
0.035574396306818204,1575447010.821529
0.03360884232954543,1575447011.1935565
0.03876509232954546,1575447011.5775409
0.03600852272727272,1575447011.9495378
0.03428045099431817,1575447012.3215501
0.03611683238636362,1575447012.6935823
0.042884854403409084,1575447013.0775664
0.03817959872159092,1575447013.449568
0.03340553977272725,1575447013.8215964
0.04117498224431818,1575447014.1935875
0.03501020951704543,1575447014.5775652
0.03303089488636364,1575447014.9495916
0.03981045809659092,1575447015.3216174
0.035128284801136375,1575447015.6936119
0.03382057883522726,1575447016.0775814
0.03842418323863639,1575447016.4496195
0.03551979758522727,1575447016.8216171
0.034016335227272716,1575447017.1936479
0.03830300071022728,1575447017.5776277
0.03531605113636367,1575447017.9496298
0.034799804687500026,1575447018.3216488
0.05099831321022727,1575447018.6936872
0.04549449573863639,1575447019.0776443
0.03600674715909094,1575447019.4496534
0.04459117542613637,1575447019.8216994
0.046689453124999995,1575447020.1936867
0.04596191406249998,1575447020.5776536
0.040328036221590924,1575447020.9497514
0.04105912642045457,1575447021.321763
0.034534357244318185,1575447021.6937523
0.033815696022727264,1575447022.077697
0.04827725497159091,1575447022.4496982
0.03995605468750001,1575447022.8217134
0.034708806818181774,1575447023.1937563
0.015098100142045464,1575447023.577701
0.03857954545454542,1575447023.9497302
0.04621626420454547,1575447024.3217337
0.054724786931818155,1575447024.6937475
0.06072842684659087,1575447025.0777364
0.05712002840909088,1575447025.4497316
0.05175337357954547,1575447025.8217618
0.0436962890625,1575447026.1937792
0.03528231534090911,1575447026.5777328
0.03395640980113636,1575447026.9497533
0.041797762784090906,1575447027.3217828
0.035364435369318194,1575447027.6937993
0.03480335582386362,1575447028.0777488
0.04046919389204546,1575447028.4497862
0.03610440340909093,1575447028.82182
0.03398970170454542,1575447029.1938047
0.03960981889204548,1575447029.5778005
0.037270507812500006,1575447029.9498107
0.034310635653409104,1575447030.321819
0.03681329900568184,1575447030.6938393
0.03760253906249999,1575447031.0778158
0.034848632812500016,1575447031.4498188
0.033412198153409116,1575447031.821861
0.04254971590909097,1575447032.1938877
0.035149147727272734,1575447032.577826
0.03452903053977274,1575447032.9498389
0.04216574928977273,1575447033.3218784
0.035408380681818175,1575447033.6938944
0.034502840909090914,1575447034.07783
0.04431551846590907,1575447034.449894
0.04396573153409091,1575447034.8218975
0.04656383167613639,1575447035.193899
0.0551123046875,1575447035.5778806
0.03730335582386365,1575447035.9499023
0.0335546875,1575447036.321909
0.039367009943181826,1575447036.6939225
0.03843483664772727,1575447037.077907
0.039021218039772744,1575447037.4499094
0.03738591974431819,1575447037.8219287
0.03856178977272729,1575447038.1939564
0.039184570312499986,1575447038.5779207
0.03919300426136363,1575447038.949933
0.03767533735795455,1575447039.3219576
0.0385906427556818,1575447039.6939814
0.03842817826704547,1575447040.0779371
0.03881303267045454,1575447040.449964
0.03555886008522726,1575447040.8219848
0.039431374289772746,1575447041.1939888
0.03951083096590906,1575447041.5779626
0.03923473011363636,1575447041.9499886
0.03792080965909091,1575447042.321993
0.03940163352272727,1575447042.6940117
0.038741566051136385,1575447043.07805
0.038724254261363646,1575447043.45005
0.038067737926136366,1575447043.8220453
0.038813032670454516,1575447044.194047
0.03920498934659092,1575447044.5780206
0.038518732244318156,1575447044.950047
0.03757324218750002,1575447045.3220527
0.038160067471590904,1575447045.6940725
0.03494850852272728,1575447046.0780258
0.037436079545454526,1575447046.4500718
0.04443581321022725,1575447046.822078
0.035037730823863626,1575447047.1940653
0.036957563920454524,1575447047.5780559
0.04058061079545452,1575447047.9500773
0.03535289417613641,1575447048.3220806
0.03619007457386364,1575447048.6941032
0.04189630681818178,1575447049.078085
0.036217151988636356,1575447049.450088
0.0360245028409091,1575447049.8221126
0.042117365056818186,1575447050.1941297
0.0551211825284091,1575447050.5781114
0.0400572620738636,1575447050.9501102
0.038462357954545466,1575447051.322132
0.05354891690340913,1575447051.694163
0.04669167258522726,1575447052.0781162
0.037533735795454534,1575447052.4501727
0.04171786221590907,1575447052.8221629
0.048298561789772744,1575447053.1941583
0.03892578124999999,1575447053.5781357
0.045473632812499984,1575447053.9501715
0.04413707386363637,1575447054.3221624
0.035030184659090906,1575447054.6941867
0.041603338068181825,1575447055.0781724
0.04053311434659095,1575447055.4501934
0.03522105823863637,1575447055.8221917
0.04001020951704546,1575447056.1942143
0.03785023082386363,1575447056.5781958
0.03500799005681818,1575447056.9501967
0.03702237215909089,1575447057.322231
0.04065518465909091,1575447057.6942472
0.03410378196022727,1575447058.0782096
0.03535999644886362,1575447058.4502513
0.0430171342329545,1575447058.8222508
0.033157848011363664,1575447059.1942704
0.03507990056818183,1575447059.5782285
0.0446271306818182,1575447059.9502563
0.04144797585227269,1575447060.3222558
0.036317027698863635,1575447060.6942725
0.042737482244318156,1575447061.0782602
0.03794566761363635,1575447061.4502807
0.035669389204545425,1575447061.822282
0.041278409090909095,1575447062.1943042
0.03978204900568184,1575447062.5782902
0.033972389914772694,1575447062.9502876
0.038083718039772715,1575447063.3223073
0.04017977627840907,1575447063.6943364
0.0337646484375,1575447064.078286
0.035763494318181814,1575447064.4503665
0.04294389204545456,1575447064.822388
0.03520996093750003,1575447065.1943803
0.03722656250000002,1575447065.5783527
0.04280850497159093,1575447065.9503431
0.03538441051136362,1575447066.3223653
0.03617720170454545,1575447066.694397
0.04087136008522728,1575447067.0783484
0.03599343039772726,1575447067.4503574
0.034961825284090885,1575447067.8223698
0.040412819602272713,1575447068.1943884
0.03802379261363636,1575447068.578371
0.03437588778409089,1575447068.950376
0.0371240234375,1575447069.3224008
0.04226873224431821,1575447069.6944263
0.033676313920454524,1575447070.0783978
0.03549538352272727,1575447070.4504118
0.04250932173295456,1575447070.8224347
0.0349795809659091,1575447071.1944523
0.03770152698863634,1575447071.5784023
0.04161798650568182,1575447071.9504387
0.03574129971590906,1575447072.3224523
0.03513272372159092,1575447072.6944544
0.04338955965909089,1575447073.0784326
0.038740678267045484,1575447073.4504547
0.03491122159090908,1575447073.8224642
0.04060502485795455,1575447074.194487
0.04018465909090911,1575447074.5784578
0.03380104758522726,1575447074.9504633
0.03830122514204543,1575447075.3224869
0.043678089488636364,1575447075.6945028
0.03473943536931823,1575447076.0784843
0.036539861505681843,1575447076.4504998
0.04184836647727271,1575447076.8225205
0.0357248757102273,1575447077.1945374
0.0368026455965909,1575447077.5784926
0.04156915838068183,1575447077.9505217
0.036213156960227276,1575447078.3225403
0.035970791903409065,1575447078.694535
0.04056773792613637,1575447079.0785198
0.03587402343750002,1575447079.4505465
0.035175781249999996,1575447079.8225381
0.040151367187500016,1575447080.194574
0.038610617897727274,1575447080.5785387
0.034693270596590886,1575447080.9505794
0.037270507812499985,1575447081.3225765
0.04369495738636363,1575447081.6945965
0.0456227805397727,1575447082.078578
0.041967773437499974,1575447082.4505887
0.05044921874999997,1575447082.822606
0.049969371448863625,1575447083.194624
0.03649680397727275,1575447083.5785778
0.04149414062500001,1575447083.9506097
0.04233975497159092,1575447084.322643
0.03511052911931818,1575447084.6946287
0.04097966974431817,1575447085.0786161
0.04073597301136364,1575447085.4506307
0.03390047940340909,1575447085.8227336
0.04463600852272724,1575447086.1947346
0.04471679687500001,1575447086.578685
0.03478604403409089,1575447086.9506962
0.04428178267045455,1575447087.322695
0.041393377130681835,1575447087.6946883
0.03394753196022724,1575447088.078667
0.03660511363636366,1575447088.450661
0.043405539772727264,1575447088.8226914
0.03510298295454549,1575447089.1947074
0.03720791903409091,1575447089.5786684
0.042099609375000006,1575447089.9507058
0.03599476207386363,1575447090.3227382
0.03577769886363633,1575447090.69474
0.0425537109375,1575447091.0787036
0.03645063920454548,1575447091.4507244
0.03501775568181818,1575447091.8227403
0.04061567826704549,1575447092.1947503
0.0398921342329545,1575447092.578723
0.035583718039772734,1575447092.950756
0.04151944247159088,1575447093.3227506
0.04293634588068184,1575447093.6947753
0.03397416548295453,1575447094.078748
0.03622824928977278,1575447094.4507856
0.040690252130681774,1575447094.8227763
0.03576526988636366,1575447095.1948059
0.03921342329545452,1575447095.578757
0.04043723366477274,1575447095.950782
0.035534889914772744,1575447096.3227997
0.03628728693181817,1575447096.6948278
0.04070800781250004,1575447097.0787814
0.036408913352272705,1575447097.4508066
0.03531338778409092,1575447097.8228354
0.03980468749999998,1575447098.1948383
0.03767622514204547,1575447098.5788105
0.0347674005681818,1575447098.9508376
0.03674094460227276,1575447099.3228426
0.04074928977272728,1575447099.694867
0.03381480823863637,1575447100.0788426
0.03633611505681819,1575447100.4508486
0.041844815340909114,1575447100.8228655
0.03545276988636367,1575447101.1948917
0.03687810724431816,1575447101.5788734
0.04079634232954545,1575447101.9508727
0.037274058948863625,1575447102.3228917
0.0361075106534091,1575447102.6948886
0.040091885653409085,1575447103.0788841
0.03608043323863637,1575447103.450896
0.03486727627840908,1575447103.8229246
0.04098632812499998,1575447104.194921
0.04027965198863634,1575447104.5789006
0.03412642045454545,1575447104.9509318
0.03887606534090909,1575447105.3229296
0.04961026278409088,1575447105.6949458
0.033763760653409094,1575447106.0789235
0.03745383522727272,1575447106.4509635
0.04695623224431817,1575447106.8229604
0.03813609730113638,1575447107.1949828
0.0358176491477273,1575447107.5789323
0.041520330255681796,1575447107.951027
0.035553533380681804,1575447108.3230329
0.03616432883522726,1575447108.6950338
0.04321732954545452,1575447109.0789955
0.046422674005681855,1575447109.450982
0.04413307883522726,1575447109.8230078
0.04740234375000006,1575447110.1950314
0.018819247159090908,1575447110.5789902
0.0502885298295454,1575447110.951007
0.07541503906250008,1575447111.3230352
0.015313387784090917,1575447111.695043
0.05028053977272733,1575447112.0790267
0.06747336647727278,1575447112.4510434
0.05584028764204547,1575447112.8230398
0.04532492897727276,1575447113.195063
0.039596946022727286,1575447113.5790398
0.0404363458806818,1575447113.951039
0.02950506036931819,1575447114.3230665
0.03725363991477273,1575447114.6950932
0.0369513494318182,1575447115.0790467
0.03821244673295455,1575447115.4510741
0.03730912642045453,1575447115.823095
0.038175159801136345,1575447116.195116
0.037796963778409055,1575447116.5790741
0.03782492897727273,1575447116.951104
0.037139115767045434,1575447117.3231132
0.03678133877840909,1575447117.6951277
0.03801979758522728,1575447118.079108
0.03739923650568183,1575447118.4511406
0.03773970170454546,1575447118.8231275
0.03735617897727272,1575447119.1951513
0.03723455255681818,1575447119.579124
0.037245649857954546,1575447119.9511344
0.03721946022727271,1575447120.3231528
0.044541015625,1575447120.6951795
0.03820401278409091,1575447121.0791636
0.03702769886363639,1575447121.451158
0.03744806463068183,1575447121.8231893
0.037871093750000015,1575447122.1951997
0.037333096590909096,1575447122.579162
0.037114257812499975,1575447122.9511971
0.037187499999999984,1575447123.3232143
0.041098188920454554,1575447123.695211
0.04611949573863634,1575447124.0791936
0.03241965553977272,1575447124.4512217
0.03524680397727271,1575447124.8232172
0.03605113636363634,1575447125.1952295
0.03617320667613636,1575447125.579222
0.03536754261363636,1575447125.951219
0.03953125000000003,1575447126.3232417
0.04643155184659093,1575447126.6952763
0.04593217329545457,1575447127.0792549
0.04545809659090912,1575447127.4512382
0.04520907315340911,1575447127.8232698
0.04779074928977273,1575447128.1952937
0.030029740767045458,1575447128.5792458
0.038043323863636354,1575447128.9512763
0.04329456676136364,1575447129.3233016
0.049249822443181844,1575447129.695379
0.051008966619318204,1575447130.0793314
0.05559969815340909,1575447130.4513278
0.058160511363636355,1575447130.8233263
0.050470969460227284,1575447131.1953266
0.03998401988636365,1575447131.579315
0.049298650568181834,1575447131.9513333
0.03788396661931815,1575447132.3233292
0.04181596235795452,1575447132.6954043
0.04711958451704543,1575447133.0793161
0.04620250355113635,1575447133.4513369
0.05294522372159089,1575447133.8233614
0.04754572088068181,1575447134.1953926
0.03280273437499999,1575447134.579339
0.03637162642045454,1575447134.9513662
0.040676047585227276,1575447135.3233953
0.03661709872159089,1575447135.695389
0.03194557883522727,1575447136.0793843
0.03778275923295454,1575447136.4513955
0.037025479403409084,1575447136.8233936
0.044221857244318166,1575447137.1954136
0.0465358664772727,1575447137.5794077
0.04580788352272726,1575447137.9514256
0.05104314630681814,1575447138.3234253
0.05057128906249999,1575447138.6954398
0.049467773437500015,1575447139.0794265
0.04291548295454541,1575447139.4514272
0.03863103693181819,1575447139.8234494
0.04079234730113633,1575447140.1954765
0.04663796164772725,1575447140.579444
0.038211558948863626,1575447140.9514534
0.037243874289772744,1575447141.3234835
0.0443328302556818,1575447141.6954777
0.04664817116477271,1575447142.0794618
0.0469011896306818,1575447142.4514835
0.060876686789772705,1575447142.8235118
0.05686878551136361,1575447143.1955066
0.05263982599431819,1575447143.579488
0.03562322443181816,1575447143.9515054
0.03654607599431818,1575447144.323512
0.04642489346590906,1575447144.6955287
0.04210981889204545,1575447145.0795255
0.04682794744318179,1575447145.4515138
0.04836115056818185,1575447145.8235393
0.044228071732954545,1575447146.1955678
0.044364346590909105,1575447146.5795152
0.014554776278409091,1575447146.9515371
0.049872602982954546,1575447147.3235736
0.06461603338068184,1575447147.6955655
0.05501953125000003,1575447148.079546
0.053220880681818176,1575447148.4515724
0.05245916193181815,1575447148.8235977
0.05305486505681818,1575447149.195596
0.053033114346590936,1575447149.5795746
0.05316450639204546,1575447149.951595
0.05245738636363634,1575447150.3235984
0.052227006392045465,1575447150.6956234
0.052050337357954585,1575447151.0796728
0.05213245738636366,1575447151.4516773
0.05276234019886366,1575447151.8236825
0.05778719815340907,1575447152.195676
0.052337979403409084,1575447152.5796335
0.05236061789772726,1575447152.951659
0.05190518465909092,1575447153.3236554
0.05160111860795458,1575447153.695657
0.05286576704545456,1575447154.079634
0.05221013849431817,1575447154.4516573
0.05150257457386361,1575447154.8236852
0.052039240056818176,1575447155.195689
0.05052024147727272,1575447155.5796587
0.05224209872159088,1575447155.9516978
0.052267844460227274,1575447156.3236916
0.05200461647727275,1575447156.6957173
0.05114790482954545,1575447157.0796921
0.051219815340909074,1575447157.4516861
0.05132235440340908,1575447157.823714
0.0513165838068182,1575447158.1957524
0.05192915482954546,1575447158.5797212
0.051441761363636325,1575447158.9517229
0.051210937499999956,1575447159.3237479
0.05074396306818182,1575447159.6957755
0.050616122159090865,1575447160.079806
0.05767844460227276,1575447160.4517486
0.05957697088068182,1575447160.823766
0.06098233309659091,1575447161.1957717
0.0625821200284091,1575447161.5797427
0.06595214843750002,1575447161.9517686
0.04172984730113634,1575447162.3237984
0.03301269531249999,1575447162.695795
0.034840198863636346,1575447163.0797827
0.045902876420454555,1575447163.451776
0.04531516335227276,1575447163.823805
0.05183771306818183,1575447164.1958232
0.047434747869318214,1575447164.5798092
0.03407315340909091,1575447164.951803
0.03755903764204543,1575447165.3238254
0.03692560369318183,1575447165.695853
0.03657404119318181,1575447166.079808
0.03779385653409091,1575447166.4518325
0.04704012784090911,1575447166.823863
0.04587846235795455,1575447167.1958542
0.048387340198863635,1575447167.5798311
0.05042258522727273,1575447167.9518619
0.03840420809659091,1575447168.3238873
0.03824485085227273,1575447168.6959136
0.038083274147727254,1575447169.0798743
0.037337091619318155,1575447169.451885
0.03897549715909096,1575447169.82389
0.03811834161931818,1575447170.1959183
0.038272372159090864,1575447170.579888
0.035098544034090906,1575447170.9518905
0.0363405539772727,1575447171.3239145
0.03670720880681819,1575447171.6959434
0.03886230468749998,1575447172.079901
0.036998401988636354,1575447172.4519331
0.03782670454545454,1575447172.8240266
0.038075284090909066,1575447173.1960154
0.037995827414772754,1575447173.5799747
0.037111150568181824,1575447173.9519749
0.03870916193181816,1575447174.3239727
0.03832208806818183,1575447174.6959937
0.03769131747159092,1575447175.0799534
0.03838955965909091,1575447175.4519804
0.0354052734375,1575447175.823977
0.03506303267045457,1575447176.1960025
0.04972789417613633,1575447176.579986
0.03640891335227273,1575447176.9519792
0.035128284801136375,1575447177.324003
0.038649236505681854,1575447177.696029
0.04335271661931816,1575447178.0800178
0.03461425781250002,1575447178.4520085
0.03386585582386364,1575447178.8240492
0.04235706676136363,1575447179.1960323
0.034559659090909085,1575447179.5800114
0.03656383167613637,1575447179.9520333
0.04026811079545452,1575447180.3240664
0.03786665482954547,1575447180.6960616
0.03568270596590909,1575447181.0800438
