amperes,timestamp
0.041925603693181844,1575449726.237731
0.04275612571022727,1575449726.6216955
0.03786132812500001,1575449726.993701
0.05383611505681817,1575449727.3657348
0.05615367542613636,1575449727.7377365
0.0456258877840909,1575449728.1216936
0.04464089133522727,1575449728.4937475
0.05000532670454544,1575449728.865734
0.05184703480113637,1575449729.2377563
0.05535688920454544,1575449729.6217334
0.060927734375,1575449729.9938269
0.052928355823863626,1575449730.3657594
0.05241654829545451,1575449730.7377815
0.04979092684659092,1575449731.1217363
0.0454913884943182,1575449731.4937577
0.04557173295454548,1575449731.8657885
0.04442249644886364,1575449732.2378066
0.042666015625000005,1575449732.6217673
0.04887828480113638,1575449732.9938083
0.038544921875,1575449733.365842
0.04630814985795457,1575449733.7378325
0.04965198863636366,1575449734.1218808
0.04697576349431818,1575449734.4938807
0.054322620738636355,1575449734.8658762
0.054137961647727266,1575449735.2378743
0.05490722656249998,1575449735.6218326
0.03628551136363638,1575449735.9938695
0.036233132102272705,1575449736.36586
0.03557705965909091,1575449736.737881
0.03585360440340909,1575449737.1218555
0.03558194247159091,1575449737.4938745
0.03675071022727272,1575449737.8658848
0.03644620028409091,1575449738.2379124
0.03613947088068181,1575449738.6218703
0.0356875887784091,1575449738.993895
0.03557661576704544,1575449739.365923
0.03708718039772724,1575449739.7379243
0.03669389204545457,1575449740.1218987
0.044480202414772685,1575449740.4939213
0.044747425426136384,1575449740.8659246
0.044914772727272706,1575449741.2379484
0.04892400568181822,1575449741.6219249
0.04764382102272728,1575449741.9939327
0.028606178977272724,1575449742.3659554
0.030977894176136368,1575449742.7379837
0.040299627130681824,1575449743.1219378
0.030817649147727274,1575449743.4939606
0.03707341974431817,1575449743.865984
0.037728160511363636,1575449744.2379985
0.038219105113636354,1575449744.6219618
0.03718927556818185,1575449744.9939897
0.03754483309659094,1575449745.366014
0.03726518110795458,1575449745.7380214
0.03747958096590909,1575449746.121996
0.03725452769886365,1575449746.4939911
0.03807040127840911,1575449746.8660219
0.04507768110795453,1575449747.2380462
0.04626331676136362,1575449747.6220236
0.04592507102272726,1575449747.9940329
0.05564719460227274,1575449748.3660524
0.049112215909090935,1575449748.7380772
0.03943803267045458,1575449749.1220593
0.03539284446022738,1575449749.494053
0.02649458451704545,1575449749.86608
0.04945933948863632,1575449750.2381015
0.055046164772727287,1575449750.6220624
0.03889426491477271,1575449750.994087
0.03758389559659092,1575449751.366108
0.037699307528409116,1575449751.7381103
0.0373104580965909,1575449752.122095
0.037527521306818176,1575449752.4941216
0.037666459517045454,1575449752.866114
0.038187144886363614,1575449753.2381394
0.036782226562500006,1575449753.6221333
0.035537109375000014,1575449753.9941463
0.02628018465909092,1575449754.3661423
0.03615767045454546,1575449754.7381802
0.04554332386363635,1575449755.1221554
0.04677068536931821,1575449755.49415
0.04872381036931817,1575449755.8662417
0.04541326349431816,1575449756.2382572
0.05634232954545456,1575449756.6221964
0.046758700284090904,1575449756.9942064
0.0467902166193182,1575449757.3662055
0.05785733309659093,1575449757.7382283
0.05339133522727271,1575449758.1222188
0.0546013849431818,1575449758.4942071
0.05198109019886364,1575449758.8662295
0.03613236860795465,1575449759.2382371
0.03142001065340911,1575449759.6222198
0.05464666193181819,1575449759.9942384
0.06407004616477271,1575449760.3662388
0.057341974431818224,1575449760.7382758
0.03800914417613635,1575449761.122252
0.039075372869318156,1575449761.494248
0.03803977272727271,1575449761.8662727
0.037466708096590924,1575449762.2382948
0.03772904829545453,1575449762.622279
0.03752663352272727,1575449762.9942827
0.03852183948863637,1575449763.3663065
0.03838556463068179,1575449763.73831
0.039868607954545436,1575449764.1222928
0.0468563565340909,1575449764.494318
0.046359641335227304,1575449764.8663354
0.044801136363636355,1575449765.2383327
0.03137029474431818,1575449765.6223145
0.032207031249999976,1575449765.9943395
0.035583718039772706,1575449766.3663406
0.033720703124999994,1575449766.73837
0.028386452414772712,1575449767.1223485
0.036451970880681805,1575449767.4943435
0.038568448153409075,1575449767.866375
0.047048117897727226,1575449768.2383955
0.04621315696022729,1575449768.622379
0.04688698508522728,1575449768.994378
0.05565030184659088,1575449769.3664002
0.04896928267045452,1575449769.7384276
0.016343661221590904,1575449770.1223752
0.04988192471590909,1575449770.4944103
0.06751864346590908,1575449770.8664277
0.06295410156249996,1575449771.238432
0.03515269886363637,1575449771.622411
0.0382990056818182,1575449771.9944098
0.038235529119318185,1575449772.3664346
0.037551935369318196,1575449772.7384624
0.037438299005681776,1575449773.1224506
0.03453568892045455,1575449773.494471
0.037327325994318185,1575449773.8664715
0.03801269531250002,1575449774.2384899
0.038295898437499976,1575449774.622478
0.037344193892045435,1575449774.9944723
0.0376398259943182,1575449775.3664963
0.037349520596590906,1575449775.7385237
0.03802334872159091,1575449776.1224937
0.04688698508522731,1575449776.494505
0.046919389204545484,1575449776.8665323
0.0468350497159091,1575449777.2385283
0.0376837713068182,1575449777.6225817
0.031234019886363568,1575449777.9945867
0.050498490767045476,1575449778.366584
0.05463334517045454,1575449778.7385762
0.046605557528409065,1575449779.1225398
0.052409446022727284,1575449779.494562
0.058316317471590925,1575449779.866555
0.06004483309659093,1575449780.238579
0.05397061434659091,1575449780.6225736
0.035845170454545466,1575449780.994568
0.038883167613636395,1575449781.3665912
0.03012695312499997,1575449781.738618
0.03765935724431817,1575449782.1225991
0.03752175071022726,1575449782.494605
0.036466175426136366,1575449782.8666248
0.02666548295454548,1575449783.2386248
0.037672230113636386,1575449783.6225965
0.037810724431818196,1575449783.9946356
0.03660822088068183,1575449784.3666506
0.0324627130681818,1575449784.7386498
0.03031605113636362,1575449785.1226158
0.028730024857954534,1575449785.4946575
0.05198952414772725,1575449785.8666565
0.05717640269886365,1575449786.2386873
0.06330211292613641,1575449786.6226616
0.0627969637784091,1575449786.9946647
0.06376553622159088,1575449787.3666873
0.06082430752840909,1575449787.738715
0.05850452769886365,1575449788.1226876
0.05217107599431817,1575449788.4946985
0.05212180397727269,1575449788.8667123
0.0503626598011364,1575449789.2387495
0.01700195312499999,1575449789.6226974
0.04964710582386361,1575449789.9947312
0.06798117897727274,1575449790.3667502
0.05760120738636368,1575449790.7387533
0.03780362215909089,1575449791.1227305
0.04423872514204547,1575449791.4947553
0.04715820312499998,1575449791.8667579
0.04076615767045456,1575449792.2387784
0.0411643288352273,1575449792.622758
0.03994096235795456,1575449792.994759
0.04029785156249999,1575449793.3667874
0.04803267045454545,1575449793.7388127
0.05008700284090906,1575449794.122789
0.042768110795454534,1575449794.4947848
0.040929066051136345,1575449794.866821
0.04470836292613634,1575449795.2388473
0.035176225142045464,1575449795.6227942
0.03568714488636364,1575449795.9948251
0.0504074928977273,1575449796.3668451
0.0443594637784091,1575449796.7388477
0.03666814630681818,1575449797.1228268
0.044697709517045436,1575449797.4948506
0.0409099786931818,1575449797.8668735
0.03528142755681817,1575449798.2388523
0.04870028409090912,1575449798.622854
0.0395720880681818,1575449798.994855
0.035672052556818226,1575449799.3669555
0.04034934303977269,1575449799.7389483
0.019343927556818186,1575449800.1229084
0.049467329545454526,1575449800.4949052
0.06329723011363632,1575449800.8669038
0.057724609375,1575449801.2389407
0.051757368607954504,1575449801.6228974
0.053117897727272705,1575449801.9949136
0.06272150213068181,1575449802.3669488
0.05350585937500002,1575449802.7389596
0.052587890624999994,1575449803.1229243
0.05291148792613631,1575449803.494951
0.05307661576704544,1575449803.8669648
0.052871981534090916,1575449804.2389698
0.059741210937500025,1575449804.6229525
0.05182883522727271,1575449804.9949782
0.04821954900568183,1575449805.3669722
0.04235839843750002,1575449805.7389927
0.03816317471590906,1575449806.1229818
0.03431507457386363,1575449806.4949841
0.0418976384943182,1575449806.867007
0.03700195312500001,1575449807.2390325
0.0339510830965909,1575449807.6229875
0.040083895596590924,1575449807.9950163
0.038999467329545415,1575449808.3670373
0.03456809303977274,1575449808.739059
0.03738059303977273,1575449809.123018
0.039802024147727266,1575449809.4950433
0.03426979758522728,1575449809.8670638
0.040733309659090895,1575449810.239065
0.042983842329545455,1575449810.6230505
0.042105823863636364,1575449810.995072
0.04342418323863634,1575449811.3670816
0.046806196732954525,1575449811.739087
0.03547940340909091,1575449812.1230745
0.03805131392045455,1575449812.4950788
0.04421786221590911,1575449812.867101
0.04889870383522735,1575449813.2391212
0.04580033735795455,1575449813.6230814
0.049668856534090915,1575449813.9951046
0.04812322443181815,1575449814.367112
0.02970703124999999,1575449814.7391503
0.04317205255681818,1575449815.1231332
0.04326305042613638,1575449815.4951367
0.03813476562499997,1575449815.8671598
0.043182705965909084,1575449816.2391608
0.03841308593750002,1575449816.6231477
0.03417036576704545,1575449816.9951637
0.03824751420454546,1575449817.3671703
0.03815740411931816,1575449817.7391863
0.038193359374999986,1575449818.123169
0.03914328835227274,1575449818.4951775
0.039541903409090896,1575449818.8671923
0.03849964488636363,1575449819.2392285
0.03906827059659092,1575449819.623205
0.03887029474431818,1575449819.9951992
0.03970436789772728,1575449820.3672287
0.042181285511363624,1575449820.7393384
0.039759854403409074,1575449821.1231925
0.03523748224431821,1575449821.4952822
0.03768243963068182,1575449821.867286
0.04196067116477273,1575449822.2392914
0.038188476562500025,1575449822.6232407
0.03590198863636363,1575449822.9952674
0.03920232599431817,1575449823.3672824
0.035750621448863665,1575449823.7392828
0.03397505326704547,1575449824.1232688
0.038404651988636386,1575449824.4952898
0.03705877130681819,1575449824.8672922
0.035484286221590895,1575449825.2393188
0.03536310369318181,1575449825.623299
0.04321732954545454,1575449825.9953039
0.037522638494318174,1575449826.3673224
0.033956853693181833,1575449826.739355
0.04174183238636363,1575449827.1233032
0.03494895241477276,1575449827.4953358
0.03425648082386363,1575449827.8673573
0.04023304332386364,1575449828.2393625
0.03529518821022728,1575449828.6233401
0.03384232954545455,1575449828.9953628
0.039036754261363646,1575449829.367355
0.035639648437500025,1575449829.7393844
0.03379838423295455,1575449830.123368
0.03848188920454542,1575449830.4953895
0.03922318892045454,1575449830.8673854
0.034975585937499984,1575449831.2394154
0.035105646306818145,1575449831.6233892
0.04057484019886364,1575449831.995393
0.036467950994318196,1575449832.3674188
0.03267356178977271,1575449832.7394428
0.042585671164772715,1575449833.123405
0.042738370028409085,1575449833.4954295
0.035313831676136366,1575449833.8674545
0.04070845170454546,1575449834.2394466
0.035371093750000034,1575449834.6234255
0.03418057528409091,1575449834.9954588
0.039759854403409116,1575449835.367482
0.036241566051136376,1575449835.7394855
0.03420321377840909,1575449836.1234593
0.038099698153409065,1575449836.4954813
0.03684126420454546,1575449836.8674853
0.035962357954545485,1575449837.2395098
0.037468039772727266,1575449837.6234913
0.04296475497159093,1575449837.9954963
0.033417080965909104,1575449838.367514
0.03445667613636366,1575449838.7395294
0.047604758522727275,1575449839.1235197
0.038851651278409075,1575449839.4955213
0.034928977272727264,1575449839.8675497
0.040799893465909086,1575449840.2395732
0.03801180752840911,1575449840.6235313
0.03477938565340909,1575449840.995554
0.04020063920454544,1575449841.3675811
0.03480868252840909,1575449841.7395732
0.035086558948863616,1575449842.1235492
0.037503107244318164,1575449842.4956641
0.03628773082386367,1575449842.8676603
0.03524724786931819,1575449843.2396536
0.034631569602272726,1575449843.6236224
0.04068936434659095,1575449843.9956093
0.03491299715909092,1575449844.3676336
0.03297363281250002,1575449844.7396286
0.04153364701704545,1575449845.1235971
0.03500754616477276,1575449845.495621
0.03431241122159091,1575449845.8676374
0.039876154119318157,1575449846.2396688
0.03542524857954546,1575449846.6236267
0.03365278764204545,1575449846.9956467
0.0402099609375,1575449847.367666
0.035362215909090944,1575449847.7396708
0.03398215553977273,1575449848.1236463
0.0378759765625,1575449848.4956799
0.03599431818181821,1575449848.8676844
0.03531560724431819,1575449849.2396986
0.03469016335227271,1575449849.623689
0.038993696732954566,1575449849.9957137
0.03494229403409094,1575449850.3677077
0.03268377130681819,1575449850.7397285
0.041161221590909125,1575449851.1237164
0.03512384588068183,1575449851.495701
0.03732910156250001,1575449851.867725
0.05658469460227274,1575449852.2397578
0.04479447798295454,1575449852.6237211
0.04492143110795457,1575449852.9957266
0.047362393465909085,1575449853.3677619
0.045805220170454554,1575449853.7397714
0.04163441051136364,1575449854.1237547
0.045521573153409066,1575449854.4957747
0.0482168856534091,1575449854.867797
0.03798606178977273,1575449855.2398002
0.037065873579545466,1575449855.6237848
0.04825550426136361,1575449855.995801
0.035214843749999995,1575449856.3678021
0.03756081321022728,1575449856.7398264
0.045510031960227265,1575449857.1238081
0.03877219460227273,1575449857.4958107
0.035906427556818186,1575449857.8678405
0.04230024857954546,1575449858.239858
0.03497114701704544,1575449858.6238132
0.03461026278409091,1575449858.9958441
0.038976828835227254,1575449859.3678627
0.03615767045454548,1575449859.7398577
0.034096679687499985,1575449860.1238456
0.04324351917613638,1575449860.495868
0.03597700639204544,1575449860.8678927
0.03606223366477276,1575449861.239898
0.03844815340909092,1575449861.623875
0.04152787642045456,1575449861.9958975
0.03564586292613639,1575449862.3679004
0.033235529119318194,1575449862.739928
0.04457386363636366,1575449863.1239052
0.03574840198863639,1575449863.4959092
0.03421075994318181,1575449863.867933
0.040599254261363654,1575449864.2400293
0.03541326349431816,1575449864.623988
0.03440607244318181,1575449864.9959936
0.04046830610795456,1575449865.3679914
0.035548650568181836,1575449865.7399843
0.03396972656250004,1575449866.1239655
0.03827814275568182,1575449866.4959638
0.037463600852272724,1575449866.8679872
0.035125177556818175,1575449867.2399812
0.03569291548295454,1575449867.6239698
0.046403142755681824,1575449867.995995
0.04460537997159088,1575449868.3679914
0.04824795809659093,1575449868.7400188
0.05446644176136365,1575449869.1239936
0.04264692826704546,1575449869.4960015
0.030059925426136374,1575449869.8680224
0.03908691406249997,1575449870.240053
0.03818137428977277,1575449870.624035
0.039269353693181804,1575449870.9960318
0.0392835582386364,1575449871.3680546
0.04018243963068184,1575449871.7400901
0.029416725852272715,1575449872.1240358
0.03831676136363637,1575449872.496067
0.029732776988636345,1575449872.8680916
0.037278497869318195,1575449873.2400842
0.02467063210227274,1575449873.6240633
0.030327592329545468,1575449873.99609
0.03540616122159092,1575449874.3680964
0.036531427556818194,1575449874.7401125
0.03632590553977274,1575449875.1241033
0.031702325994318166,1575449875.4961016
0.03308504971590907,1575449875.8681276
0.03716264204545455,1575449876.2401433
0.02648970170454545,1575449876.624129
0.028624378551136368,1575449876.99613
0.03220481178977274,1575449877.3681521
0.037180397727272725,1575449877.7401814
0.0364151278409091,1575449878.124131
0.037287375710227284,1575449878.4961627
0.034985795454545436,1575449878.8681855
0.02854580965909092,1575449879.240179
0.025992542613636368,1575449879.6241682
0.03147904829545454,1575449879.996181
0.030093661221590892,1575449880.3682168
0.036795987215909105,1575449880.740209
0.026174094460227285,1575449881.1241965
0.03700639204545451,1575449881.4962184
0.037523970170454515,1575449881.8682163
0.03692160866477272,1575449882.2402372
0.02536798650568182,1575449882.6242225
0.03757146661931818,1575449882.9962094
0.037907049005681814,1575449883.3682513
0.03605513139204548,1575449883.7402756
0.02653453480113639,1575449884.1242235
0.0465021306818182,1575449884.4962516
0.03901012073863636,1575449884.8682823
0.03859463778409091,1575449885.2402794
0.04271661931818181,1575449885.6242628
0.0324307528409091,1575449885.9963524
0.037823597301136345,1575449886.3683567
0.037112038352272725,1575449886.7403576
0.02519708806818181,1575449887.124317
0.030301846590909093,1575449887.4963078
0.03268510298295455,1575449887.8683426
0.02523837002840909,1575449888.2403588
0.03575639204545453,1575449888.6243184
0.03169344815340908,1575449888.9963186
0.030822975852272724,1575449889.3683412
0.028967507102272746,1575449889.7403712
0.02695933948863638,1575449890.1243489
0.03297807173295454,1575449890.4963388
0.03786265980113643,1575449890.8683734
0.036431107954545454,1575449891.2404003
0.025756392045454532,1575449891.6243482
0.03802956321022727,1575449891.9963796
0.03752974076704548,1575449892.3683915
0.036117720170454545,1575449892.740406
0.027041459517045466,1575449893.124384
0.03143066406250001,1575449893.4964082
0.031339222301136345,1575449893.8684058
0.03763849431818182,1575449894.2404337
0.034138405539772716,1575449894.6244109
0.03315562855113637,1575449894.9964128
0.04269575639204547,1575449895.3684375
0.04424183238636364,1575449895.7404606
0.03454678622159092,1575449896.1244419
0.03912464488636365,1575449896.4964416
0.04312056107954548,1575449896.8684661
0.03590687144886363,1575449897.2404792
0.03862615411931818,1575449897.6244435
0.04264737215909091,1575449897.996471
0.03481134588068181,1575449898.3684826
0.03496360085227271,1575449898.7404943
0.04505814985795457,1575449899.1244814
0.047903497869318225,1575449899.4964974
0.03918545809659091,1575449899.8685029
0.04018465909090908,1575449900.240525
0.04202725497159093,1575449900.6245003
0.03385653409090908,1575449900.9965339
0.039931196732954526,1575449901.368531
0.04509987571022726,1575449901.7405639
0.03399414062500001,1575449902.1245391
0.03780229048295454,1575449902.4965668
0.042408558238636325,1575449902.8685641
0.03503773082386367,1575449903.2405849
0.03911798650568183,1575449903.6245682
0.04213689630681819,1575449903.99657
0.03536843039772726,1575449904.3685932
0.036076882102272737,1575449904.7405882
0.04510253906249998,1575449905.1245785
0.03645685369318185,1575449905.4965885
0.035205078125,1575449905.8686197
0.042258966619318133,1575449906.2406237
0.03830699573863641,1575449906.6246057
0.03366255326704548,1575449906.996628
0.04021528764204545,1575449907.3686268
0.042911487926136395,1575449907.740734
0.0340664950284091,1575449908.124679
0.038551580255681825,1575449908.496686
0.04325062144886362,1575449908.8686824
0.035139382102272736,1575449909.240683
0.03812544389204549,1575449909.6246672
0.045748401988636375,1575449909.9966931
0.03707830255681819,1575449910.3686483
0.035182883522727304,1575449910.7406917
0.04570223721590906,1575449911.1246743
0.040357333096590904,1575449911.4966917
0.03473233309659089,1575449911.8687315
0.04317737926136366,1575449912.240719
0.03878373579545456,1575449912.6247046
0.033866299715909105,1575449912.9967272
0.03832963423295454,1575449913.3687267
0.044297762784090866,1575449913.7407477
0.032782759232954574,1575449914.1247232
0.035199751420454534,1575449914.4967403
0.04586647727272728,1575449914.8687522
0.04506702769886363,1575449915.240781
0.03903364701704549,1575449915.624741
0.03635387073863634,1575449915.9967616
0.047993164062500024,1575449916.3687913
0.03465332031249999,1575449916.740804
0.03865944602272727,1575449917.124762
0.048214666193181877,1575449917.4967895
0.043109019886363606,1575449917.8688202
0.03685990767045453,1575449918.2408154
0.045263227982954526,1575449918.62479
0.03559392755681819,1575449918.9968152
0.03776766690340906,1575449919.3688266
0.04347833806818182,1575449919.7408426
0.03492320667613638,1575449920.124824
0.03512473366477272,1575449920.4968462
0.04510786576704543,1575449920.8688502
0.04004527698863632,1575449921.2408683
0.035002663352272756,1575449921.6248581
0.044659978693181814,1575449921.9968555
0.04847212357954544,1575449922.3688843
0.03624955610795456,1575449922.7409108
0.04173029119318179,1575449923.1248631
0.039994673295454516,1575449923.496881
0.0337539950284091,1575449923.868912
0.04180397727272724,1575449924.2409158
0.03980335582386362,1575449924.6248913
0.03363148082386362,1575449924.9969099
0.045468749999999974,1575449925.3689167
0.016807528409090878,1575449925.7409403
0.048430397727272756,1575449926.1249244
0.06228116122159089,1575449926.4969618
0.05477405894886364,1575449926.8689506
0.054938299005681784,1575449927.2409766
0.046661044034090916,1575449927.6249523
0.03948774857954545,1575449927.996952
0.04920942826704549,1575449928.3689818
0.04145507812500002,1575449928.7410038
0.04189408735795453,1575449929.1250613
0.04411931818181815,1575449929.4970381
0.0347598544034091,1575449929.8690617
0.040976562499999994,1575449930.2410536
0.04197798295454546,1575449930.6249998
0.033747780539772745,1575449930.9970155
0.040961470170454546,1575449931.3690374
0.04897238991477274,1575449931.7410684
0.03963512073863635,1575449932.12501
0.036496360085227275,1575449932.497062
0.04584161931818185,1575449932.869046
0.036632191051136395,1575449933.2410681
0.04378595525568179,1575449933.6250522
0.04298295454545459,1575449933.9970462
0.03597922585227274,1575449934.3690708
0.035331143465909085,1575449934.7411034
0.04864080255681822,1575449935.1250765
0.04039328835227274,1575449935.4970803
0.03512473366477271,1575449935.8691087
0.04253329190340909,1575449936.2410653
0.043538707386363625,1575449936.625085
0.03450594815340908,1575449936.9971142
0.03817338423295454,1575449937.369139
0.04979225852272727,1575449937.7411323
0.039001242897727266,1575449938.125114
0.03627974076704549,1575449938.497156
0.0440411931818182,1575449938.8691366
0.035680930397727274,1575449939.2411518
0.03855513139204544,1575449939.625137
0.04298428622159089,1575449939.9971607
0.0360546875,1575449940.3691664
0.037274058948863625,1575449940.7411804
0.044443359374999984,1575449941.125158
0.037413884943181853,1575449941.4971583
0.03526766690340909,1575449941.8691924
0.04041237571022728,1575449942.2412148
0.04077814275568179,1575449942.6251562
0.03420276988636362,1575449942.9971817
0.03764160156250002,1575449943.3692107
0.04179465553977271,1575449943.7412088
0.03409756747159092,1575449944.1251943
0.04214311079545458,1575449944.4972239
0.04441051136363636,1575449944.8692086
0.03584295099431818,1575449945.2412367
0.03945756392045456,1575449945.6252148
0.041663263494318176,1575449945.9972365
0.03561523437500003,1575449946.3692427
0.036055131392045456,1575449946.7412617
0.04591397372159091,1575449947.1252365
0.04530584161931823,1575449947.4972334
0.036662375710227305,1575449947.8692615
0.041671253551136364,1575449948.2412865
0.04111550071022724,1575449948.6252367
0.036119495738636376,1575449948.9972649
0.04291814630681819,1575449949.3692877
0.04342684659090908,1575449949.7412891
0.03753417968750002,1575449950.125276
0.037841796875000014,1575449950.497313
0.04476251775568178,1575449950.8692966
0.035771928267045484,1575449951.241384
0.03730113636363638,1575449951.625347
0.049587180397727235,1575449951.9973445
0.03740678267045456,1575449952.3693454
0.03518510298295455,1575449952.7413442
0.04400745738636365,1575449953.1253266
0.04208540482954545,1575449953.4973185
0.03526322798295454,1575449953.8693395
0.040333362926136374,1575449954.2413745
0.04614479758522726,1575449954.6253283
0.046294833096590875,1575449954.9973428
0.04009943181818179,1575449955.3693728
0.04720525568181817,1575449955.7413642
0.037862659801136365,1575449956.1253467
0.0353204900568182,1575449956.497388
0.04499911221590907,1575449956.8693974
0.04753861860795455,1575449957.2413895
0.04815074573863636,1575449957.6253777
0.04960005326704546,1575449957.9973962
0.05549893465909089,1575449958.3693876
0.0530539772727273,1575449958.7414112
0.04212935014204547,1575449959.1254025
0.057375266335227285,1575449959.4973974
0.057171075994318164,1575449959.8694222
0.0585094105113636,1575449960.2414465
0.014853959517045457,1575449960.6254013
0.05032049005681815,1575449960.9974284
0.06411221590909089,1575449961.3694491
0.06219371448863636,1575449961.7414415
0.06247647372159095,1575449962.1254253
0.06106090198863638,1575449962.4974554
0.05697931463068184,1575449962.8694792
0.049957386363636364,1575449963.2414768
0.052084960937499994,1575449963.6254547
0.04969327059659086,1575449963.9974742
0.029325727982954557,1575449964.3694801
0.03722922585227271,1575449964.7414968
0.03768821022727273,1575449965.1254833
0.03818980823863634,1575449965.4974785
0.04290216619318183,1575449965.8695092
0.04683948863636365,1575449966.2415235
0.04629927201704545,1575449966.6255064
0.048509410511363614,1575449966.9975045
0.04531516335227271,1575449967.3695273
0.056457297585227245,1575449967.7415566
0.03820933948863635,1575449968.125505
0.0428542258522727,1575449968.4975376
0.04075239701704546,1575449968.8695633
0.04002041903409089,1575449969.2415605
0.04314142400568184,1575449969.6255322
0.04625399502840909,1575449969.9975538
0.04059747869318178,1575449970.369576
0.037936345880681795,1575449970.7415829
0.03732555042613637,1575449971.125557
0.03834650213068179,1575449971.497578
0.03766823508522725,1575449971.8695812
0.04260653409090907,1575449972.2416008
0.040228604403409106,1575449972.6255655
0.04606800426136362,1575449972.9976778
0.04754483309659094,1575449973.3696659
0.024141068892045384,1575449973.7416546
0.03986505681818181,1575449974.125608
0.05913574218750002,1575449974.4976122
0.05961337002840909,1575449974.8696275
0.06409712357954547,1575449975.2416637
0.05918057528409092,1575449975.6256163
0.055351118607954546,1575449975.997634
0.05418279474431821,1575449976.3696384
0.05450727982954545,1575449976.7416635
0.05391823508522727,1575449977.1256437
0.053565340909090924,1575449977.4976852
0.05125532670454546,1575449977.8696523
0.05103382457386363,1575449978.2416866
0.051775568181818166,1575449978.6256802
0.05149058948863633,1575449978.9976766
0.05069602272727269,1575449979.3697047
0.05080788352272726,1575449979.7417324
0.051242009943181815,1575449980.1256878
0.050685813210227255,1575449980.4976954
0.05150790127840909,1575449980.8697045
0.0515842507102273,1575449981.2417235
0.04667347301136364,1575449981.6257205
0.0515189985795454,1575449981.9977112
0.050507812500000006,1575449982.369739
0.04960759943181818,1575449982.7417684
0.05105646306818181,1575449983.125707
0.05009676846590911,1575449983.4977536
0.05027965198863636,1575449983.8697672
0.052193714488636356,1575449984.2417717
0.04323863636363636,1575449984.6257381
0.027100053267045465,1575449984.9977584
0.03738148082386361,1575449985.3697612
0.03566761363636363,1575449985.7417812
0.03972656250000002,1575449986.1257634
0.04684348366477273,1575449986.4977672
0.04575861150568183,1575449986.8697844
0.05391956676136365,1575449987.2418358
0.05135076349431814,1575449987.6257544
0.030479847301136374,1575449987.9977899
0.03733931107954546,1575449988.369819
0.04250221946022727,1575449988.7418413
0.03460759943181816,1575449989.1258059
0.04423162286931818,1575449989.497825
0.046447975852272734,1575449989.8698428
0.04591574928977273,1575449990.2418456
0.014553444602272743,1575449990.6258245
0.050032848011363616,1575449990.997849
0.06189275568181818,1575449991.3698444
0.06011585582386366,1575449991.7418597
0.06214089133522725,1575449992.125846
0.04357377485795451,1575449992.4978514
0.045395063920454504,1575449992.8698747
0.03298561789772729,1575449993.2419012
0.03654873934659089,1575449993.625854
0.03719016335227272,1575449993.9978745
0.03754350142045455,1575449994.369977
0.03555930397727273,1575449994.7419689
0.035759055397727266,1575449995.125932
0.03586203835227271,1575449995.4979296
0.035797674005681804,1575449995.8699322
0.03638272372159089,1575449996.2419264
0.03626331676136364,1575449996.6259027
0.03613636363636364,1575449996.9979255
0.03555886008522729,1575449997.3699296
0.0356503018465909,1575449997.7419546
0.035637872869318174,1575449998.1259346
0.03605868252840909,1575449998.4979272
0.0359912109375,1575449998.8699584
0.03571422230113637,1575449999.2419815
0.035891779119318165,1575449999.6259353
0.03559392755681821,1575449999.9979625
0.035273437500000004,1575450000.3699837
0.03201171875,1575450000.741982
0.0321932705965909,1575450001.1259682
0.03543989701704542,1575450001.4979804
0.036768909801136354,1575450001.869983
0.03608309659090912,1575450002.2420087
0.04013671875000002,1575450002.6259868
0.04672363281249996,1575450002.9980078
0.04578435724431818,1575450003.3700078
0.05431551846590909,1575450003.7420344
0.05448419744318179,1575450004.1260152
0.05327192826704546,1575450004.4980142
0.04319202769886368,1575450004.8700333
0.02755060369318185,1575450005.2420592
0.043844549005681833,1575450005.6260202
0.04688876065340912,1575450005.9980512
0.04451748934659092,1575450006.3700633
0.04784268465909088,1575450006.742093
0.043678089488636336,1575450007.1260412
0.04789417613636366,1575450007.4980695
0.04817027698863632,1575450007.8700871
0.030099431818181806,1575450008.2420647
0.03958496093750002,1575450008.6260688
0.045300071022727255,1575450008.9980872
0.0357461825284091,1575450009.3700829
0.0373370916193182,1575450009.7421155
0.03665305397727274,1575450010.1260972
0.036780894886363616,1575450010.498072
0.036972212357954545,1575450010.870116
0.03534135298295453,1575450011.2421384
0.03490234374999998,1575450011.626102
0.03500799005681816,1575450011.9981182
0.03547452059659091,1575450012.3701425
0.035034623579545475,1575450012.742153
0.03982998934659091,1575450013.1261225
0.04621315696022728,1575450013.4981413
0.045505149147727235,1575450013.870168
0.05393687855113635,1575450014.2421606
0.055555308948863645,1575450014.6261456
0.05546608664772725,1575450014.9981773
0.04465465198863638,1575450015.3701704
0.03807084517045454,1575450015.7421892
0.03706587357954546,1575450016.126256
0.03690474076704545,1575450016.498244
0.03683327414772727,1575450016.8702426
0.036742276278409085,1575450017.2422493
0.03659889914772726,1575450017.6262
0.03485174005681818,1575450017.9982235
0.036043146306818166,1575450018.3702183
0.0352068536931818,1575450018.742244
0.03512562144886364,1575450019.1262026
0.035761718750000004,1575450019.4982042
0.03725941051136366,1575450019.8702557
0.038711381392045455,1575450020.242249
0.03028941761363636,1575450020.6262312
0.03588512073863635,1575450020.9982557
0.03528053977272724,1575450021.370252
0.0352854225852273,1575450021.7422733
0.03653675426136361,1575450022.1262584
0.04563654119318184,1575450022.498286
0.04565030184659091,1575450022.8702776
0.04875088778409089,1575450023.2423015
0.05143110795454546,1575450023.6262894
0.0332168856534091,1575450023.9982781
0.037737482244318166,1575450024.3702989
0.036831498579545416,1575450024.7423284
0.044687500000000005,1575450025.1262867
0.04609774502840906,1575450025.498312
0.04588334517045455,1575450025.8703475
0.05358620383522726,1575450026.242326
0.04686878551136363,1575450026.6263118
0.025486061789772706,1575450026.9983313
0.029464666193181787,1575450027.3703516
0.04794389204545453,1575450027.7423508
0.051488370028409114,1575450028.1263347
0.03987437855113637,1575450028.4983559
0.035410156249999984,1575450028.8703618
0.03744362571022728,1575450029.242382
0.038220436789772744,1575450029.6263611
0.03892755681818182,1575450029.9983675
0.037859996448863655,1575450030.370391
0.03879128196022728,1575450030.7424128
0.03862349076704544,1575450031.1263678
0.03887428977272728,1575450031.4983964
0.03661576704545457,1575450031.8704126
0.03412553267045455,1575450032.24241
0.04657315340909091,1575450032.6263905
0.044323064630681794,1575450032.9984157
0.03234241832386365,1575450033.37044
0.03485262784090909,1575450033.7424338
0.04601162997159093,1575450034.1264265
0.03760564630681815,1575450034.4984412
0.03552157315340907,1575450034.8704402
0.036889204545454565,1575450035.242462
0.04905539772727272,1575450035.6264548
0.03596546519886368,1575450035.9984446
0.0407785866477273,1575450036.370474
0.043560014204545416,1575450036.7424831
0.035233931107954565,1575450037.1264477
