amperes,timestamp
0.0418301669034091,1575443488.3968241
0.044546342329545435,1575443488.7688286
0.04620339133522726,1575443489.1408083
0.04873623934659094,1575443489.524808
0.020240145596590927,1575443489.8968208
0.05012340198863636,1575443490.2688556
0.07214843749999997,1575443490.6408565
0.06624644886363638,1575443491.0248392
0.062057439630681735,1575443491.3968725
0.05262428977272729,1575443491.7688594
0.056501242897727275,1575443492.1408856
0.04489035866477274,1575443492.5248697
0.04171875,1575443492.8968668
0.04592418323863638,1575443493.2688954
0.049745205965909096,1575443493.640926
0.0423956853693182,1575443494.0248752
0.049106001420454536,1575443494.396899
0.04464222301136367,1575443494.7689207
0.057636718749999934,1575443495.1409492
0.05251109730113635,1575443495.524899
0.05316273082386365,1575443495.896935
0.042094282670454536,1575443496.26896
0.03918457031249998,1575443496.6409554
0.03763316761363634,1575443497.0249214
0.03695756392045452,1575443497.396968
0.04125443892045456,1575443497.7689734
0.04696910511363637,1575443498.1409783
0.04762739701704543,1575443498.524954
0.05428267045454542,1575443498.8969598
0.04810724431818182,1575443499.2689605
0.039305308948863645,1575443499.6410143
0.04720436789772727,1575443500.0249908
0.05312899502840906,1575443500.396988
0.051226473721590914,1575443500.7690175
0.04094904119318184,1575443501.1410384
0.056919389204545444,1575443501.5249724
0.05359019886363642,1575443501.89702
0.04781072443181818,1575443502.2690477
0.04765758167613636,1575443502.6410427
0.014167258522727271,1575443503.0250254
0.05002441406250002,1575443503.3970244
0.07177734375,1575443503.769051
0.05042080965909091,1575443504.1410835
0.05381969105113636,1575443504.5250602
0.054219193892045416,1575443504.8970814
0.054261363636363656,1575443505.2690861
0.05494007457386359,1575443505.6410894
0.053384232954545474,1575443506.0250695
0.05299138849431818,1575443506.3970776
0.05297718394886365,1575443506.7690997
0.05373801491477276,1575443507.141136
0.056183860085227216,1575443507.5251029
0.061391157670454506,1575443507.8972054
0.06063299005681819,1575443508.2692022
0.05450417258522727,1575443508.6412065
0.0530886008522727,1575443509.0251591
0.03186212713068179,1575443509.397136
0.03223499644886365,1575443509.769159
0.047528852982954534,1575443510.1411998
0.0722869318181818,1575443510.5251625
0.054864169034090894,1575443510.8971853
0.014123313210227265,1575443511.2691967
0.05033824573863637,1575443511.6411874
0.06606622869318182,1575443512.0251694
0.06545987215909091,1575443512.3971746
0.06060102982954545,1575443512.7691994
0.05451482599431817,1575443513.1412225
0.0536518998579545,1575443513.525174
0.054700816761363645,1575443513.8972287
0.061689897017045456,1575443514.2692437
0.06137606534090908,1575443514.6412754
0.06012207031249999,1575443515.025225
0.04549715909090906,1575443515.397237
0.05491432883522729,1575443515.7692418
0.05151988636363638,1575443516.1412783
0.054194335937500025,1575443516.525256
0.05557217684659093,1575443516.8972833
0.05279651988636363,1575443517.269297
0.0529851740056818,1575443517.6412976
0.0524778053977273,1575443518.0252872
0.05342906605113637,1575443518.3972785
0.05260830965909093,1575443518.769301
0.05243696732954546,1575443519.1413214
0.052336203835227295,1575443519.525287
0.051971324573863685,1575443519.897312
0.05229314630681814,1575443520.269348
0.05867675781250002,1575443520.6413734
0.06084872159090908,1575443521.0253294
0.0603622159090909,1575443521.3973424
0.06286665482954545,1575443521.7693934
0.0474152166193182,1575443522.1413763
0.05230779474431816,1575443522.525356
0.05494140624999997,1575443522.8973773
0.04328125,1575443523.269374
0.04702370383522732,1575443523.6414027
0.03360973011363637,1575443524.025376
0.03244495738636364,1575443524.3973823
0.04295765269886363,1575443524.7694173
0.04101784446022725,1575443525.1414506
0.04863991477272726,1575443525.5253878
0.02036487926136363,1575443525.8974075
0.04830699573863642,1575443526.2694325
0.0658602627840909,1575443526.6414592
0.06252397017045457,1575443527.0254133
0.059265358664772685,1575443527.3974469
0.015720880681818185,1575443527.7694747
0.050296963778409115,1575443528.1414895
0.06874200994318186,1575443528.5254753
0.05317160866477276,1575443528.8974912
0.05748801491477273,1575443529.2694855
0.05380282315340913,1575443529.6415854
0.053721147017045466,1575443530.0255518
0.04995916193181817,1575443530.397552
0.038666548295454545,1575443530.7695577
0.040533558238636365,1575443531.1415575
0.049893909801136345,1575443531.5255265
0.014032315340909084,1575443531.8975334
0.04118563565340908,1575443532.2695546
0.06188831676136359,1575443532.641548
0.07227716619318181,1575443533.025527
0.060685813210227264,1575443533.3975685
0.03687988281249999,1575443533.7695997
0.047648259943181864,1575443534.1415808
0.05054687500000001,1575443534.5255668
0.041798650568181835,1575443534.8975916
0.04628417968750001,1575443535.269606
0.03594415838068181,1575443535.6416023
0.037619850852272735,1575443536.02562
0.044178799715909135,1575443536.3975966
0.03592462713068183,1575443536.769625
0.039773615056818194,1575443537.1416588
0.04341219815340908,1575443537.5256317
0.03851207386363636,1575443537.8976176
0.035083451704545486,1575443538.2696493
0.04676713423295456,1575443538.641682
0.04006436434659094,1575443539.0256212
0.03575816761363637,1575443539.3976502
0.04171342329545452,1575443539.7697108
0.039664861505681784,1575443540.141691
0.0356387606534091,1575443540.5256743
0.04008345170454544,1575443540.8976939
0.040112748579545436,1575443541.269698
0.03564985795454546,1575443541.641732
0.036608664772727256,1575443542.025721
0.043671431107954545,1575443542.3977242
0.0357248757102273,1575443542.7697272
0.03840775923295453,1575443543.1417484
0.0431192294034091,1575443543.525717
0.03605024857954549,1575443543.8977146
0.03677601207386365,1575443544.2697551
0.04611638849431817,1575443544.64179
0.0362255859375,1575443545.0257394
0.03455033735795455,1575443545.3977735
0.04889382102272727,1575443545.769818
0.03908425071022726,1575443546.1418216
0.03522150213068183,1575443546.5257843
0.038641246448863666,1575443546.8978105
0.03908336292613636,1575443547.2698133
0.034527698863636394,1575443547.641837
0.03735706676136363,1575443548.0258222
0.040522460937499984,1575443548.3978422
0.0342333984375,1575443548.769844
0.03845836292613636,1575443549.1418705
0.03940030184659087,1575443549.5258472
0.03506347656250001,1575443549.8978467
0.03763671874999999,1575443550.2698774
0.03699263139204543,1575443550.641896
0.0367138671875,1575443551.0258515
0.035361328125000036,1575443551.3979523
0.037753018465909116,1575443551.7699528
0.03814630681818181,1575443552.1419535
0.035776811079545466,1575443552.525916
0.040944158380681814,1575443552.897912
0.039143288352272765,1575443553.2699368
0.03462224786931818,1575443553.641956
0.03642578125000002,1575443554.0259242
0.04009943181818185,1575443554.3979433
0.034406072443181814,1575443554.76994
0.0373282137784091,1575443555.1419704
0.038481001420454526,1575443555.525948
0.0353524502840909,1575443555.8979673
0.03832164417613637,1575443556.2699788
0.04151677911931818,1575443556.6420052
0.042356178977272715,1575443557.0259748
0.04493119673295458,1575443557.397987
0.054170365767045446,1575443557.770008
0.0407772549715909,1575443558.14203
0.03581143465909093,1575443558.5259926
0.03836958451704547,1575443558.8980114
0.038975941051136366,1575443559.2700417
0.039456232244318185,1575443559.6420412
0.03863148082386365,1575443560.026021
0.040016867897727244,1575443560.3980484
0.038790838068181815,1575443560.770071
0.040217063210227236,1575443561.1420774
0.047419211647727236,1575443561.526056
0.0386416903409091,1575443561.8980787
0.03752041903409089,1575443562.2700841
0.038626598011363616,1575443562.6420977
0.04057750355113635,1575443563.0260782
0.032627397017045444,1575443563.398083
0.035673384232954526,1575443563.7701063
0.04042169744318178,1575443564.1421201
0.04629305752840906,1575443564.5260909
0.04709250710227276,1575443564.8981178
0.05224121093749999,1575443565.2701497
0.03729359019886365,1575443565.6421678
0.03525124289772725,1575443566.0261266
0.038726029829545455,1575443566.398137
0.038768643465909074,1575443566.7701552
0.03955078124999998,1575443567.1421573
0.03768377130681816,1575443567.5261555
0.03876997514204542,1575443567.898185
0.038548473011363646,1575443568.270184
0.03870427911931821,1575443568.6421995
0.03730735085227274,1575443569.0261927
0.03950772372159092,1575443569.3981962
0.03877530184659091,1575443569.7702157
0.03868963068181817,1575443570.1422427
0.03755726207386364,1575443570.5261965
0.03510609019886363,1575443570.898194
0.04138050426136361,1575443571.270218
0.03980113636363636,1575443571.6422472
0.03396573153409093,1575443572.0262253
0.03439098011363639,1575443572.398256
0.04154163707386362,1575443572.7702746
0.0356516335227273,1575443573.1423573
0.035178444602272735,1575443573.5263143
0.04072753906249998,1575443573.898314
0.035471413352272725,1575443574.2703128
0.03413751775568182,1575443574.642311
0.040064808238636396,1575443575.0262957
0.03766202059659092,1575443575.398323
0.03409002130681818,1575443575.770323
0.04145152698863638,1575443576.14232
0.03974786931818181,1575443576.5262673
0.035029296875000004,1575443576.8982959
0.03318137428977273,1575443577.2703264
0.04303932883522728,1575443577.642348
0.03529030539772728,1575443578.0263333
0.03311479048295455,1575443578.3983612
0.04026722301136362,1575443578.7703595
0.03541370738636363,1575443579.1423814
0.03468394886363634,1575443579.526368
0.03828258167613634,1575443579.8983676
0.03582386363636367,1575443580.2703896
0.03627663352272726,1575443580.6424117
0.03809037642045453,1575443581.0264018
0.03489701704545456,1575443581.398396
0.03490900213068184,1575443581.770421
0.03749289772727272,1575443582.1424484
0.04016512784090911,1575443582.5264018
0.035727095170454526,1575443582.8984303
0.03352095170454544,1575443583.2704651
0.04109863281250004,1575443583.6424513
0.03524547230113637,1575443584.0264406
0.03343439275568182,1575443584.3984647
0.04203080610795456,1575443584.770484
0.03523215553977273,1575443585.142488
0.03471502130681817,1575443585.526471
0.04152876420454548,1575443585.8984914
0.03589488636363638,1575443586.2704625
0.034683504971590895,1575443586.6424878
0.03952592329545457,1575443587.0264716
0.03614124644886365,1575443587.3985038
0.034391867897727246,1575443587.7705288
0.03660111860795456,1575443588.142551
0.037946111505681814,1575443588.5265055
0.03490456321022729,1575443588.898534
0.03322709517045454,1575443589.2705667
0.04068625710227271,1575443589.64256
0.03501775568181821,1575443590.026539
0.03339799360795453,1575443590.3985682
0.03926624644886364,1575443590.7705915
0.035300958806818196,1575443591.1425924
0.03501686789772728,1575443591.5265715
0.039351917613636385,1575443591.8985953
0.03543013139204545,1575443592.2706015
0.03690163352272726,1575443592.6426206
0.04066583806818181,1575443593.0266013
0.03598854758522729,1575443593.3986058
0.034530806107954545,1575443593.7706285
0.03643732244318182,1575443594.142658
0.03818181818181816,1575443594.526614
0.03483842329545458,1575443594.8987105
0.03329634232954548,1575443595.2707217
0.0416495028409091,1575443595.642707
0.03518510298295456,1575443596.026664
0.03323552911931818,1575443596.3986695
0.0402814275568182,1575443596.7706711
0.03522460937500004,1575443597.1426888
0.035047496448863645,1575443597.5266805
0.03922807173295455,1575443597.8987055
0.0361066228693182,1575443598.2707026
0.03393954190340914,1575443598.6427245
0.03754616477272728,1575443599.0267043
0.036718306107954575,1575443599.3987093
0.034183238636363626,1575443599.770732
0.03639692826704543,1575443600.1427584
0.037212801846590926,1575443600.5267124
0.035036399147727285,1575443600.8987424
0.038264825994318165,1575443601.2707705
0.020534446022727273,1575443601.6427608
0.04414151278409092,1575443602.0267196
0.06915349786931814,1575443602.3987744
0.06362260298295455,1575443602.770796
0.05915971235795463,1575443603.142802
0.05813165838068181,1575443603.5267816
0.06052157315340908,1575443603.898804
0.06127840909090907,1575443604.2708082
0.051361860795454545,1575443604.6428328
0.06054865056818184,1575443605.0268178
0.05362171519886363,1575443605.398814
0.039017666903409125,1575443605.7708366
0.041682794744318206,1575443606.1428647
0.03946866122159089,1575443606.5268166
0.03519042968750002,1575443606.8988168
0.03389026988636361,1575443607.2708564
0.0424209872159091,1575443607.6428902
0.03546963778409093,1575443608.026854
0.03420454545454545,1575443608.3988726
0.041795099431818174,1575443608.770907
0.03530317826704548,1575443609.1429012
0.03481711647727276,1575443609.5268805
0.04100142045454544,1575443609.8989108
0.03552911931818184,1575443610.2709103
0.03396839488636364,1575443610.6429315
0.039542347301136364,1575443611.0269184
0.03595481178977273,1575443611.3989184
0.034384765625,1575443611.770947
0.03695845170454545,1575443612.1429698
0.03964044744318186,1575443612.5269473
0.04220214843749998,1575443612.8989499
0.03494895241477275,1575443613.2709756
0.04253684303977271,1575443613.6429677
0.035179776278409056,1575443614.026951
0.03381125710227273,1575443614.3989797
0.043579989346590894,1575443614.7710035
0.03572887073863637,1575443615.1430051
0.035368874289772735,1575443615.5269907
0.04062943892045455,1575443615.8990085
0.03589799360795453,1575443616.2711089
0.03393776633522724,1575443616.6431096
0.04089089133522726,1575443617.0270658
0.04371537642045457,1575443617.399073
0.04338645241477275,1575443617.7710695
0.05313920454545455,1575443618.1430666
0.04577503551136361,1575443618.5270274
0.037364169034090906,1575443618.8990517
0.03908735795454544,1575443619.2710805
0.03877130681818182,1575443619.6430974
0.035276988636363624,1575443620.0270648
0.04055797230113635,1575443620.399104
0.04115101207386365,1575443620.771111
0.035212180397727284,1575443621.1431324
0.037388583096590905,1575443621.5270932
0.03986993963068178,1575443621.8991168
0.03591619318181821,1575443622.2711234
0.03653453480113636,1575443622.64314
0.04357199928977274,1575443623.0271237
0.036399147727272735,1575443623.399128
0.03532537286931816,1575443623.7711282
0.041127485795454555,1575443624.1431718
0.03865056818181819,1575443624.5271552
0.03466885653409091,1575443624.8991575
0.03765802556818184,1575443625.271181
0.04187056107954546,1575443625.6431959
0.034020330255681804,1575443626.0271566
0.03592817826704544,1575443626.3992224
0.0458025568181818,1575443626.7711866
0.0347465376420455,1575443627.1432147
0.03752796519886365,1575443627.527166
0.042863991477272705,1575443627.8992202
0.035771484374999996,1575443628.2712464
0.03584561434659091,1575443628.6432428
0.042836914062499974,1575443629.0272226
0.03643865411931817,1575443629.3992505
0.03508744673295456,1575443629.7712545
0.04127263849431816,1575443630.1432543
0.03945001775568181,1575443630.527254
0.03454234730113637,1575443630.8992586
0.048543590198863645,1575443631.2712643
0.049948064630681785,1575443631.6432846
0.03552645596590909,1575443632.027235
0.04670099431818181,1575443632.3993006
0.024484197443181775,1575443632.7713122
0.04079767400568184,1575443633.143312
0.05047496448863637,1575443633.527293
0.047010830965909106,1575443633.8993273
0.05169167258522729,1575443634.2713535
0.04034446022727273,1575443634.6433437
0.04038973721590909,1575443635.0273354
0.04594460227272723,1575443635.3993511
0.04591441761363639,1575443635.771355
0.041640625,1575443636.1433792
0.04697310014204548,1575443636.5273652
0.038861416903409066,1575443636.8993583
0.03827681107954548,1575443637.2713964
0.041269087357954544,1575443637.6434126
0.03569202769886368,1575443638.027472
0.03714444247159091,1575443638.3994672
0.04215198863636363,1575443638.7714667
0.03607954545454546,1575443639.1434612
0.036064009232954546,1575443639.52742
0.043707386363636344,1575443639.8994296
0.04087091619318183,1575443640.271444
0.03809969815340911,1575443640.6434498
0.04321999289772726,1575443641.0274367
0.03711470170454548,1575443641.3994553
0.0351091974431818,1575443641.7714555
0.04054199218750002,1575443642.1434798
0.038441938920454555,1575443642.5274606
0.03508433948863633,1575443642.8994668
0.03683860085227271,1575443643.2714822
0.0446621981534091,1575443643.6435218
0.03509543678977276,1575443644.0274954
0.037019708806818215,1575443644.399499
0.04373046874999998,1575443644.7715287
0.03574174360795455,1575443645.1435444
0.03716397372159089,1575443645.5274982
0.04309215198863636,1575443645.8995376
0.03639914772727273,1575443646.271553
0.03556640624999999,1575443646.6435575
0.04292746803977271,1575443647.027541
0.036384055397727266,1575443647.399557
0.03511940696022728,1575443647.771558
0.04107155539772728,1575443648.1435845
0.04151544744318184,1575443648.5275633
0.03493519176136364,1575443648.8995965
0.0380206853693182,1575443649.2715945
0.04182927911931821,1575443649.6435862
0.03400435014204544,1575443650.0275977
0.03650257457386365,1575443650.3996089
0.041899857954545414,1575443650.771631
0.03535378196022729,1575443651.143644
0.03716530539772728,1575443651.5276287
0.041417347301136366,1575443651.899637
0.03553133877840912,1575443652.2716625
0.038674538352272705,1575443652.6436563
0.04266379616477273,1575443653.0276449
0.036824840198863625,1575443653.3996613
0.03506081321022727,1575443653.7716649
0.04038929332386366,1575443654.1436827
0.03634232954545454,1575443654.5276647
0.035358220880681815,1575443654.8997002
0.03804953835227273,1575443655.271693
0.04645374644886364,1575443655.6437094
0.035675159801136384,1575443656.0277
0.03553666548295453,1575443656.399705
0.04555841619318183,1575443656.7717264
0.03611727627840908,1575443657.1437488
0.03806551846590909,1575443657.5277338
0.042793412642045454,1575443657.8997374
0.035953480113636395,1575443658.2717538
0.035948597301136385,1575443658.6437652
0.04089311079545452,1575443659.0277452
0.036395152698863634,1575443659.3997664
0.03606534090909089,1575443659.7718687
0.04600497159090908,1575443660.1437855
0.038993252840909085,1575443660.5278316
0.03624467329545458,1575443660.899824
0.03862215909090909,1575443661.2718303
0.047163973721590924,1575443661.6437936
0.037666903409090936,1575443662.0278077
0.034889914772727286,1575443662.3998432
0.05137118252840909,1575443662.7718318
0.0520849609375,1575443663.1438553
0.034846413352272745,1575443663.5278358
0.04966042258522726,1575443663.8998425
0.054806463068181786,1575443664.2718654
0.03741610440340908,1575443664.6438918
0.036279740767045446,1575443665.0278444
0.04612393465909091,1575443665.3998744
0.03579856178977271,1575443665.7718964
0.0401349431818182,1575443666.1439028
0.04604092684659093,1575443666.527876
0.03674804687500003,1575443666.8999057
0.036130149147727275,1575443667.2719097
0.04891823508522726,1575443667.6439319
0.03947887073863636,1575443668.0279112
0.0362269176136364,1575443668.3999236
0.043826793323863626,1575443668.7719343
0.0356809303977273,1575443669.1439633
0.038868075284090926,1575443669.5279171
0.0414657315340909,1575443669.8999465
0.035811878551136406,1575443670.271964
0.035985440340909086,1575443670.643992
0.04096191406249999,1575443671.0279522
0.036411576704545465,1575443671.3999786
0.03522416548295452,1575443671.7719986
0.04074973366477269,1575443672.1440005
0.038173828125,1575443672.5279837
0.04209960937500005,1575443672.9000077
0.03805974786931822,1575443673.2720068
0.04131258877840908,1575443673.6440363
0.03414328835227273,1575443674.0280101
0.037124467329545476,1575443674.4000154
0.042020152698863646,1575443674.7720366
0.03545498934659093,1575443675.1440592
0.037375266335227246,1575443675.5280464
0.04085804332386363,1575443675.9000516
0.0361026278409091,1575443676.272074
0.03549449573863638,1575443676.6441
0.04171741832386358,1575443677.0280542
0.03645463423295457,1575443677.4000816
0.03512207031249999,1575443677.772103
0.03975896661931819,1575443678.1441023
0.04026544744318182,1575443678.528082
0.034867276278409076,1575443678.9001098
0.037399680397727286,1575443679.272115
0.04329057173295456,1575443679.6441314
0.03429909446022729,1575443680.0281184
0.03670543323863634,1575443680.4001503
0.04281161221590907,1575443680.772142
0.03540305397727274,1575443681.1441698
0.03729003906249999,1575443681.5282207
0.04067294034090908,1575443681.9002235
0.03577681107954547,1575443682.272227
0.036847922585227254,1575443682.6442266
0.04742808948863638,1575443683.0281801
0.04849165482954543,1575443683.4001827
0.04158647017045456,1575443683.7722108
0.05724742542613638,1575443684.1442077
0.05664018110795457,1575443684.5281925
0.013791281960227303,1575443684.9002128
0.05056818181818191,1575443685.272217
0.06662153764204548,1575443685.6442375
0.0674054509943182,1575443686.0282176
0.06648881392045444,1575443686.4002204
0.05829900568181821,1575443686.7722435
0.06487038352272725,1575443687.1442723
0.06254261363636365,1575443687.5282562
0.04691983309659093,1575443687.9002564
0.03610795454545451,1575443688.2722807
0.02827192826704544,1575443688.6443033
0.03599254261363634,1575443689.0282667
0.03787508877840909,1575443689.400287
0.03556773792613636,1575443689.7723086
0.03553400213068182,1575443690.1443136
0.03648570667613638,1575443690.5282955
0.035666281960227274,1575443690.9003217
0.03550381747159089,1575443691.272315
0.03775834517045453,1575443691.6443417
0.04538840553977272,1575443692.028323
0.04600097656250003,1575443692.4003532
0.051273526278409136,1575443692.7723484
0.043279030539772737,1575443693.144375
0.05428622159090909,1575443693.5283563
0.0378107244318182,1575443693.900358
0.039289328835227275,1575443694.2723863
0.038469016335227285,1575443694.6444092
0.03957785866477271,1575443695.028366
0.05554066051136364,1575443695.4003935
0.05516424005681817,1575443695.7724166
0.04805131392045456,1575443696.1444092
0.0454354580965909,1575443696.528396
0.05719016335227275,1575443696.9004185
0.051716086647727304,1575443697.2724483
0.04313876065340906,1575443697.6444545
0.04773082386363636,1575443698.0284255
0.054147727272727306,1575443698.4004533
0.04619673295454546,1575443698.772452
0.035063476562500015,1575443699.1444776
0.0349387428977273,1575443699.5284584
0.04283114346590909,1575443699.900462
0.047263849431818175,1575443700.2724857
0.04799360795454545,1575443700.6445088
0.03446377840909099,1575443701.028492
0.0300674715909091,1575443701.4004982
0.04423606178977271,1575443701.7725217
0.05712890624999999,1575443702.1445224
0.04292924360795453,1575443702.5284986
0.04002707741477279,1575443702.9005096
0.03342285156249999,1575443703.272621
0.04471502130681818,1575443703.644628
0.04201083096590908,1575443704.028584
0.04664373224431819,1575443704.400581
0.05247469815340911,1575443704.7725775
0.04746493252840908,1575443705.1445887
0.04403764204545455,1575443705.5285656
0.049021661931818214,1575443705.9005892
0.04770019531249999,1575443706.2725909
0.03712091619318179,1575443706.644612
0.05013139204545456,1575443707.0285997
0.0355118075284091,1575443707.4005914
0.036286843039772705,1575443707.7726178
0.03785999644886362,1575443708.144649
0.03722611860795453,1575443708.5286083
0.03738591974431819,1575443708.9006352
0.037946999289772715,1575443709.2726536
0.037666015625000014,1575443709.6446333
0.0370956143465909,1575443710.0286307
0.036983753551136374,1575443710.400655
0.03721457741477275,1575443710.7726552
0.036855024857954555,1575443711.1446874
0.03787464488636365,1575443711.5286653
0.03974964488636363,1575443711.90066
0.0472625177556818,1575443712.2726908
0.04591885653409089,1575443712.6447191
0.05400479403409094,1575443713.0287042
0.06186967329545455,1575443713.4007123
0.05222167968750003,1575443713.7727234
0.0406591796875,1575443714.1447508
0.03754261363636362,1575443714.5287092
0.044443359375000005,1575443714.9007275
0.0326416015625,1575443715.272754
0.03696422230113637,1575443715.6447637
0.03815740411931816,1575443716.0287378
0.03934392755681818,1575443716.4007726
0.034850408380681805,1575443716.7727847
0.032901722301136374,1575443717.144804
0.035279208096590915,1575443717.5287714
0.03559348366477274,1575443717.9008012
0.046681906960227275,1575443718.2728012
0.04189142400568182,1575443718.644824
0.03877618963068183,1575443719.0288067
0.04010830965909089,1575443719.4008176
0.04635875355113636,1575443719.7728336
0.045764825994318165,1575443720.1448534
0.021595348011363574,1575443720.5288103
0.042682883522727214,1575443720.900835
0.05398037997159093,1575443721.272866
0.05488991477272726,1575443721.6448638
0.052493341619318144,1575443722.0288484
0.052546608664772745,1575443722.4008338
0.052876420454545464,1575443722.7728717
0.05200328480113636,1575443723.1448915
0.05217151988636364,1575443723.5288827
0.051875887784090885,1575443723.9009008
0.05181906960227274,1575443724.2728996
0.05218616832386364,1575443724.6449215
0.05259321732954542,1575443725.0289805
0.051033380681818175,1575443725.4009802
0.051145241477272715,1575443725.7729468
0.05190385298295455,1575443726.1449614
0.051190962357954554,1575443726.5289161
0.05196289062499997,1575443726.9009123
0.05190030184659091,1575443727.2729692
0.05155362215909089,1575443727.6449833
0.049873934659090895,1575443728.029008
0.05847079190340911,1575443728.4009843
0.05901322798295463,1575443728.7730012
0.060973455255681826,1575443729.1450136
0.06695623224431814,1575443729.5289884
0.06362748579545453,1575443729.9010055
0.03885564630681817,1575443730.273023
0.03696599786931821,1575443730.6450276
0.036559836647727266,1575443731.0290177
0.03782759232954544,1575443731.4010217
0.037199041193181834,1575443731.7730415
0.036677911931818186,1575443732.1450908
0.03697576349431816,1575443732.5290346
0.03793545809659089,1575443732.9010506
0.03795410156250003,1575443733.2730832
0.03845569957386361,1575443733.6450932
0.03728515624999999,1575443734.0290825
0.036647283380681836,1575443734.4010952
0.038465021306818184,1575443734.7731123
0.037361061789772734,1575443735.1451297
0.03646706321022728,1575443735.5290954
0.037576793323863614,1575443735.9011102
0.03738236860795454,1575443736.2731185
0.03652388139204544,1575443736.6451387
0.03690917968749999,1575443737.0291224
0.042239879261363626,1575443737.40113
0.046099520596590914,1575443737.7731526
0.04606578480113633,1575443738.1451771
0.03795454545454552,1575443738.5291355
0.027723721590909096,1575443738.9011517
0.04869628906250003,1575443739.2731795
0.04302556818181819,1575443739.6451952
0.03757723721590908,1575443740.0291822
0.04343306107954546,1575443740.4011943
0.04577459161931819,1575443740.7732117
0.04626908735795454,1575443741.1452196
0.0547674005681818,1575443741.5291982
0.03902565696022727,1575443741.901221
0.03977006392045456,1575443742.2732146
0.0365829190340909,1575443742.6452434
0.0387664240056818,1575443743.0292275
0.03943803267045452,1575443743.4012573
0.03509810014204545,1575443743.7732537
0.03559215198863634,1575443744.1452775
0.051147460937499986,1575443744.5292385
0.041816850142045454,1575443744.901256
0.03535422585227271,1575443745.2732823
0.03884987571022728,1575443745.6453028
0.037289595170454555,1575443746.029284
0.03516867897727274,1575443746.4012883
0.03701083096590906,1575443746.7733095
0.03776367187499998,1575443747.14539
0.03507457386363639,1575443747.5293546
0.03434170809659091,1575443747.9013472
0.040217507102272725,1575443748.2733502
0.03555886008522728,1575443748.6453507
0.03480513139204545,1575443749.029344
