amperes,timestamp
0.04207075639204547,1575444295.7818456
0.04244939630681819,1575444296.153855
0.04540127840909091,1575444296.5378351
0.057909268465909075,1575444296.9098332
0.056553178267045395,1575444297.2818592
0.04499822443181818,1575444297.653882
0.05092729048295455,1575444298.0378335
0.053620827414772726,1575444298.409861
0.05610440340909091,1575444298.7818847
0.059751864346590904,1575444299.1538846
0.04422230113636364,1575444299.5378673
0.048078835227272715,1575444299.9098873
0.04855335582386365,1575444300.2819135
0.04640136718750001,1575444300.6539187
0.052013050426136374,1575444301.0378935
0.04689497514204545,1575444301.4098873
0.054656871448863595,1575444301.781922
0.049886363636363666,1575444302.1539502
0.05383833451704547,1575444302.5379305
0.047270507812499994,1575444302.909933
0.04901189630681823,1575444303.2819533
0.02817915482954545,1575444303.6539805
0.03863813920454545,1575444304.0379326
0.03434703480113634,1575444304.409961
0.029155273437499983,1575444304.7819781
0.03905007102272722,1575444305.1539564
0.04681463068181816,1575444305.5379326
0.04636763139204548,1575444305.9099913
0.04849875710227273,1575444306.2820096
0.04833496093750001,1575444306.6540153
0.03779651988636362,1575444307.0379963
0.03735129616477275,1575444307.4099958
0.04413884943181818,1575444307.7820206
0.04590243252840908,1575444308.154044
0.042317116477272716,1575444308.5380201
0.03769886363636363,1575444308.9100516
0.03585626775568181,1575444309.282045
0.03542080965909091,1575444309.6540785
0.038992365056818135,1575444310.038056
0.04530584161931822,1575444310.4100544
0.04564364346590907,1575444310.7820776
0.055591264204545444,1575444311.1540778
0.05308283025568177,1575444311.5381396
0.04986239346590913,1575444311.910134
0.05143776633522728,1575444312.282137
0.04842151988636367,1575444312.6541374
0.03533469460227271,1575444313.0380938
0.04673739346590911,1575444313.4101105
0.03217285156249996,1575444313.7821116
0.03423029119318182,1575444314.154134
0.035193536931818196,1575444314.5381217
0.03540083451704542,1575444314.9101517
0.03624200994318181,1575444315.282146
0.03511097301136364,1575444315.6541646
0.035244584517045444,1575444316.0381498
0.03572398792613637,1575444316.410153
0.03513316761363636,1575444316.782177
0.03513893821022726,1575444317.1541986
0.03660111860795456,1575444317.538153
0.03606045809659088,1575444317.9101756
0.03537642045454543,1575444318.2822013
0.03532004616477271,1575444318.6542065
0.035159357244318186,1575444319.0381825
0.03515758167613634,1575444319.4101927
0.036049804687499985,1575444319.7822375
0.0351904296875,1575444320.1542342
0.03522105823863637,1575444320.5382102
0.0349698153409091,1575444320.9102395
0.03531161221590909,1575444321.2822409
0.035522017045454525,1575444321.6542594
0.031466175426136375,1575444322.038244
0.03468927556818179,1575444322.410244
0.03553755326704544,1575444322.782268
0.03492808948863634,1575444323.154287
0.03514248934659091,1575444323.5382328
0.03598499644886363,1575444323.9102614
0.03671741832386365,1575444324.282295
0.04502840909090912,1575444324.6542976
0.045914417613636356,1575444325.0382664
0.04721102627840911,1575444325.410287
0.05246448863636366,1575444325.7823212
0.015831853693181824,1575444326.154334
0.050185102982954526,1575444326.5383053
0.07324263139204548,1575444326.9103303
0.059412286931818166,1575444327.282322
0.06425914417613636,1575444327.6543462
0.015487837357954566,1575444328.0383413
0.05058061079545452,1575444328.4103353
0.07147505326704545,1575444328.7823603
0.07187366832386365,1575444329.1543787
0.06343572443181816,1575444329.5383599
0.05897372159090909,1575444329.910354
0.05839266690340907,1575444330.2823977
0.06125799005681825,1575444330.654421
0.05917702414772729,1575444331.0383658
0.05283336292613634,1575444331.4103873
0.05859907670454544,1575444331.7824087
0.06089533025568178,1575444332.1544325
0.060452769886363646,1575444332.5384064
0.05743386008522724,1575444332.9105062
0.054881924715909094,1575444333.282506
0.05448020241477273,1575444333.6545033
0.05481223366477273,1575444334.0384579
0.05432839133522727,1575444334.4104393
0.05338600852272729,1575444334.782477
0.05271484374999996,1575444335.1545
0.05266734730113631,1575444335.5384583
0.05343883167613637,1575444335.9104626
0.04097212357954545,1575444336.2824697
0.04343971946022728,1575444336.6545043
0.04665438565340912,1575444337.0384681
0.046517666903409104,1575444337.410492
0.05238148082386363,1575444337.7825212
0.05353116122159095,1575444338.154529
0.051793323863636394,1575444338.5384815
0.045917080965909074,1575444338.9105153
0.03832386363636362,1575444339.2825556
0.04642578125000002,1575444339.6545432
0.0301775568181818,1575444340.0385203
0.036117276278409126,1575444340.4105425
0.038292791193181824,1575444340.7825384
0.03795898437499998,1575444341.1545775
0.03846368963068181,1575444341.5385594
0.03920454545454545,1575444341.9105654
0.03762695312499999,1575444342.2825754
0.03671519886363638,1575444342.6546104
0.03736505681818181,1575444343.0385542
0.03697665127840909,1575444343.4105704
0.03722478693181819,1575444343.7826107
0.038424183238636375,1575444344.1546376
0.03763316761363639,1575444344.5385904
0.037218572443181844,1575444344.9106207
0.03702769886363631,1575444345.2826252
0.03693714488636361,1575444345.654631
0.03702592329545455,1575444346.0386384
0.03764825994318183,1575444346.4106457
0.03762295809659092,1575444346.7826486
0.037863103693181833,1575444347.1546397
0.03691628196022728,1575444347.5386474
0.03654607599431816,1575444347.9106672
0.03759410511363636,1575444348.2826827
0.03766468394886362,1575444348.6546862
0.03255726207386364,1575444349.0386496
0.031485262784090896,1575444349.4106686
0.032883966619318174,1575444349.7827015
0.03494096235795455,1575444350.154733
0.03568847656249998,1575444350.5386844
0.036396040482954535,1575444350.9107168
0.035102095170454505,1575444351.2827277
0.03513538707386364,1575444351.6547246
0.035177556818181806,1575444352.0387173
0.03502263849431819,1575444352.4107432
0.03548650568181816,1575444352.7827475
0.03596280184659093,1575444353.1547647
0.035044389204545445,1575444353.5387452
0.03531205610795454,1575444353.9107752
0.03513006036931817,1575444354.2827637
0.03891912286931817,1575444354.6548662
0.04495916193181818,1575444355.0388286
0.04545720880681822,1575444355.4108267
0.03983265269886358,1575444355.7828336
0.025312943892045428,1575444356.1548173
0.05259232954545452,1575444356.5387943
0.07448508522727272,1575444356.9107955
0.056645063920454534,1575444357.2828338
0.019188565340909073,1575444357.654833
0.0456036931818182,1575444358.0388086
0.06814897017045449,1575444358.410825
0.05250266335227275,1575444358.782854
0.05378506747159091,1575444359.154871
0.048715376420454586,1575444359.5388494
0.042551047585227236,1575444359.9108753
0.05016246448863637,1575444360.2828646
0.03745738636363637,1575444360.6548793
0.03827325994318182,1575444361.0388818
0.04316761363636364,1575444361.4108808
0.044568980823863596,1575444361.7829046
0.03464843750000003,1575444362.1549175
0.04709161931818183,1575444362.5388696
0.043863636363636375,1575444362.9108946
0.035693359374999976,1575444363.2829263
0.04340110085227275,1575444363.6549594
0.038081054687499984,1575444364.038893
0.03502929687499999,1575444364.4109263
0.039728781960227284,1575444364.7829492
0.03967373934659092,1575444365.1549637
0.03545676491477275,1575444365.5389454
0.03690385298295456,1575444365.9109743
0.04345481178977268,1575444366.2829728
0.03533291903409095,1575444366.6550055
0.03891157670454548,1575444367.0389693
0.04284446022727275,1575444367.410974
0.03560236150568183,1575444367.7829998
0.0353351384943182,1575444368.1550207
0.04364834872159093,1575444368.539002
0.03570445667613637,1575444368.9109998
0.03404918323863636,1575444369.2830245
0.043274591619318174,1575444369.655051
0.0365380859375,1575444370.0390098
0.03493874289772727,1575444370.4110284
0.039723899147727296,1575444370.7830594
0.03984596946022724,1575444371.1550395
0.03520285866477271,1575444371.5390408
0.03636141690340909,1575444371.9110675
0.04438609730113636,1575444372.2830713
0.037139559659090916,1575444372.6550848
0.042642933238636355,1575444373.0390713
0.042460049715909096,1575444373.4110718
0.035617453835227283,1575444373.7830932
0.035682262073863644,1575444374.1551163
0.05191628196022727,1575444374.5390978
0.03754039417613637,1575444374.9110978
0.03659401633522727,1575444375.283126
0.03832297585227271,1575444375.6551445
0.03722878196022727,1575444376.039108
0.03515624999999999,1575444376.4112089
0.03679199218749999,1575444376.7832062
0.040772372159090936,1575444377.155201
0.034628018465909086,1575444377.5391593
0.03719637784090909,1575444377.911164
0.039552112926136376,1575444378.2831886
0.0339541903409091,1575444378.6551838
0.0372922585227273,1575444379.0391672
0.03789151278409091,1575444379.4111733
0.03511541193181823,1575444379.7831879
0.037001953124999994,1575444380.155213
0.0371013849431818,1575444380.539193
0.036531427556818166,1575444380.91119
0.03499378551136363,1575444381.283221
0.03764248934659092,1575444381.6552439
0.036986860795454546,1575444382.0392222
0.03469415838068182,1575444382.411225
0.03624511718750002,1575444382.7832513
0.038118341619318166,1575444383.1552722
0.03456321022727272,1575444383.5392287
0.03555087002840911,1575444383.911257
0.039668412642045466,1575444384.2832546
0.03395907315340914,1575444384.6552742
0.04210626775568179,1575444385.0392575
0.04230779474431817,1575444385.4112902
0.04444824218749999,1575444385.7832894
0.04527832031249999,1575444386.1553009
0.045355113636363624,1575444386.539282
0.04434881036931822,1575444386.9112737
0.045363991477272714,1575444387.2833107
0.04515491832386365,1575444387.6553435
0.04516202059659097,1575444388.039284
0.04580566406249999,1575444388.4113147
0.04790971235795457,1575444388.783329
0.03584117542613637,1575444389.1553679
0.0359521484375,1575444389.5393274
0.047329989346590905,1575444389.9113526
0.013882723721590903,1575444390.283383
0.049622247869318195,1575444390.6553774
0.056430220170454536,1575444391.039355
0.05238591974431819,1575444391.4113877
0.05420321377840911,1575444391.7833862
0.03629128196022731,1575444392.1553917
0.03290704900568181,1575444392.5393753
0.03788529829545454,1575444392.9113963
0.03833140980113638,1575444393.2834146
0.03905406605113637,1575444393.655442
0.03920454545454545,1575444394.0394077
0.03765047940340907,1575444394.4114082
0.03823064630681816,1575444394.7834296
0.03820490056818179,1575444395.155469
0.038617720170454575,1575444395.5394185
0.03839044744318178,1575444395.9114375
0.040349786931818184,1575444396.2834585
0.039850852272727263,1575444396.6554601
0.037686878551136366,1575444397.0394504
0.03371937144886364,1575444397.41148
0.04296164772727271,1575444397.783481
0.0392644708806818,1575444398.1555626
0.03393643465909092,1575444398.539519
0.03431640625,1575444398.9115214
0.0419961825284091,1575444399.283537
0.0352365944602273,1575444399.6555238
0.03425870028409091,1575444400.0395007
0.04071866122159092,1575444400.4115243
0.03573020241477274,1575444400.7835271
0.034249378551136384,1575444401.1555643
0.040239701704545466,1575444401.5395484
0.03813165838068181,1575444401.9115374
0.0342587002840909,1575444402.2835598
0.03754927201704547,1575444402.6555831
0.036797762784090915,1575444403.0395486
0.03496493252840909,1575444403.4115694
0.03419211647727271,1575444403.7835748
0.03990500710227274,1575444404.1555839
0.03538130326704547,1575444404.5395622
0.034748757102272765,1575444404.9115906
0.04076482599431818,1575444405.2836056
0.03505814985795457,1575444405.6556287
0.03397594105113638,1575444406.0395975
0.03920587713068178,1575444406.4116
0.03618918678977273,1575444406.7836215
0.034120205965909096,1575444407.155662
0.03909090909090911,1575444407.5396385
0.03641823508522729,1575444407.9116387
0.03444868607954547,1575444408.2836475
0.03732155539772729,1575444408.655675
0.03687766335227272,1575444409.0396469
0.034821999289772726,1575444409.4116688
0.03425914417613634,1575444409.7836912
0.03959783380681821,1575444410.155678
0.03516779119318182,1575444410.5396602
0.033132102272727275,1575444410.9116898
0.042142666903409134,1575444411.2837029
0.035191761363636366,1575444411.655725
0.03384676846590908,1575444412.039689
0.042029918323863644,1575444412.4117167
0.03948375355113636,1575444412.7837198
0.0383016690340909,1575444413.1557589
0.039718128551136364,1575444413.53974
0.03688210227272728,1575444413.9117377
0.03377041903409093,1575444414.2837524
0.03700861150568182,1575444414.65577
0.035756835937500016,1575444415.039742
0.034674183238636365,1575444415.4117634
0.03399192116477271,1575444415.7837906
0.03972389914772729,1575444416.1557755
0.03480024857954547,1575444416.5397544
0.033158291903409104,1575444416.9117794
0.040798561789772696,1575444417.2838192
0.03488281249999997,1575444417.6558213
0.0339923650568182,1575444418.039792
0.039246271306818195,1575444418.4118104
0.03560635653409093,1575444418.7838085
0.03386585582386365,1575444419.155853
0.03904474431818179,1575444419.5399106
0.036477716619318194,1575444419.9118993
0.03383256392045455,1575444420.2839112
0.04001819957386366,1575444420.6559005
0.03752086292613641,1575444421.0398433
0.03482954545454547,1575444421.4118414
0.03383433948863634,1575444421.7838783
0.03991166548295452,1575444422.1559298
0.03498180042613635,1575444422.539868
0.03320933948863637,1575444422.911883
0.040046608664772713,1575444423.283905
0.035051935369318186,1575444423.6559038
0.03396484375000001,1575444424.039893
0.039260919744318196,1575444424.4119208
0.03518599076704548,1575444424.7839167
0.033994140624999995,1575444425.1559315
0.03788219105113637,1575444425.5399196
0.03598810369318181,1575444425.9119303
0.034039417613636366,1575444426.2839508
0.03700506036931817,1575444426.655977
0.03693536931818182,1575444427.0399392
0.03614435369318185,1575444427.4119463
0.04579279119318179,1575444427.7839708
0.04324307528409091,1575444428.156029
0.03838378906250004,1575444428.5399604
0.048015802556818164,1575444428.911988
0.045435014204545474,1575444429.2840004
0.04070756392045453,1575444429.6560228
0.045439009232954526,1575444430.0399885
0.04499689275568181,1575444430.4120164
0.03575994318181821,1575444430.7840343
0.03419389204545454,1575444431.1560311
0.04517711292613635,1575444431.5400133
0.035609463778409116,1575444431.9120283
0.034406072443181814,1575444432.2840462
0.041673473011363635,1575444432.6560724
0.043172496448863625,1575444433.0400486
0.034020774147727265,1575444433.4120579
0.0349005681818182,1575444433.7840593
0.041456853693181805,1575444434.1560879
0.03478515625000001,1575444434.5400515
0.03325106534090907,1575444434.9120715
0.04242542613636364,1575444435.2841134
0.03510742187499999,1575444435.6561284
0.0342032137784091,1575444436.04009
0.04313299005681818,1575444436.4121056
0.03605557528409092,1575444436.78412
0.03389870383522727,1575444437.1561425
0.0398908025568182,1575444437.540122
0.035889115767045454,1575444437.912141
0.03444158380681817,1575444438.2841501
0.03731711647727273,1575444438.656164
0.03843483664772728,1575444439.040153
0.03463334517045455,1575444439.4121518
0.03398970170454547,1575444439.7841754
0.04120294744318181,1575444440.1562035
0.035221946022727275,1575444440.5401533
0.03314808238636364,1575444440.9121804
0.041987304687500004,1575444441.284293
0.03502574573863636,1575444441.6562781
0.03388893821022725,1575444442.0402405
0.039384321732954516,1575444442.412233
0.03529296875000003,1575444442.7842336
0.03377219460227274,1575444443.156261
0.04484197443181819,1575444443.5402274
0.05119895241477272,1575444443.9122388
0.04195534446022726,1575444444.2842455
0.05145463423295454,1575444444.6562724
0.04606889204545454,1575444445.040247
0.033995028409090924,1575444445.4122522
0.03830877130681817,1575444445.7842689
0.03923517400568183,1575444446.1562986
0.03835138494318179,1575444446.5402813
0.03735706676136365,1575444446.9122827
0.03873801491477271,1575444447.2842994
0.03840376420454548,1575444447.656332
0.03872958096590909,1575444448.0402908
0.03819025213068183,1575444448.4123147
0.03898259943181816,1575444448.78433
0.03832430752840908,1575444449.1563375
0.03827681107954548,1575444449.5403194
0.037202592329545446,1575444449.9123404
0.03864257812499997,1575444450.2843177
0.03976828835227272,1575444450.6563654
0.038171608664772746,1575444451.04034
0.03727494673295456,1575444451.412369
0.03855335582386364,1575444451.7843733
0.03853071732954546,1575444452.1563988
0.037926580255681804,1575444452.5403852
0.03786177201704549,1575444452.9123795
0.03944113991477274,1575444453.2843962
0.035131392045454554,1575444453.6564221
0.03823819247159093,1575444454.04038
0.048943093039772734,1575444454.4124029
0.03794477982954541,1575444454.7844355
0.03545454545454543,1575444455.1564305
0.04051535866477272,1575444455.540411
0.03777521306818177,1575444455.9124346
0.035123401988636366,1575444456.2844574
0.038849431818181825,1575444456.65646
0.040209960937500025,1575444457.0404413
0.03393510298295456,1575444457.4124682
0.03692871093749999,1575444457.784474
0.04315562855113635,1575444458.156499
0.03451748934659089,1575444458.5404568
0.03645108309659093,1575444458.9124618
0.04170055042613635,1575444459.2844965
0.035605468749999994,1575444459.6565156
0.044428710937499984,1575444460.040499
0.0493647904829545,1575444460.4124908
0.05083718039772727,1575444460.7845132
0.04340953480113635,1575444461.1565483
0.04435191761363636,1575444461.54051
0.04356267755681818,1575444461.912533
0.04097878196022727,1575444462.284543
0.03390980113636364,1575444462.6565435
0.04813254616477272,1575444463.0406013
0.045684037642045455,1575444463.4126165
0.037826260653409105,1575444463.7846155
0.04495916193181817,1575444464.1566026
0.035362215909090916,1575444464.540552
0.037618519176136345,1575444464.9125779
0.043303000710227274,1575444465.284591
0.03534490411931818,1575444465.656621
0.037647372159090906,1575444466.040598
0.04061745383522727,1575444466.4125836
0.03552601207386364,1575444466.7846105
0.035226384943181796,1575444467.156651
0.04135076349431819,1575444467.540601
0.037001509232954505,1575444467.912629
0.0353932883522727,1575444468.2846413
0.03935990767045453,1575444468.6566477
0.04035777698863635,1575444469.0406287
0.03425781249999999,1575444469.412662
0.03700683593750001,1575444469.7846656
0.043840110085227264,1575444470.1566775
0.03450861150568184,1575444470.5406492
0.03665838068181818,1575444470.912679
0.041305486505681825,1575444471.2846868
0.03577281605113639,1575444471.6567152
0.0366024502840909,1575444472.0406961
0.04257501775568183,1575444472.4126828
0.03981756036931817,1575444472.7847085
0.03922807173295456,1575444473.156743
0.04310502485795452,1575444473.5407014
0.04239169034090909,1575444473.9127283
0.036180308948863635,1575444474.284738
0.039518377130681785,1575444474.6567395
0.04005459872159092,1575444475.0407174
0.03372381036931818,1575444475.412756
0.03674183238636365,1575444475.7847545
0.041532759232954526,1575444476.156791
0.03449485085227273,1575444476.5407617
0.03672185724431819,1575444476.912785
0.04236550071022728,1575444477.2847867
0.03708096590909091,1575444477.6568077
0.03693093039772729,1575444478.0407882
0.040565074573863616,1575444478.4127884
0.03587846235795457,1575444478.7848115
0.0351123046875,1575444479.1568408
0.0414115767045455,1575444479.5407975
0.03712313565340909,1575444479.9128177
0.03534268465909093,1575444480.2848527
0.04220525568181818,1575444480.656877
0.039438920454545445,1575444481.0408256
0.034412286931818185,1575444481.4128547
0.03567160866477271,1575444481.7848864
0.04904740767045457,1575444482.1568851
0.03550204190340909,1575444482.5408602
0.03781116832386366,1575444482.912881
0.043633256392045454,1575444483.2848837
0.04152565696022728,1575444483.6569061
0.0344278231534091,1575444484.0408916
0.04368030894886362,1575444484.4129891
0.036613991477272755,1575444484.7849908
0.03697487571022727,1575444485.1569872
0.042822709517045476,1575444485.5409498
0.03729492187499999,1575444485.9129455
0.03480513139204546,1575444486.2849398
0.03893687855113636,1575444486.6569657
0.0388933771306818,1575444487.0409467
0.03378284801136365,1575444487.4129455
0.03637029474431822,1575444487.7849817
0.041995738636363605,1575444488.1569777
0.03419389204545453,1575444488.5409508
0.039888139204545474,1575444488.9129794
0.04277565696022723,1575444489.2849848
0.035706676136363656,1575444489.6570022
0.03691450639204546,1575444490.0409887
0.0509246271306818,1575444490.413014
0.04373224431818185,1575444490.785011
0.040891779119318176,1575444491.157031
0.04721368963068182,1575444491.5410197
0.04391246448863636,1575444491.9130187
0.035199307528409114,1575444492.2850435
0.036459960937500015,1575444492.6570642
0.04707164417613636,1575444493.041022
0.0449236505681818,1575444493.4130464
0.035687144886363625,1575444493.7850754
0.0475,1575444494.1570895
0.03602183948863637,1575444494.5410533
0.03477672230113638,1575444494.9130776
0.04339932528409094,1575444495.285111
0.050609019886363675,1575444495.657101
0.03597523082386362,1575444496.0410802
0.0409366122159091,1575444496.4131005
0.04243652343750002,1575444496.7850928
0.03400213068181819,1575444497.1571329
0.04164106889204544,1575444497.5411181
0.03960094105113637,1575444497.9131112
0.03451882102272727,1575444498.2851276
0.04105158025568182,1575444498.6571476
0.041874556107954555,1575444499.0411055
0.03428488991477274,1575444499.4131472
0.036606889204545454,1575444499.785173
0.04370161576704543,1575444500.157177
0.034710582386363625,1575444500.5411308
0.03618030894886362,1575444500.9131575
0.04218705610795457,1575444501.2851977
0.03576660156250002,1575444501.6571996
0.036615767045454516,1575444502.0411808
0.04062411221590908,1575444502.4131925
0.035451438210227275,1575444502.78519
0.03523259943181817,1575444503.1572268
0.012503551136363656,1575444503.54121
0.049222745028409065,1575444503.9132075
0.05701882102272728,1575444504.2852237
0.0584503728693182,1575444504.6572444
0.06314497514204548,1575444505.0412235
0.05628196022727273,1575444505.4132445
0.040648970170454574,1575444505.7852693
0.040947709517045475,1575444506.1573524
0.035265447443181844,1575444506.541299
0.03697798295454545,1575444506.9133072
0.04041415127840909,1575444507.2853174
0.03565030184659092,1575444507.6573179
0.036758700284090916,1575444508.0412812
0.040263671875,1575444508.4132838
0.03569380326704547,1575444508.785314
0.035119850852272726,1575444509.1573246
0.01251287286931818,1575444509.5413055
0.047755681818181864,1575444509.9133265
0.05287730823863638,1575444510.2853105
0.045312499999999985,1575444510.657344
0.04513583096590911,1575444511.041325
0.04760964133522726,1575444511.413358
0.04129971590909089,1575444511.785376
0.04413574218750002,1575444512.157372
0.03532803622159093,1575444512.5413537
0.042439186789772765,1575444512.913359
0.043748668323863635,1575444513.2853858
0.03687943892045453,1575444513.6574156
0.03511186079545455,1575444514.0413682
0.044025213068181815,1575444514.413384
0.037439186789772726,1575444514.785412
0.03476917613636365,1575444515.1574206
0.04053045099431819,1575444515.541404
0.03762340198863633,1575444515.9134307
0.03552423650568181,1575444516.285435
0.039945401278409134,1575444516.657444
0.04895019531249999,1575444517.0414288
0.048419300426136354,1575444517.4134583
0.04383256392045454,1575444517.7854626
0.05782226562499998,1575444518.1574802
0.04137295809659097,1575444518.5414655
0.029600053267045432,1575444518.9134657
0.05394886363636362,1575444519.285487
0.06948286576704549,1575444519.657515
0.06662908380681819,1575444520.0414758
0.06537020596590906,1575444520.4134846
0.06652121803977273,1575444520.7855253
0.06304154829545452,1575444521.1575146
0.05642711292613635,1575444521.5415025
0.037877752130681806,1575444521.9135218
0.030039506392045445,1575444522.285546
0.03557395241477272,1575444522.6575503
0.03952148437499999,1575444523.0415416
0.04653897372159094,1575444523.4135592
0.046067116477272706,1575444523.7855616
0.05066672585227275,1575444524.1576016
0.04299937855113632,1575444524.5415525
0.050031516335227275,1575444524.9135652
0.030757723721590902,1575444525.285588
0.03820223721590907,1575444525.6575987
0.03999112215909087,1575444526.041567
0.040027077414772745,1575444526.4135911
0.04848410866477271,1575444526.785619
0.04833673650568182,1575444527.157635
0.03995871803977273,1575444527.5415976
0.03719770951704542,1575444527.913699
0.037902610085227266,1575444528.2857158
0.04590553977272723,1575444528.6577353
0.04615101207386368,1575444529.0416508
0.046522549715909106,1575444529.4136584
0.05637695312499999,1575444529.785707
0.046401367187500056,1575444530.1577015
0.04999556107954548,1575444530.541665
0.04414151278409091,1575444530.913656
0.04773970170454547,1575444531.285707
0.04913041548295457,1575444531.6577282
0.036739169034090934,1575444532.0416567
0.033453924005681805,1575444532.413704
0.03472478693181818,1575444532.7857296
0.03553577769886362,1575444533.1577394
0.03535777698863638,1575444533.541695
0.03520241477272728,1575444533.9137118
0.03546608664772728,1575444534.2857535
0.03532759232954543,1575444534.6577342
0.03669122869318179,1575444535.0417147
0.03523970170454545,1575444535.4137523
0.04557306463068181,1575444535.7857528
0.04625621448863635,1575444536.1577559
0.05115767045454546,1575444536.541738
0.01455255681818182,1575444536.9138021
0.04924715909090909,1575444537.28576
0.054028320312499996,1575444537.657825
0.053461914062499956,1575444538.0417905
0.057624289772727245,1575444538.4137764
0.034924538352272744,1575444538.7858052
0.0370933948863636,1575444539.1578224
0.03787642045454544,1575444539.5417972
0.03719593394886362,1575444539.9138205
0.03682839133522727,1575444540.2858295
0.04227583451704544,1575444540.6578362
0.036923828125000016,1575444541.0418117
0.037231889204545454,1575444541.413825
0.03768865411931817,1575444541.7858746
0.03693004261363635,1575444542.1578746
0.03966974431818185,1575444542.5418425
0.03697620738636364,1575444542.9138682
0.03708806818181819,1575444543.285881
0.037314897017045476,1575444543.6579044
0.03784002130681817,1575444544.0418906
0.03666148792613636,1575444544.4138834
0.03683948863636364,1575444544.7859123
0.036874112215909076,1575444545.157932
0.03697887073863635,1575444545.5418634
0.037405007102272674,1575444545.9139116
0.03760209517045454,1575444546.2859433
0.03705344460227273,1575444546.657944
0.036817737926136365,1575444547.0419204
0.03651500355113636,1575444547.4139516
0.03709472656249999,1575444547.7859783
0.03733132102272728,1575444548.1579726
0.037253639914772735,1575444548.5419562
0.03658291903409091,1575444548.9139824
0.03684792258522728,1575444549.2859757
0.03740500710227271,1575444549.6580806
0.046694335937500026,1575444550.0420308
0.046260653409090906,1575444550.414029
0.048853426846590935,1575444550.7860346
0.051024058948863596,1575444551.1580327
0.05444779829545452,1575444551.542011
0.049564541903409094,1575444551.9139953
0.03988281250000002,1575444552.28605
0.044673295454545445,1575444552.6580372
0.0464754971590909,1575444553.042019
0.03814186789772728,1575444553.41405
0.0371484375,1575444553.7860665
0.035919300426136336,1575444554.1580708
0.035344016335227275,1575444554.5420463
0.03517977627840912,1575444554.9140794
0.03522505326704546,1575444555.28608
0.03534579190340908,1575444555.6581068
0.0359090909090909,1575444556.042085
0.03572310014204545,1575444556.4140823
0.0351748934659091,1575444556.7861073
0.044758078835227276,1575444557.1581287
0.045813210227272735,1575444557.5421124
0.04846413352272729,1575444557.91411
0.02497425426136363,1575444558.286136
0.043875177556818135,1575444558.6581604
0.05610307173295456,1575444559.042111
0.052691761363636395,1575444559.4141362
0.053814364346590905,1575444559.7861695
0.04348277698863631,1575444560.1581707
0.028520507812499995,1575444560.5421448
0.03766557173295454,1575444560.9141736
0.038937322443181786,1575444561.2861748
0.03814186789772728,1575444561.6581936
0.03693270596590911,1575444562.0421722
0.03503062855113635,1575444562.4141724
0.034845525568181795,1575444562.7862012
0.04534623579545454,1575444563.1582277
0.05723055752840908,1575444563.5422065
0.05037952769886361,1575444563.914203
0.04756303267045455,1575444564.2862241
0.0474045632102273,1575444564.6582425
0.02691006747159092,1575444565.0422032
0.04053932883522724,1575444565.4142532
0.04258167613636365,1575444565.786283
0.040913973721590925,1575444566.1582947
0.05115545099431817,1575444566.542253
0.0618195134943182,1575444566.91428
0.050521129261363595,1575444567.2862735
0.031827059659090905,1575444567.6583037
0.035884676846590885,1575444568.0422828
0.03689497514204545,1575444568.414315
0.041733842329545454,1575444568.7863169
0.03669566761363637,1575444569.15833
0.03744318181818184,1575444569.5423212
0.03652876420454544,1575444569.9143124
0.03629527698863639,1575444570.2863479
0.03640713778409092,1575444570.6583636
0.03637562144886365,1575444571.042422
0.03680708451704546,1575444571.4144225
0.03742808948863636,1575444571.7864254
0.038364257812499976,1575444572.1584196
0.03659446022727272,1575444572.5423744
0.036412908380681806,1575444572.9143724
0.036229580965909086,1575444573.2863967
0.03711470170454546,1575444573.6584294
0.03774325284090909,1575444574.0423782
0.037060102982954556,1575444574.4144082
0.03651633522727275,1575444574.7864106
0.03608265269886365,1575444575.1584349
0.03632679332386361,1575444575.542409
0.03671830610795453,1575444575.9144406
0.037274502840909086,1575444576.286435
0.03649857954545453,1575444576.658461
0.03660378196022729,1575444577.0424404
0.03682528409090911,1575444577.4144406
0.03627263849431815,1575444577.786466
0.036742276278409085,1575444578.1584885
0.037302911931818186,1575444578.5424483
0.03646439985795453,1575444578.9144752
0.03613858309659091,1575444579.2865028
0.036420010653409086,1575444579.6585004
0.03635342684659087,1575444580.0424762
0.037028142755681795,1575444580.4145055
0.037092063210227295,1575444580.7865047
0.0365256569602273,1575444581.1585376
0.03597212357954544,1575444581.5425107
0.03636186079545453,1575444581.914531
0.03645419034090912,1575444582.2865448
0.03751731178977273,1575444582.6585605
0.04517489346590909,1575444583.0425436
0.04520685369318183,1575444583.4145439
0.04665216619318181,1575444583.7865655
0.01379660866477272,1575444584.1585903
0.046823952414772725,1575444584.542538
0.057266068892045496,1575444584.9145713
0.03824396306818182,1575444585.2865922
0.036397372159090904,1575444585.6585991
0.037182617187499996,1575444586.0425775
0.03700062144886364,1575444586.4145997
0.03640092329545454,1575444586.786635
0.04283469460227273,1575444587.158627
0.04583584872159092,1575444587.5426056
0.04533868963068179,1575444587.9146316
0.058282137784090936,1575444588.2866333
0.04035733309659092,1575444588.658652
0.037312233664772716,1575444589.0426335
0.03646439985795458,1575444589.414637
0.03798162286931816,1575444589.7866654
0.0381982421875,1575444590.1586878
0.038606622869318166,1575444590.5426784
0.03676091974431821,1575444590.914671
0.037598987926136376,1575444591.2866895
0.039038085937499994,1575444591.658694
0.03879172585227273,1575444592.0426745
0.037582563920454524,1575444592.414711
0.039177468039772734,1575444592.786797
0.03801713423295453,1575444593.1588004
0.03772017045454544,1575444593.5427535
0.036689009232954546,1575444593.91475
0.037903941761363615,1575444594.286756
0.037880859374999985,1575444594.6587453
0.03816850142045452,1575444595.042728
0.037148437499999985,1575444595.4147713
0.03785866477272726,1575444595.78676
0.03766202059659093,1575444596.1587834
0.037923916903409086,1575444596.542765
0.0365340909090909,1575444596.9147663
0.03850053267045451,1575444597.2867877
0.03775834517045452,1575444597.658816
0.03759366122159087,1575444598.0427935
0.03624556107954548,1575444598.414793
0.03737881747159092,1575444598.7868173
0.03979137073863633,1575444599.1588283
0.03602050781249998,1575444599.5428033
0.034098011363636375,1575444599.91482
0.04760431463068184,1575444600.2868323
0.041601562500000015,1575444600.6588476
0.034407848011363616,1575444601.0428317
0.0391659268465909,1575444601.4148605
0.04058993252840912,1575444601.7868812
0.034842862215909085,1575444602.158883
0.03385165127840907,1575444602.542873
0.04006303267045453,1575444602.9148796
0.035185546875,1575444603.2868845
0.03544921875,1575444603.658902
0.038360262784090916,1575444604.0428908
0.03549094460227274,1575444604.41489
0.03366122159090909,1575444604.7869163
