amperes,timestamp
0.03673473011363636,1574542930.034794
0.040282315340909106,1574542930.41874
0.03809303977272725,1574542930.7907712
0.05800115411931818,1574542931.1627584
0.05680708451704545,1574542931.5348036
0.04756525213068182,1574542931.918781
0.04468705610795454,1574542932.2907765
0.04517444957386364,1574542932.6627913
0.06433948863636367,1574542933.0348213
0.07280273437499998,1574542933.4187825
0.06623091264204548,1574542933.790804
0.06379838423295457,1574542934.162821
0.05796475497159093,1574542934.5348547
0.06849653764204543,1574542934.9188075
0.06800248579545455,1574542935.2908294
0.06962846235795457,1574542935.6628535
0.07016823508522725,1574542936.034858
0.04416015625,1574542936.418846
0.03697887073863637,1574542936.7908666
0.04803533380681816,1574542937.1628673
0.05373091264204544,1574542937.534892
0.04799272017045453,1574542937.9188724
0.04214444247159092,1574542938.2908702
0.05287375710227274,1574542938.6629834
0.03607466264204547,1574542939.034969
0.035445223721590924,1574542939.4189382
0.04414683948863638,1574542939.7909365
0.04641645951704547,1574542940.1629338
0.05513316761363631,1574542940.534951
0.04973765980113637,1574542940.9189324
0.045482954545454576,1574542941.290941
0.038956409801136356,1574542941.6629634
0.039780273437499986,1574542942.03497
0.05273126775568187,1574542942.418946
0.04910111860795453,1574542942.7909691
0.04290882457386364,1574542943.1629806
0.03875799005681818,1574542943.5349948
0.04231045809659088,1574542943.918976
0.050444779829545434,1574542944.2909746
0.051124822443181804,1574542944.6629984
0.04012872869318182,1574542945.0350277
0.039363014914772704,1574542945.4190063
0.043995916193181814,1574542945.7910054
0.042707297585227275,1574542946.1630385
0.036505237926136365,1574542946.5350502
0.0414169034090909,1574542946.9190094
0.040935724431818164,1574542947.2910426
0.03903764204545452,1574542947.6630645
0.03909845525568182,1574542948.0350676
0.04045854048295455,1574542948.4190419
0.04182839133522725,1574542948.7910695
0.035822088068181816,1574542949.1630702
0.04073064630681818,1574542949.5350933
0.037897283380681816,1574542949.9190767
0.03603826349431816,1574542950.291098
0.04179421164772729,1574542950.6631083
0.039542791193181825,1574542951.0351222
0.03427512428977273,1574542951.4191136
0.04224875710227277,1574542951.7911086
0.04096235795454544,1574542952.1631298
0.035324485085227265,1574542952.5351567
0.04202370383522728,1574542952.9191232
0.03813742897727272,1574542953.2911339
0.038165838068181766,1574542953.6631675
0.0426194069602273,1574542954.035164
0.03683638139204544,1574542954.4191425
0.03588245738636364,1574542954.7911963
0.03698686079545457,1574542955.1631906
0.034773171164772694,1574542955.535198
0.03718616832386364,1574542955.9191725
0.03568093039772729,1574542956.2912045
0.03893288352272729,1574542956.6632082
0.03847922585227271,1574542957.035224
0.036850142045454545,1574542957.4192085
0.036209161931818175,1574542957.7912238
0.03642933238636363,1574542958.1632378
0.03615278764204544,1574542958.5352607
0.03734552556818181,1574542958.9192233
0.03443181818181818,1574542959.291247
0.03647416548295455,1574542959.6632636
0.038436612215909126,1574542960.0353637
0.03665482954545455,1574542960.4193206
0.03667347301136366,1574542960.7913213
0.038099254261363624,1574542961.163324
0.044272904829545434,1574542961.535333
0.047053888494318186,1574542961.9192774
0.03625088778409094,1574542962.2912989
0.036821289062500005,1574542962.663322
0.04516512784090913,1574542963.0353236
0.03674272017045453,1574542963.419308
0.03859818892045454,1574542963.791334
0.043124112215909075,1574542964.1633368
0.03661487926136363,1574542964.5353594
0.043892489346590915,1574542964.9193175
0.06960271661931815,1574542965.2913418
0.05336248224431818,1574542965.6633637
0.03752796519886361,1574542966.035389
0.03783868963068183,1574542966.419348
0.02633034446022727,1574542966.7913642
0.018011807528409078,1574542967.163395
0.019972922585227263,1574542967.5354142
0.02394620028409093,1574542967.9193718
0.021126154119318178,1574542968.2914197
0.017277610085227265,1574542968.6634092
0.021384499289772728,1574542969.035441
0.019045188210227274,1574542969.4194188
0.022967418323863634,1574542969.7914603
0.023861416903409097,1574542970.1634474
0.01884854403409089,1574542970.5354803
0.018868075284090905,1574542970.9194372
0.019676846590909104,1574542971.2914646
0.023404651988636373,1574542971.663479
0.01821244673295455,1574542972.0354981
0.018794389204545448,1574542972.4194596
0.02222434303977273,1574542972.7914753
0.018808149857954547,1574542973.1635065
0.02015003551136363,1574542973.5355327
0.02226962002840907,1574542973.9194882
0.019157936789772727,1574542974.2915034
0.018274147727272736,1574542974.6635242
0.020426580255681802,1574542975.03553
0.018102805397727267,1574542975.4195094
0.021591796875000003,1574542975.7915394
0.021266867897727276,1574542976.1635299
0.018133433948863638,1574542976.535562
0.01827281605113637,1574542976.9195373
0.021135031960227275,1574542977.2915385
0.0214102450284091,1574542977.6635692
0.020602805397727273,1574542978.035588
0.02022105823863637,1574542978.4195485
0.018445933948863638,1574542978.7915719
0.02120738636363636,1574542979.1636117
0.019662642045454554,1574542979.5355976
0.02065740411931818,1574542979.9195728
0.024880149147727276,1574542980.291606
0.02537064985795455,1574542980.6636212
0.0196004971590909,1574542981.0356326
0.02123490767045454,1574542981.4196112
0.020860262784090918,1574542981.791711
0.01936301491477273,1574542982.1637082
0.020240589488636378,1574542982.535709
0.02095170454545454,1574542982.919665
0.020540660511363634,1574542983.291665
0.021567826704545448,1574542983.6636634
0.018452148437499996,1574542984.0356905
0.02202414772727273,1574542984.4196749
0.01808726917613636,1574542984.7916722
0.018075727982954544,1574542985.163697
0.022636718749999996,1574542985.535725
0.020514470880681823,1574542985.9196782
0.02037420099431819,1574542986.2917018
0.019681285511363646,1574542986.6637251
0.017889737215909095,1574542987.0357282
0.021407137784090903,1574542987.4197068
0.024586736505681817,1574542987.7917428
0.018607510653409085,1574542988.1637542
0.022399680397727283,1574542988.5357635
0.018831676136363638,1574542988.919741
0.019141068892045452,1574542989.2917452
0.023590198863636367,1574542989.6637642
0.018311878551136366,1574542990.035789
0.019938742897727277,1574542990.4197733
0.020107421875,1574542990.7917774
0.018942205255681827,1574542991.1637936
0.021708540482954543,1574542991.5358245
0.019514382102272732,1574542991.9197843
0.01859641335227274,1574542992.2918053
0.021733398437500013,1574542992.6638315
0.0300692471590909,1574542993.0358362
0.021764026988636366,1574542993.4198081
0.019987571022727274,1574542993.7918353
0.018693181818181824,1574542994.1638348
0.020929066051136352,1574542994.5358644
0.018261274857954528,1574542994.919839
0.017597212357954535,1574542995.2918377
0.022394797585227277,1574542995.663866
0.017787642045454553,1574542996.0358906
0.018664772727272728,1574542996.4198794
0.02110529119318182,1574542996.791882
0.01820312499999999,1574542997.1639097
0.01880060369318183,1574542997.5359263
0.02164595170454545,1574542997.9198792
0.023832563920454543,1574542998.2919078
0.02449263139204545,1574542998.663931
0.01839888139204545,1574542999.03593
0.018531605113636353,1574542999.4199123
0.022635387073863634,1574542999.791942
0.019634676846590912,1574543000.1639593
0.018934215198863614,1574543000.5359683
0.020967240767045453,1574543000.9199414
0.018888050426136366,1574543001.29197
0.020242808948863628,1574543001.663973
0.01899946732954545,1574543002.0360005
0.018335404829545456,1574543002.4199753
0.022448952414772724,1574543002.791976
0.024312855113636365,1574543003.1639974
0.018452148437499993,1574543003.536101
0.02145063920454546,1574543003.920058
0.018325195312499997,1574543004.2920544
0.01942294034090909,1574543004.6640582
0.020376864346590907,1574543005.0360568
0.01773259943181819,1574543005.420042
0.02037375710227271,1574543005.7920403
0.0193115234375,1574543006.16406
0.01827414772727273,1574543006.5360985
0.020285866477272728,1574543006.920049
0.01846235795454545,1574543007.2920709
0.018721590909090913,1574543007.664071
0.022623401988636355,1574543008.0360968
0.01813609730113636,1574543008.420076
0.022192826704545445,1574543008.7920783
0.01872913707386363,1574543009.1641068
0.016912730823863634,1574543009.536126
0.021635298295454543,1574543009.9201112
0.017272727272727266,1574543010.292109
0.01699662642045454,1574543010.664129
0.020406605113636362,1574543011.0361397
0.017008611505681823,1574543011.4201183
0.017360174005681822,1574543011.7921433
0.01977539062499999,1574543012.164166
0.017492897727272735,1574543012.5361607
0.02099564985795455,1574543012.9201474
0.018681196732954528,1574543013.292175
0.017830699573863643,1574543013.6641693
0.03609108664772729,1574543014.0362
0.018620827414772716,1574543014.4201777
0.009678178267045453,1574543014.7921798
0.011562499999999993,1574543015.1642058
0.007731711647727272,1574543015.5362284
0.008587091619318178,1574543015.920183
0.011042258522727284,1574543016.2922077
0.008951526988636362,1574543016.6642401
0.03270907315340908,1574543017.0362685
0.034355912642045495,1574543017.4202185
0.04805264559659093,1574543017.7922466
0.04778764204545456,1574543018.1642764
0.0358349609375,1574543018.5362704
0.03751242897727277,1574543018.9202588
0.037434747869318205,1574543019.2922866
0.04202237215909091,1574543019.664352
0.06333584872159091,1574543020.0363238
0.042913263494318156,1574543020.4203231
0.04082120028409091,1574543020.7923539
0.07040083451704544,1574543021.164354
0.06874866832386366,1574543021.5363834
0.055922851562500056,1574543021.9203463
0.05506747159090909,1574543022.2923577
0.040653852982954534,1574543022.6643782
0.04642977627840911,1574543023.0364017
0.041590909090909074,1574543023.4203591
0.040394176136363626,1574543023.7923882
0.040597922585227285,1574543024.1643753
0.04274547230113636,1574543024.5364501
0.040271661931818185,1574543024.9203956
0.03811745383522727,1574543025.2925122
0.0394912997159091,1574543025.6644828
0.03962624289772725,1574543026.036482
0.039973810369318165,1574543026.4204547
0.038216441761363636,1574543026.7924201
0.03916370738636362,1574543027.1644735
0.03764115767045455,1574543027.536475
0.04275390624999999,1574543027.9204578
0.03760564630681815,1574543028.2924628
0.038688742897727266,1574543028.6644928
0.03951438210227269,1574543029.0365021
0.03875221946022727,1574543029.4204595
0.04156693892045452,1574543029.7924824
0.03879128196022725,1574543030.1645217
