amperes,timestamp
0.08367542613636367,1575355220.5709057
0.11630015980113642,1575355220.9547372
0.1222545276988636,1575355221.326755
0.15608975497159078,1575355221.6987891
0.12783247514204546,1575355222.0707839
0.13006125710227281,1575355222.454759
0.11267755681818181,1575355222.8267832
0.1136474609375,1575355223.198779
0.1408513849431818,1575355223.570912
0.1561803089488635,1575355223.9547918
0.1443101917613636,1575355224.3267834
0.1537193714488633,1575355224.698811
0.15760209517045423,1575355225.0708365
0.15575106534090916,1575355225.454816
0.15681773792613657,1575355225.826816
0.1576247336647727,1575355226.1988328
0.14993030894886347,1575355226.5709033
0.15076349431818187,1575355226.9548151
0.15525346235795448,1575355227.3268414
0.12952769886363633,1575355227.6988437
0.09225408380681815,1575355228.0708535
0.08896173650568183,1575355228.454831
0.12212491122159089,1575355228.8268573
0.07495605468749998,1575355229.1989539
0.08600852272727277,1575355229.5709903
0.08682883522727271,1575355229.9548926
0.08481534090909089,1575355230.3269002
0.08842018821022729,1575355230.6989126
0.08875754616477274,1575355231.0709038
0.08335537997159094,1575355231.454864
0.09502574573863629,1575355231.8268669
0.09606667258522723,1575355232.1988835
0.09241255326704548,1575355232.5709891
0.08497913707386363,1575355232.954883
0.11411976207386362,1575355233.326911
0.1337229225852273,1575355233.6989224
0.1425239701704545,1575355234.07094
0.11684082031250007,1575355234.454901
0.10015047940340913,1575355234.8269331
0.09036621093749997,1575355235.1989539
0.08450461647727266,1575355235.5709941
0.13727627840909096,1575355235.954924
0.12678444602272732,1575355236.3269377
0.11364834872159091,1575355236.6989498
0.09502618963068174,1575355237.0709739
0.11582386363636361,1575355237.4549377
0.09610884232954539,1575355237.8269782
0.11220791903409086,1575355238.1989665
0.10449795809659089,1575355238.5710425
0.10873224431818186,1575355238.9549756
0.11433682528409092,1575355239.3269782
0.09562056107954543,1575355239.6990006
0.11519841974431821,1575355240.071019
0.0964280007102273,1575355240.4549708
0.11000799005681818,1575355240.82699
0.08392001065340908,1575355241.1990218
0.11204723011363633,1575355241.5710456
0.08978648792613636,1575355241.955005
0.12088734019886367,1575355242.3270354
0.09795720880681816,1575355242.6990335
0.10092018821022729,1575355243.0710297
0.0946036044034091,1575355243.455025
0.10748579545454541,1575355243.8270497
0.11013627485795457,1575355244.1990411
0.09094992897727276,1575355244.5710948
0.11824928977272732,1575355244.955033
0.08924138849431812,1575355245.3270395
0.13231622869318183,1575355245.6990683
0.10920055042613638,1575355246.071095
0.10752041903409092,1575355246.4550514
0.10463645241477268,1575355246.8270726
0.14339399857954538,1575355247.199097
0.15045454545454542,1575355247.571128
0.1464794921875,1575355247.9550579
0.13460759943181824,1575355248.327085
0.08255015980113635,1575355248.699119
0.09384099786931821,1575355249.07112
0.10324307528409096,1575355249.4550962
0.10596457741477273,1575355249.8271134
0.10637917258522721,1575355250.199119
0.0983127663352273,1575355250.571328
0.10525079900568175,1575355250.9551818
0.08554643110795455,1575355251.3271818
0.0830814985795455,1575355251.6991942
0.10957430752840908,1575355252.0711913
0.09758744673295455,1575355252.4551327
0.11090021306818183,1575355252.827161
0.10210493607954553,1575355253.199157
0.08929421164772725,1575355253.5713253
0.09478959517045449,1575355253.9551363
0.10229980468750004,1575355254.3271794
0.10034801136363647,1575355254.6991801
0.09318625710227271,1575355255.0711746
0.08483487215909088,1575355255.4551637
0.09724875710227274,1575355255.8271995
0.08268421519886358,1575355256.1992085
0.05257235440340906,1575355256.5713956
0.046249112215909105,1575355256.9551876
0.050220170454545465,1575355257.327225
0.048084605823863646,1575355257.6992002
0.05076615767045454,1575355258.0712204
0.047905717329545475,1575355258.4552138
0.052057439630681775,1575355258.8272197
0.046431995738636385,1575355259.1992264
0.0467893288352273,1575355259.571437
0.05104847301136363,1575355259.9552028
0.047219460227272726,1575355260.327226
0.06039106889204547,1575355260.6992571
0.05735795454545452,1575355261.0712864
0.048445046164772756,1575355261.4552376
0.04662020596590907,1575355261.8272717
0.05277299360795455,1575355262.1992831
0.04630193536931819,1575355262.5713801
0.046616654829545495,1575355262.9552538
0.04711692116477275,1575355263.3272827
0.06131569602272724,1575355263.6992767
0.059022105823863615,1575355264.071304
0.04908513849431821,1575355264.455254
0.0503475674715909,1575355264.827282
0.04639959161931821,1575355265.1993113
0.04509898792613636,1575355265.5714455
0.048629705255681804,1575355265.955294
0.05011052911931818,1575355266.327296
0.0458016690340909,1575355266.6993306
0.04646262428977273,1575355267.0713587
0.05017045454545454,1575355267.4553115
0.04637562144886365,1575355267.8273458
0.050310724431818186,1575355268.19935
0.05100896661931818,1575355268.5716095
0.05225408380681817,1575355268.9553359
0.050384854403409104,1575355269.3273587
0.04916859019886362,1575355269.6993828
0.050664062499999975,1575355270.0713782
0.048720703125000014,1575355270.4553566
0.046979758522727316,1575355270.8273609
0.048634588068181786,1575355271.1993723
0.04634898792613634,1575355271.5714583
0.04743696732954544,1575355271.9553845
0.049022549715909115,1575355272.327379
0.04539595170454547,1575355272.6994812
0.04639825994318184,1575355273.0714803
0.049478426846590914,1575355273.4554315
0.06191761363636362,1575355273.8274364
0.054148171164772704,1575355274.199424
0.047402787642045446,1575355274.5715961
0.054307528409090866,1575355274.9554083
0.05020951704545455,1575355275.3274295
0.0489892578125,1575355275.6994534
0.04967862215909091,1575355276.0714512
0.046451526988636346,1575355276.4554293
0.05102894176136362,1575355276.827448
0.04595925071022727,1575355277.1994455
0.04669034090909092,1575355277.5716267
0.05092595880681822,1575355277.955442
0.050895330255681805,1575355278.327452
0.04479447798295452,1575355278.6994636
0.048685635653409075,1575355279.071493
0.05030939275568182,1575355279.455475
0.045859374999999994,1575355279.8274822
0.0531982421875,1575355280.1995006
0.04688299005681814,1575355280.5716352
0.0473841441761364,1575355280.9554744
0.05324884588068182,1575355281.327505
0.04519486860795454,1575355281.6995244
0.05112349076704546,1575355282.0715272
0.05744051846590909,1575355282.4554935
0.04506125710227273,1575355282.8275268
0.045534889914772704,1575355283.199552
0.06613325639204547,1575355283.5716043
0.05574618252840907,1575355283.9555328
0.050032404119318155,1575355284.3275518
0.050693803267045486,1575355284.6995459
0.04781516335227271,1575355285.0715735
0.04589399857954546,1575355285.4555523
0.05113458806818184,1575355285.8275342
0.04655983664772727,1575355286.1995788
0.04724209872159093,1575355286.5716467
0.05130814985795451,1575355286.9555829
0.04626819957386365,1575355287.327588
0.04586869673295453,1575355287.6996033
0.05037508877840912,1575355288.0716195
0.045936168323863664,1575355288.4555776
0.045029740767045474,1575355288.827599
0.04932705965909093,1575355289.1996183
0.04442693536931818,1575355289.571692
0.04576038707386362,1575355289.9556048
0.048605735085227274,1575355290.3276308
0.04794522372159094,1575355290.6996257
0.04778009588068179,1575355291.0716357
0.04810990767045458,1575355291.4556258
0.053755770596590896,1575355291.8276286
0.04623934659090905,1575355292.1996436
0.05091708096590908,1575355292.5717268
0.04661044034090908,1575355292.9556487
0.04490767045454545,1575355293.3276515
0.06316938920454547,1575355293.6996722
0.04602716619318182,1575355294.0717745
0.045593039772727294,1575355294.455724
0.04802290482954543,1575355294.8277218
0.04674405184659087,1575355295.1997216
0.04937943892045458,1575355295.5717843
0.0460480291193182,1575355295.9556694
0.052966086647727326,1575355296.3276987
0.09821155894886363,1575355296.699725
0.049022993607954556,1575355297.0717118
0.03343306107954546,1575355297.455703
0.035092329545454534,1575355297.827755
0.031802201704545466,1575355298.199726
0.03186612215909093,1575355298.571822
0.032228781960227264,1575355298.9557207
0.0335537997159091,1575355299.327726
0.03509188565340907,1575355299.699746
0.030521573153409077,1575355300.071767
0.033548029119318194,1575355300.4557295
0.029505948153409095,1575355300.8277647
0.029363458806818184,1575355301.1997616
0.03155229048295454,1575355301.5720193
0.026710759943181783,1575355301.9557502
0.04169167258522726,1575355302.3277752
0.030277432528409108,1575355302.69978
0.026289950284090893,1575355303.071779
0.030738192471590917,1575355303.4557652
0.03002219460227272,1575355303.827803
0.02632146661931817,1575355304.1997974
0.03139382102272725,1575355304.5719695
0.026676136363636343,1575355304.9557831
0.027192826704545457,1575355305.3278127
0.031060901988636362,1575355305.69983
0.026233575994318168,1575355306.0718446
0.06794477982954546,1575355306.4558203
0.09013760653409082,1575355306.827823
0.1303324751420455,1575355307.199854
0.12752308238636362,1575355307.5719447
0.1004545454545455,1575355307.9558275
0.08161265980113637,1575355308.327867
0.12030051491477271,1575355308.6998754
0.11874378551136365,1575355309.0718708
0.13253684303977276,1575355309.4558465
0.1078262606534091,1575355309.8278735
0.09481844815340906,1575355310.1998968
0.11678311434659092,1575355310.5719776
0.11887118252840906,1575355310.9558697
0.14222345525568175,1575355311.3278947
0.09801047585227282,1575355311.6999028
0.1159863281249999,1575355312.0719159
0.11741787997159084,1575355312.4558973
0.12202192826704553,1575355312.8279
0.09917879971590907,1575355313.1999216
0.11972611860795455,1575355313.5720832
0.1284588068181818,1575355313.9559045
0.09201083096590909,1575355314.3279161
0.08404518821022731,1575355314.699944
0.0967542613636364,1575355315.071963
0.08613858309659088,1575355315.4559193
0.08771040482954544,1575355315.828019
0.0815869140625,1575355316.200017
0.09384232954545456,1575355316.5720413
0.07782626065340911,1575355316.955975
0.09548339843749996,1575355317.3279693
0.08027920809659088,1575355317.6999984
0.0923659446022727,1575355318.0719895
0.0778990589488636,1575355318.4559705
0.08802956321022722,1575355318.8279977
