amperes,timestamp
0.03056906960227274,1574476253.1321394
0.029454900568181813,1574476253.5161228
0.02865855823863636,1574476253.8881183
0.028603959517045453,1574476254.2601588
0.03735351562500002,1574476254.6322508
0.04355557528409094,1574476255.0162067
0.03647416548295456,1574476255.3882098
0.043735795454545444,1574476255.7602382
0.039385653409090865,1574476256.1322024
0.03911177201704545,1574476256.5162046
0.04588068181818181,1574476256.888182
0.04429865056818187,1574476257.2602088
0.04120294744318181,1574476257.6322153
0.03933283025568177,1574476258.0161917
0.04358176491477273,1574476258.3882122
0.03939675071022731,1574476258.7602167
0.0281187855113636,1574476259.1322327
0.027790749289772734,1574476259.51622
0.03011585582386364,1574476259.8882482
0.028943093039772747,1574476260.2602448
0.026594904119318183,1574476260.6322803
0.02711381392045455,1574476261.016248
0.028462357954545447,1574476261.3882756
0.02813964843750002,1574476261.76029
0.03279252485795454,1574476262.1323001
0.04502308238636365,1574476262.51629
0.030444335937500004,1574476262.8882875
0.026293945312499994,1574476263.2603097
0.027546164772727273,1574476263.6323116
0.02797674005681817,1574476264.016295
0.027365500710227267,1574476264.3883104
0.03513094815340911,1574476264.7603154
0.030780362215909088,1574476265.1323462
0.026766690340909106,1574476265.516331
0.02714843750000001,1574476265.8883576
0.026813742897727266,1574476266.260364
0.02747159090909093,1574476266.6323748
0.037389470880681834,1574476267.0163624
0.04393554687499999,1574476267.3883808
0.031820401278409065,1574476267.7603981
0.028660777698863635,1574476268.1324034
0.02780229048295454,1574476268.5163836
0.026769797585227285,1574476268.8884168
0.028277698863636378,1574476269.2604105
0.03619318181818181,1574476269.6324203
0.04470259232954542,1574476270.0164037
0.03156471946022728,1574476270.3884373
0.0276358309659091,1574476270.7604213
0.028165394176136366,1574476271.132445
0.028334960937500004,1574476271.516426
0.028954634232954527,1574476271.88845
0.035505149147727275,1574476272.2604558
0.027132457386363627,1574476272.632505
0.024697265625000003,1574476273.0164769
0.02662642045454543,1574476273.3884752
0.028449041193181812,1574476273.7604854
0.03071999289772728,1574476274.1325042
0.028509854403409085,1574476274.51649
0.028397993607954558,1574476274.8884938
0.025428355823863626,1574476275.2605093
0.02560857599431819,1574476275.6325753
0.025370649857954543,1574476276.0164921
0.03251686789772727,1574476276.3885274
0.026253995028409086,1574476276.760605
0.026084428267045455,1574476277.1325986
0.026384055397727275,1574476277.516548
0.025696910511363632,1574476277.888552
0.03450150923295456,1574476278.2605805
0.027087180397727274,1574476278.6325793
0.025941051136363646,1574476279.01656
0.02579900568181819,1574476279.3885555
0.02604092684659093,1574476279.7605772
0.03421164772727273,1574476280.1326125
0.026667702414772735,1574476280.5165703
0.027097389914772722,1574476280.8885975
0.02750710227272726,1574476281.2606072
0.025412819602272742,1574476281.6326134
0.035478071732954565,1574476282.016598
0.02938876065340911,1574476282.388642
0.03179110440340909,1574476282.7606506
0.030217950994318194,1574476283.13267
0.03173073508522731,1574476283.5166266
0.032908824573863654,1574476283.8886535
0.030209960937500013,1574476284.2606566
0.030194868607954548,1574476284.632681
0.03096235795454546,1574476285.0166545
0.03192116477272727,1574476285.388653
0.025216619318181806,1574476285.7606902
0.026767578125000004,1574476286.1327162
0.026028053977272717,1574476286.516685
0.026549627130681788,1574476286.8886995
0.030001775568181805,1574476287.260729
0.0254287997159091,1574476287.6327155
0.02589888139204546,1574476288.0166976
0.0287539950284091,1574476288.3887439
0.03396573153409092,1574476288.7607524
0.032172407670454546,1574476289.1327672
0.0305792791193182,1574476289.5167265
0.030988547585227278,1574476289.8887508
0.03616743607954546,1574476290.2607586
0.03781383167613635,1574476290.6327827
0.029943625710227274,1574476291.0167665
0.030809215198863642,1574476291.3887634
0.027329101562500013,1574476291.760802
0.033874289772727294,1574476292.1328185
0.03153098366477272,1574476292.5167701
0.028971058238636355,1574476292.8887951
0.032532404119318195,1574476293.2608294
0.030916637073863645,1574476293.6328511
0.02919389204545453,1574476294.0167978
0.02905717329545453,1574476294.3888192
0.03041326349431819,1574476294.760849
0.034652876420454524,1574476295.132878
0.029011452414772723,1574476295.5168378
0.029095348011363646,1574476295.8888528
0.03120072798295453,1574476296.2608576
0.03490278764204546,1574476296.6328766
0.02772904829545452,1574476297.0168588
0.02919300426136361,1574476297.3888633
0.028801491477272737,1574476297.7608993
0.032939453125,1574476298.1329844
0.029196555397727243,1574476298.5169415
0.02911487926136363,1574476298.8889437
0.02869140624999999,1574476299.2609687
0.030261008522727284,1574476299.6329603
0.032865767045454554,1574476300.0169246
0.028513849431818197,1574476300.3889241
0.029062943892045452,1574476300.7609506
0.03184747869318182,1574476301.1329577
0.029636896306818164,1574476301.516949
0.032658469460227296,1574476301.8889592
0.029057173295454552,1574476302.2609591
0.030452769886363636,1574476302.632987
0.034327947443181815,1574476303.016963
0.02804554332386363,1574476303.3889885
0.029422940340909108,1574476303.7609937
0.0302419211647727,1574476304.1330118
0.032431640625,1574476304.5169668
0.029153497869318198,1574476304.8889837
0.029522816051136356,1574476305.2610135
0.03134232954545456,1574476305.6330526
0.03342240767045455,1574476306.017
0.029175248579545465,1574476306.3890243
0.02850985440340908,1574476306.7610521
0.028479669744318183,1574476307.133061
0.029650656960227277,1574476307.5170279
0.03091841264204545,1574476307.8890758
0.02980646306818181,1574476308.2610514
0.02853604403409092,1574476308.6330793
0.030498046875000014,1574476309.0170596
0.05412198153409091,1574476309.389067
0.05104536576704549,1574476309.761093
0.04838734019886366,1574476310.1331027
0.05308327414772726,1574476310.5170832
0.04269797585227272,1574476310.8890977
0.034078036221590925,1574476311.2611234
0.038445933948863614,1574476311.6331499
0.04235706676136365,1574476312.017109
0.04087801846590906,1574476312.3891182
0.032117365056818184,1574476312.7611399
0.03769841974431821,1574476313.1331584
0.04350630326704546,1574476313.5171301
0.03869362571022728,1574476313.8891604
0.035986772017045476,1574476314.2611556
0.03867143110795455,1574476314.633187
0.03700017755681822,1574476315.0171697
0.02636585582386363,1574476315.3891919
0.030497602982954546,1574476315.7611837
0.032587890625,1574476316.133228
0.033591086647727295,1574476316.5171936
0.03785600142045453,1574476316.8891988
0.0491202059659091,1574476317.261218
0.046734286221590905,1574476317.6332588
0.044814897017045434,1574476318.0172024
0.038358487215909134,1574476318.3892283
0.03237393465909089,1574476318.761252
0.03560857599431818,1574476319.1332498
0.03345170454545456,1574476319.5172472
0.033902254971590905,1574476319.8893301
0.03703790838068183,1574476320.261339
0.036877663352272765,1574476320.6333427
0.046253995028409114,1574476321.0172794
0.04586470170454545,1574476321.389287
0.045747958096590886,1574476321.7613132
0.04637073863636362,1574476322.1333282
0.04504216974431817,1574476322.5172932
0.04239124644886366,1574476322.8893023
0.03358753551136365,1574476323.2613153
0.03566406249999999,1574476323.6333418
0.03128284801136363,1574476324.0172977
0.03651633522727272,1574476324.3893242
0.045748845880681815,1574476324.761351
0.045051935369318195,1574476325.1333532
0.04548473011363637,1574476325.5173275
0.0468346058238636,1574476325.889355
0.04702237215909093,1574476326.2613604
0.03225719105113638,1574476326.6333914
0.041218039772727255,1574476327.0173604
0.029153497869318167,1574476327.3893876
0.02596058238636362,1574476327.761398
0.03872958096590916,1574476328.1334112
0.03461203835227276,1574476328.5173938
0.03439808238636364,1574476328.889393
0.027529296875000008,1574476329.261414
0.033134321732954566,1574476329.6334484
0.025971235795454548,1574476330.0174057
0.026700106534090877,1574476330.3894224
0.04039994673295456,1574476330.7614508
0.03815917968749998,1574476331.133465
0.037783203124999984,1574476331.5174322
0.029035422585227247,1574476331.8894675
0.03841397372159091,1574476332.2614918
0.0297909268465909,1574476332.6334891
0.028966175426136352,1574476333.0174787
0.03567915482954544,1574476333.3894928
0.04308061079545453,1574476333.7614853
0.04327192826704543,1574476334.1335247
0.04258256392045455,1574476334.5175016
0.04583496093750001,1574476334.8894937
0.043678977272727244,1574476335.2615194
0.04368341619318187,1574476335.6335363
0.04355113636363639,1574476336.0175087
0.04232421875,1574476336.3895354
0.03887162642045451,1574476336.7615454
0.03973632812499998,1574476337.133591
0.038924005681818204,1574476337.5175378
0.038785067471590905,1574476337.8895547
0.036856356534090896,1574476338.2615843
0.02942072088068181,1574476338.6335917
0.030511363636363625,1574476339.0175822
0.02650568181818179,1574476339.3895907
0.031601562499999986,1574476339.7615824
0.03559525923295454,1574476340.1336176
0.03896218039772724,1574476340.5176036
0.04034357244318182,1574476340.8895977
0.033166725852272746,1574476341.2616482
0.03318625710227271,1574476341.6338472
0.026675692471590903,1574476342.017671
0.026485706676136356,1574476342.3897047
0.02630193536931817,1574476342.761673
0.02615323153409091,1574476343.1336675
0.03384765625000001,1574476343.5176637
0.03339089133522728,1574476343.8897915
0.026714754971590905,1574476344.2616491
0.026580699573863647,1574476344.633816
0.028378018465909097,1574476345.017794
0.029781161221590913,1574476345.3899705
0.04431551846590908,1574476345.7619026
0.038666548295454545,1574476346.133764
0.03382412997159092,1574476346.5177226
0.02763361150568182,1574476346.889723
0.03181374289772727,1574476347.2617702
0.02807528409090908,1574476347.6337554
0.02615500710227273,1574476348.0177515
0.027458274147727262,1574476348.3897378
0.030427024147727265,1574476348.7617588
0.02670099431818181,1574476349.1337652
0.02793013139204546,1574476349.5178049
0.036141246448863615,1574476349.889797
0.03711780894886358,1574476350.2619896
0.02662863991477273,1574476350.6338248
0.026742276278409093,1574476351.017918
0.02728781960227272,1574476351.3898275
0.030054598721590893,1574476351.7618513
0.0386443536931818,1574476352.133853
0.03916237571022727,1574476352.5178807
0.043943536931818176,1574476352.8900294
0.033389115767045424,1574476353.2622256
0.02883078835227273,1574476353.634073
0.028815252130681823,1574476354.0178404
0.028651012073863624,1574476354.3900454
0.02784446022727271,1574476354.761902
0.03856622869318183,1574476355.1338804
0.03180042613636364,1574476355.5178392
0.02948020241477275,1574476355.8898616
0.029994673295454556,1574476356.261987
0.03038352272727275,1574476356.6339653
0.03338512073863638,1574476357.0178735
0.0340869140625,1574476357.3898952
0.029809126420454544,1574476357.7619662
0.029853959517045458,1574476358.1339536
0.028829900568181802,1574476358.518102
0.029245383522727254,1574476358.8901114
0.030770596590909114,1574476359.2621708
0.028144531250000004,1574476359.6342106
0.028619495738636362,1574476360.0179808
0.027578568892045473,1574476360.3901234
0.02869406960227271,1574476360.7619877
0.030307173295454532,1574476361.1340125
0.030068359375000006,1574476361.5179765
0.02801802201704543,1574476361.8899755
0.028748668323863646,1574476362.2620192
0.029571200284090923,1574476362.6340501
0.027733487215909094,1574476363.0179608
0.028745117187499974,1574476363.390101
0.028304332386363616,1574476363.7621028
0.028676313920454537,1574476364.1340995
0.02688121448863636,1574476364.5182052
0.028247514204545472,1574476364.8900514
0.02863947088068182,1574476365.2620747
0.027730823863636372,1574476365.6340864
0.02917746803977275,1574476366.0180583
0.030481178977272746,1574476366.3900487
0.03227982954545454,1574476366.762079
0.030159801136363636,1574476367.1341062
