amperes,timestamp
0.03132013494318181,1574476804.0253778
0.03205610795454546,1574476804.3973982
0.03098588423295455,1574476804.7694342
0.04039905894886365,1574476805.1414304
0.04809703480113636,1574476805.525405
0.04122381036931817,1574476805.8974345
0.04768687855113637,1574476806.2694297
0.04420143821022726,1574476806.641457
0.04980513139204545,1574476807.0254436
0.051622869318181844,1574476807.3974462
0.046310813210227224,1574476807.7694674
0.04800736860795456,1574476808.14149
0.049463334517045446,1574476808.5254433
0.03679953835227271,1574476808.8974674
0.02745294744318181,1574476809.269497
0.029960937500000007,1574476809.6414945
0.030556640625000017,1574476810.0254755
0.02522327769886365,1574476810.3974905
0.025419921875000008,1574476810.769511
0.028486772017045463,1574476811.141534
0.027316228693181798,1574476811.5255082
0.02684792258522728,1574476811.8975294
0.04006702769886362,1574476812.269546
0.03559082031249999,1574476812.6415505
0.032419211647727264,1574476813.0255363
0.02692427201704545,1574476813.3975332
0.02791770241477274,1574476813.7695744
0.02808416193181819,1574476814.141585
0.02778764204545454,1574476814.5255437
0.03460493607954544,1574476814.8975623
0.03142800071022728,1574476815.2695944
0.024339488636363624,1574476815.6416187
0.02691805752840911,1574476816.025566
0.026918945312500005,1574476816.3975987
0.02745205965909091,1574476816.7696292
0.03575639204545456,1574476817.1416266
0.043947088068181865,1574476817.525613
0.03942737926136365,1574476817.8976235
0.028438387784090906,1574476818.2696238
0.026998845880681813,1574476818.641654
0.027598100142045456,1574476819.0256345
0.027128018465909075,1574476819.3976421
0.02730823863636363,1574476819.7696643
0.0335391512784091,1574476820.141757
0.04126420454545453,1574476820.5257201
0.03623668323863639,1574476820.8977213
0.0318075284090909,1574476821.2697191
0.028535156249999995,1574476821.641719
0.02857555042613637,1574476822.025672
0.030153142755681817,1574476822.3976953
0.03582075639204547,1574476822.7697241
0.028054865056818187,1574476823.1417327
0.023150301846590914,1574476823.5257158
0.026840376420454556,1574476823.8977318
0.029268465909090907,1574476824.269731
0.030629882812500026,1574476824.6417525
0.028246182528409092,1574476825.0257308
0.028378462357954555,1574476825.3977473
0.026175426136363634,1574476825.7697673
0.026424893465909087,1574476826.1417892
0.02637340198863637,1574476826.525736
0.03231889204545454,1574476826.8977613
0.027396573153409095,1574476827.2698092
0.027373046875000008,1574476827.6418116
0.025849609374999992,1574476828.0257761
0.02556463068181817,1574476828.3978074
0.03321333451704545,1574476828.7698185
0.03079145951704545,1574476829.1418264
0.025998757102272743,1574476829.5258112
0.02682839133522725,1574476829.8978229
0.02613192471590908,1574476830.269831
0.030034179687499996,1574476830.6418521
0.029335937499999996,1574476831.02584
0.028404208096590878,1574476831.3978546
0.026871892755681838,1574476831.7698636
0.026215820312499985,1574476832.1418796
0.03347034801136366,1574476832.525874
0.028000710227272727,1574476832.8978765
0.027367276278409087,1574476833.2698848
0.026388494318181816,1574476833.6419122
0.02634987571022727,1574476834.0258737
0.03244584517045455,1574476834.3979104
0.028563121448863634,1574476834.7699237
0.026641512784090902,1574476835.1419191
0.02727405894886365,1574476835.5259027
0.02634099786931817,1574476835.8979437
0.032407226562499995,1574476836.2699528
0.028730024857954537,1574476836.641956
0.02589044744318181,1574476837.025936
0.0266774680397727,1574476837.3979714
0.027650035511363618,1574476837.769972
0.032326882102272726,1574476838.1420054
0.0254403409090909,1574476838.5259607
0.030286310369318174,1574476838.897968
0.026337002840909094,1574476839.2699895
0.028929776278409085,1574476839.6420147
0.03183016690340907,1574476840.0259771
0.025890003551136364,1574476840.3980234
0.026482155539772727,1574476840.7700384
0.026264204545454535,1574476841.1420498
0.030922851562500006,1574476841.5260391
0.029845081676136365,1574476841.8981292
0.02597167968749998,1574476842.2701378
0.0268545809659091,1574476842.6421394
0.02545720880681818,1574476843.02609
0.03030495383522729,1574476843.398094
0.028603959517045457,1574476843.7701132
0.026698774857954546,1574476844.1421168
0.026662375710227258,1574476844.5260983
0.025857155539772702,1574476844.8981032
0.033122336647727256,1574476845.2701056
0.02758833451704545,1574476845.6421618
0.026009410511363643,1574476846.0261056
0.026475497159090925,1574476846.3981009
0.025977450284090896,1574476846.770173
0.03192737926136364,1574476847.14216
0.029371892755681826,1574476847.5261352
0.025477627840909095,1574476847.898167
0.029296875000000014,1574476848.270179
0.03161044034090908,1574476848.6421752
0.03505726207386363,1574476849.0261624
0.030155362215909077,1574476849.3981848
0.03061567826704543,1574476849.770182
0.030810102982954533,1574476850.1422126
0.03385431463068182,1574476850.5261943
0.02909002130681818,1574476850.8981924
0.02752175071022727,1574476851.2702188
0.02619984019886363,1574476851.6422126
0.02755193536931818,1574476852.0262024
0.03313254616477273,1574476852.3982265
0.025166903409090904,1574476852.7702446
0.02793812144886365,1574476853.1422486
0.02597123579545454,1574476853.5262275
0.0276162997159091,1574476853.8982377
0.034026544744318196,1574476854.2702801
0.026415571732954536,1574476854.6422856
0.026043146306818178,1574476855.026262
0.026328124999999994,1574476855.3982944
0.02802911931818182,1574476855.7702842
0.03071155894886361,1574476856.1423035
0.025560191761363642,1574476856.5262976
0.027151100852272708,1574476856.8982964
0.029683061079545457,1574476857.2702973
0.03374067826704543,1574476857.6423342
0.029390092329545446,1574476858.0262873
0.03004083806818184,1574476858.398312
0.03070978338068182,1574476858.7703612
0.03338955965909091,1574476859.1423714
0.030055930397727283,1574476859.5263147
0.03144797585227273,1574476859.8983493
0.030730646306818193,1574476860.2703488
0.03582519531250001,1574476860.6423907
0.05656383167613636,1574476861.026369
0.03979714133522723,1574476861.3983867
0.03540704900568185,1574476861.770373
0.044280894886363616,1574476862.142402
0.05145197088068183,1574476862.5263917
0.038713600852272746,1574476862.898396
0.04574662642045455,1574476863.2704234
0.03931463068181818,1574476863.642498
0.045847389914772704,1574476864.026464
0.047294921875000014,1574476864.3984556
0.04065429687499999,1574476864.770467
0.03530939275568181,1574476865.1424704
0.03293634588068181,1574476865.5264356
0.031690784801136365,1574476865.898444
0.03243208451704547,1574476866.2704651
0.031873224431818184,1574476866.6424725
0.027705078124999984,1574476867.0264435
0.04078213778409092,1574476867.3984888
0.0430721768465909,1574476867.770494
0.04466219815340911,1574476868.1424897
0.04413929332386363,1574476868.5264962
0.043235973011363636,1574476868.8985183
0.03894708806818182,1574476869.2705097
0.0333260830965909,1574476869.6425304
0.033827681107954546,1574476870.0265014
0.028743341619318175,1574476870.3985078
0.03362260298295456,1574476870.7705436
0.04411754261363634,1574476871.1425622
0.043156960227272737,1574476871.5265076
0.04306374289772725,1574476871.898555
0.044398526278409095,1574476872.2705662
0.045636541193181814,1574476872.642601
0.03615500710227272,1574476873.0266857
0.0381698330965909,1574476873.3988628
0.030810546875,1574476873.770599
0.029864169034090907,1574476874.1426837
0.03644087357954543,1574476874.526574
0.041045365767045476,1574476874.8985877
0.03713245738636367,1574476875.2705853
0.03211603338068181,1574476875.6426284
0.03727627840909091,1574476876.0266
0.030937500000000014,1574476876.398595
0.02960981889204546,1574476876.770618
0.038280806107954556,1574476877.1426582
0.0393199573863636,1574476877.5266013
0.03752840909090909,1574476877.898639
0.032118696732954546,1574476878.2706537
0.03809747869318182,1574476878.6426911
0.02981134588068181,1574476879.0268712
0.02907270951704547,1574476879.3986604
0.03943758877840907,1574476879.7707486
0.042677112926136365,1574476880.1427083
0.0432461825284091,1574476880.526856
0.04275701349431816,1574476880.898697
0.04369362571022726,1574476881.2707274
0.04509011008522728,1574476881.6427135
0.04456986860795457,1574476882.0266898
0.04493075284090906,1574476882.3987062
0.0447971413352273,1574476882.7707665
0.05182705965909088,1574476883.142869
0.046947354403409094,1574476883.5267272
0.04479669744318179,1574476883.8987494
0.04201349431818181,1574476884.2707942
0.03358753551136363,1574476884.6428537
0.034021661931818166,1574476885.0267873
0.028067737926136344,1574476885.3988721
0.025937943892045456,1574476885.7709012
0.030561967329545445,1574476886.1429358
0.038642578124999986,1574476886.5268312
0.038904030539772746,1574476886.8988311
0.03555619673295454,1574476887.2709394
0.030842950994318167,1574476887.643063
0.028322531960227285,1574476888.0268571
0.026668590198863647,1574476888.3988385
0.02661354758522726,1574476888.770905
0.02594682173295453,1574476889.1429744
0.03210759943181818,1574476889.5268412
0.034113991477272725,1574476889.898933
0.025962801846590906,1574476890.2708907
0.026712535511363638,1574476890.6428914
0.027654030539772716,1574476891.0268486
0.029109552556818182,1574476891.3988717
0.04343528053977276,1574476891.7709136
0.03975275213068181,1574476892.1429563
0.03559259588068184,1574476892.5269291
0.028065962357954544,1574476892.8989952
0.03115056818181818,1574476893.270953
0.028485440340909104,1574476893.6430144
0.02656338778409093,1574476894.0271246
0.02636940696022728,1574476894.3990006
0.029711470170454547,1574476894.7709663
0.027770774147727256,1574476895.1433296
0.026706321022727273,1574476895.526976
0.03021661931818182,1574476895.8989396
0.0356991299715909,1574476896.2709622
0.03235395951704546,1574476896.642981
0.027236328125,1574476897.0269396
0.025896218039772722,1574476897.3989618
0.0266033380681818,1574476897.770985
0.030151367187499997,1574476898.1429827
0.039553888494318144,1574476898.526999
0.04048517400568182,1574476898.8990202
0.04268954190340912,1574476899.2710311
0.03138805042613638,1574476899.643058
0.031536754261363646,1574476900.0270083
0.02702325994318181,1574476900.3991926
0.026930486505681816,1574476900.7710185
0.0304052734375,1574476901.1430426
0.03831676136363638,1574476901.5270367
0.02859907670454546,1574476901.8990324
0.02981889204545456,1574476902.2710507
0.030022194602272734,1574476902.6430683
0.029217862215909097,1574476903.0270207
0.03581631747159091,1574476903.3990548
0.031579367897727265,1574476903.771087
0.030203302556818187,1574476904.14322
0.028268821022727254,1574476904.527118
0.027390358664772727,1574476904.8992822
0.032756569602272724,1574476905.2713377
0.029475319602272718,1574476905.643167
0.028843217329545458,1574476906.0271134
0.028322088068181827,1574476906.3991196
0.028477006392045468,1574476906.7713373
0.02992276278409091,1574476907.143568
0.027745916193181824,1574476907.527201
0.027772993607954526,1574476907.8996155
0.028176491477272716,1574476908.2712126
0.02961958451704547,1574476908.6436844
0.026402254971590898,1574476909.0271556
0.028778852982954514,1574476909.3996818
0.027966974431818187,1574476909.771309
0.027251420454545473,1574476910.1432087
0.02958718039772728,1574476910.5274725
0.02640846946022726,1574476910.8992162
0.029946732954545453,1574476911.2713227
0.03230202414772728,1574476911.643329
0.03457475142045453,1574476912.0276144
0.0326904296875,1574476912.3998027
0.03437366832386362,1574476912.7716794
0.03107865767045455,1574476913.143361
