amperes,timestamp
0.027161754261363646,1574439889.9228516
0.025638316761363626,1574439890.2948754
0.025554865056818196,1574439890.6668599
0.026160777698863616,1574439891.0388927
0.03146129261363637,1574439891.4228556
0.04430220170454546,1574439891.7949007
0.03704456676136367,1574439892.166907
0.043367365056818194,1574439892.5388892
0.04063032670454545,1574439892.9229026
0.044214754971590935,1574439893.2949314
0.04700639204545452,1574439893.6669302
0.04055131392045454,1574439894.038958
0.0408678089488636,1574439894.4229436
0.041992187499999986,1574439894.7949255
0.031808416193181824,1574439895.1669617
0.026041370738636382,1574439895.5389826
0.02603338068181817,1574439895.9229338
0.02859596946022729,1574439896.2949731
0.026348987926136373,1574439896.6669903
0.022518643465909077,1574439897.0390046
0.02523215553977274,1574439897.4229748
0.024045632102272754,1574439897.7949917
0.02469637784090909,1574439898.1670167
0.038879172585227266,1574439898.5390203
0.02744273792613635,1574439898.9229624
0.025755948153409085,1574439899.2950697
0.026146573153409094,1574439899.667017
0.025930841619318183,1574439900.039044
0.028623934659090914,1574439900.4229956
0.031387606534090916,1574439900.7950613
0.03401455965909093,1574439901.1670535
0.029696377840909064,1574439901.539158
0.02317427201704545,1574439901.9231062
0.027588778409090905,1574439902.2951221
0.02786976207386363,1574439902.6671088
0.026845259232954544,1574439903.039111
0.02997824928977271,1574439903.4230905
0.03335094105113639,1574439903.7950964
0.041716974431818155,1574439904.167113
0.031562943892045434,1574439904.5391436
0.02540349786931818,1574439904.9230964
0.028532049005681813,1574439905.2950933
0.025454989346590923,1574439905.6671429
0.024807350852272723,1574439906.0391495
0.02492808948863635,1574439906.4231322
0.023630149147727295,1574439906.7951586
0.022801846590909086,1574439907.1671553
0.026509232954545443,1574439907.5391738
0.02642844460227272,1574439907.9231603
0.03500488281250002,1574439908.2951815
0.0409588068181818,1574439908.6671507
0.033786843039772724,1574439909.0391972
0.026479048295454548,1574439909.4231577
0.023422407670454535,1574439909.7951837
0.026642844460227272,1574439910.1672146
0.024950727982954543,1574439910.5392334
0.02566317471590909,1574439910.923192
0.02897194602272727,1574439911.2952209
0.029935635653409082,1574439911.66724
0.02284712357954546,1574439912.039261
0.02494495738636365,1574439912.4232197
0.027361061789772715,1574439912.7952447
0.03310546874999998,1574439913.1672459
0.03359419389204545,1574439913.5392578
0.0244580078125,1574439913.9232514
0.029422052556818172,1574439914.2952807
0.028099254261363643,1574439914.6672542
0.03036665482954545,1574439915.039299
0.027252308238636364,1574439915.4232807
0.025238813920454548,1574439915.7952678
0.025514026988636345,1574439916.167288
0.02389293323863636,1574439916.5393322
0.030226384943181833,1574439916.923276
0.026816850142045465,1574439917.2952976
0.02420143821022728,1574439917.6673272
0.02453835227272727,1574439918.039326
0.024683061079545456,1574439918.4233086
0.032236328125,1574439918.7953436
0.027667347301136364,1574439919.1673687
0.028099698153409083,1574439919.5393653
0.027926580255681805,1574439919.9233363
0.033624378551136376,1574439920.2953668
0.030031072443181817,1574439920.667365
0.02939275568181817,1574439921.0393882
0.02872247869318181,1574439921.4233418
0.03117498224431816,1574439921.7953794
0.03206942471590909,1574439922.1673837
0.03000133167613636,1574439922.5394247
0.0300275213068182,1574439922.923447
0.03274636008522728,1574439923.2954817
0.02777654474431818,1574439923.667479
0.030049715909090887,1574439924.0394888
0.029623579545454543,1574439924.4234278
0.030691583806818187,1574439924.7954223
0.029490855823863658,1574439925.1674678
0.03076526988636363,1574439925.53949
0.028132546164772728,1574439925.9234447
0.03252974076704547,1574439926.2954822
0.025136274857954527,1574439926.6674848
0.028789506392045437,1574439927.0394807
0.02816938920454544,1574439927.4234684
0.03157492897727272,1574439927.7954729
0.026755149147727256,1574439928.1674998
0.028153852982954548,1574439928.5395095
0.02798295454545452,1574439928.923508
0.03172452059659088,1574439929.2955172
0.0257461825284091,1574439929.6674936
0.028307439630681816,1574439930.0395362
0.028497425426136334,1574439930.423531
0.03265758167613636,1574439930.7955282
0.026829279119318178,1574439931.1675558
0.029559659090909098,1574439931.539584
0.029092684659090887,1574439931.923535
0.032390802556818185,1574439932.295555
0.026961115056818176,1574439932.667584
0.02975941051136365,1574439933.0396068
0.029525923295454566,1574439933.4235582
0.03334561434659092,1574439933.7955606
0.02787420099431819,1574439934.1675868
0.03181418678977273,1574439934.5396128
0.034018554687500015,1574439934.9235947
0.03486594460227276,1574439935.2956154
0.03262118252840909,1574439935.6676145
0.03214932528409091,1574439936.0396407
0.036404030539772717,1574439936.4236197
0.0313711825284091,1574439936.795604
0.029752308238636383,1574439937.1676428
0.03156471946022726,1574439937.5396707
0.02753062855113637,1574439937.9236293
0.02992587002840905,1574439938.2956495
0.030063476562499986,1574439938.667686
0.028275479403409104,1574439939.0396776
0.028279918323863625,1574439939.4236534
0.029941850142045447,1574439939.7956898
0.03167258522727272,1574439940.167709
0.02689852627840906,1574439940.5397213
0.02980113636363636,1574439940.9236891
0.03055087002840912,1574439941.295717
0.03146351207386365,1574439941.6677165
0.02886541193181816,1574439942.03974
0.029777610085227287,1574439942.4237134
0.029428710937500012,1574439942.7956922
0.045217507102272736,1574439943.16774
0.05384188565340909,1574439943.5397701
0.042290926846590915,1574439943.923725
0.053052645596590904,1574439944.295747
0.04930042613636362,1574439944.6678536
0.03970747514204547,1574439945.039855
0.049304421164772724,1574439945.4238083
0.04676935369318183,1574439945.7958102
0.055668945312499996,1574439946.1678004
0.05412863991477273,1574439946.5398037
0.0432626065340909,1574439946.9237866
0.041685014204545484,1574439947.2957888
0.03161665482954544,1574439947.6678202
0.03136851917613636,1574439948.0398328
0.03352805397727274,1574439948.423819
0.03891468394886364,1574439948.7958205
0.04717373934659092,1574439949.167839
0.04652254971590908,1574439949.5398734
0.047833806818181876,1574439949.9238183
0.04669566761363634,1574439950.2958527
0.04590687144886362,1574439950.6678739
0.033239524147727254,1574439951.0398977
0.04142311789772726,1574439951.4238539
0.030352450284090903,1574439951.795864
0.03204234730113636,1574439952.1679053
0.042478249289772715,1574439952.5399036
0.04273437500000002,1574439952.9238794
0.04416992187499993,1574439953.2959068
0.04404651988636368,1574439953.6679072
0.04385342684659094,1574439954.039907
0.034690163352272756,1574439954.4239135
0.04196022727272729,1574439954.7959352
0.030370205965909086,1574439955.1679358
0.034349698153409096,1574439955.5399501
0.04108398437500001,1574439955.9239445
0.037604758522727245,1574439956.295939
0.0321329012784091,1574439956.6679332
0.029363902698863638,1574439957.039986
0.03329101562499998,1574439957.4239585
0.028882279829545447,1574439957.7959657
0.03811922940340911,1574439958.1679952
0.03741921164772726,1574439958.5400436
0.03343971946022727,1574439958.9239798
0.0276114169034091,1574439959.2960021
0.03798295454545454,1574439959.6680245
0.029658647017045448,1574439960.0400403
0.03507901278409093,1574439960.4240053
0.04254039417613635,1574439960.7960308
0.04346857244318184,1574439961.1680312
0.04342640269886364,1574439961.5400574
0.04285733309659092,1574439961.9240441
0.042980735085227276,1574439962.2960596
0.043629261363636374,1574439962.6680615
0.04367897727272729,1574439963.0400743
0.04329589843749997,1574439963.4240677
0.04372558593750002,1574439963.7960656
0.0410196200284091,1574439964.1680968
0.03886629971590909,1574439964.5401106
0.04434747869318181,1574439964.9240725
0.04603382457386364,1574439965.2961013
0.03549316406250002,1574439965.6681237
0.03138671875,1574439966.0402217
0.027832031250000007,1574439966.4241736
0.030446999289772736,1574439966.7961836
0.027915926846590902,1574439967.1681812
0.03581898082386364,1574439967.5401719
0.041164328835227304,1574439967.9241347
0.03765935724431821,1574439968.296166
0.033687411221590906,1574439968.6681497
0.03385076349431816,1574439969.0401835
0.03104048295454547,1574439969.4241588
0.027584783380681818,1574439969.7961645
0.02963911576704546,1574439970.168192
0.036000532670454555,1574439970.540215
0.027629172585227263,1574439970.924196
0.030237038352272757,1574439971.2961967
0.02826793323863637,1574439971.6682127
0.03458984375000003,1574439972.040216
0.044855291193181795,1574439972.4241648
0.037802290482954526,1574439972.7962222
0.028001154119318184,1574439973.1682448
0.025642755681818195,1574439973.5402412
0.030933504971590906,1574439973.924229
0.02510830965909091,1574439974.2962627
0.025751065340909082,1574439974.6682544
0.024198774857954543,1574439975.0402737
0.024541903409090904,1574439975.4242544
0.02190873579545454,1574439975.7962816
0.025142045454545438,1574439976.1682928
0.0269580078125,1574439976.5403178
0.0269149502840909,1574439976.9242861
0.036686789772727275,1574439977.2962925
0.033524502840909125,1574439977.6683178
0.027810724431818173,1574439978.0403323
0.0277157315340909,1574439978.4242957
0.03003018465909092,1574439978.7963188
0.03611283735795456,1574439979.168342
0.043724698153409125,1574439979.5403643
0.03208318536931819,1574439979.9243245
0.02689497514204546,1574439980.296353
0.03211869673295453,1574439980.6683676
0.028128995028409078,1574439981.04037
0.033730912642045446,1574439981.4243517
0.03433283025568181,1574439981.7963774
0.029174360795454567,1574439982.1683736
0.03063121448863637,1574439982.5404027
0.03025435014204544,1574439982.924378
0.035658291903409085,1574439983.2963881
0.02903053977272728,1574439983.66841
0.02881125710227272,1574439984.0404377
0.030583274147727244,1574439984.424409
0.030692915482954563,1574439984.796413
0.036186523437500014,1574439985.1684322
0.02832741477272726,1574439985.5404637
0.0291233132102273,1574439985.924434
0.03118474786931819,1574439986.29644
0.0289275568181818,1574439986.668465
0.030043945312499997,1574439987.0404656
0.030241033380681816,1574439987.424451
0.028824573863636353,1574439987.7965522
0.028302112926136352,1574439988.1685505
0.026654829545454554,1574439988.5405464
0.026245561079545475,1574439988.9245057
0.02634765625,1574439989.2965045
0.0280322265625,1574439989.6685488
0.026588689630681825,1574439990.0405283
0.027132457386363638,1574439990.4245067
0.02632901278409091,1574439990.7965107
0.025522904829545456,1574439991.1685486
0.027365944602272745,1574439991.540558
0.027313121448863623,1574439991.9245455
0.026708540482954547,1574439992.2965388
0.026287730823863632,1574439992.668556
