amperes,timestamp
0.028821466619318198,1574482546.4985504
0.027262073863636358,1574482546.8705873
0.027147105823863628,1574482547.2427034
0.02702991832386363,1574482547.626584
0.03589044744318183,1574482547.9985902
0.044240944602272736,1574482548.3706148
0.03458629261363637,1574482548.7426233
0.03574041193181818,1574482549.1265922
0.03938964843750001,1574482549.4986117
0.04182173295454548,1574482549.8706653
0.03308149857954545,1574482550.2426648
0.031401367187499994,1574482550.6266425
0.0345618785511364,1574482550.998669
0.020509588068181827,1574482551.370674
0.02369406960227273,1574482551.7426946
0.02190296519886364,1574482552.1266723
0.022923029119318185,1574482552.4986749
0.022426757812500007,1574482552.8707438
0.022845791903409088,1574482553.2427242
0.022518643465909084,1574482553.6267076
0.021975763494318176,1574482553.998699
0.021321022727272734,1574482554.3708355
0.02081187855113635,1574482554.7427566
0.021789772727272727,1574482555.1267154
0.022425870028409116,1574482555.4987326
0.022561257102272737,1574482555.8707662
0.02290172230113636,1574482556.2427685
0.02129660866477273,1574482556.6267533
0.022656249999999985,1574482556.998772
0.021231356534090917,1574482557.3707745
0.019286665482954556,1574482557.7427962
0.018393998579545448,1574482558.1267805
0.018330965909090915,1574482558.498801
0.018605291193181807,1574482558.8708086
0.018655894886363628,1574482559.2428303
0.017605202414772727,1574482559.626885
0.019815784801136355,1574482559.9988928
0.019269797585227278,1574482560.3708918
0.019504616477272717,1574482560.7428966
0.01933860085227274,1574482561.1268477
0.02009499289772728,1574482561.498848
0.019538352272727277,1574482561.8708425
0.018205788352272725,1574482562.242878
0.019497070312500003,1574482562.626852
0.018688299005681815,1574482562.9988782
0.02041770241477272,1574482563.3709111
0.018792613636363645,1574482563.7429059
0.018943536931818182,1574482564.1268866
0.018253284801136374,1574482564.4989154
0.018746448863636352,1574482564.8709197
0.01950727982954544,1574482565.2429345
0.01836514559659089,1574482565.6269279
0.020045276988636368,1574482565.998951
0.018785511363636372,1574482566.3709478
0.019569424715909098,1574482566.7429745
0.01835759943181818,1574482567.126953
0.017270063920454538,1574482567.4989574
0.018955078125,1574482567.8709917
0.017077414772727288,1574482568.243014
0.017477805397727274,1574482568.6269662
0.017171519886363642,1574482568.9989965
0.014726118607954551,1574482569.3710208
0.015608132102272727,1574482569.7430084
0.018679865056818182,1574482570.126999
0.017278053977272733,1574482570.499019
0.014791814630681821,1574482570.871057
0.014794477982954541,1574482571.2430482
0.01567604758522727,1574482571.6270273
0.014504616477272726,1574482571.999061
0.01483309659090909,1574482572.371063
0.014460227272727277,1574482572.7430842
0.01576837713068182,1574482573.1270607
0.015738636363636364,1574482573.49906
0.015248579545454532,1574482573.871093
0.014354137073863642,1574482574.2431145
0.014382990056818189,1574482574.6270711
0.014535245028409107,1574482574.9991028
0.014909002130681826,1574482575.371121
0.014970703125000004,1574482575.7431388
0.014437588778409083,1574482576.127106
0.014208984375000008,1574482576.4991329
0.014297318892045455,1574482576.8711553
0.014643998579545453,1574482577.2431607
0.014964488636363635,1574482577.6271431
0.014314630681818175,1574482577.9991586
0.014709250710227282,1574482578.371171
0.01515491832386364,1574482578.7431893
0.014458895596590917,1574482579.127173
0.014433593749999989,1574482579.4992018
0.014530362215909101,1574482579.8711994
0.015337801846590926,1574482580.2432263
0.014612926136363644,1574482580.627212
0.015192205255681818,1574482580.9992094
0.014117542613636368,1574482581.3713143
0.015482510653409096,1574482581.743315
0.015304953835227262,1574482582.1272821
0.015288529829545452,1574482582.4992652
0.015185102982954548,1574482582.8712666
0.015110973011363627,1574482583.2432914
0.015439453124999994,1574482583.6272702
0.015388405539772729,1574482583.9992764
0.014296431107954538,1574482584.3714132
0.015299627130681824,1574482584.7432978
0.015165127840909088,1574482585.127271
0.015718661221590904,1574482585.4993045
0.0161328125,1574482585.871297
0.01623046875,1574482586.2433379
0.016670365767045444,1574482586.627317
0.023659002130681825,1574482586.9993448
0.033183149857954536,1574482587.3713214
0.025948153409090888,1574482587.7433696
0.026049804687500004,1574482588.12734
0.026809303977272717,1574482588.499346
0.03198774857954546,1574482588.8713636
0.03277521306818181,1574482589.2434194
0.03385298295454545,1574482589.627341
0.03235395951704547,1574482589.9993634
0.0371875,1574482590.3713996
0.031024946732954556,1574482590.7434077
0.030427911931818184,1574482591.1273723
0.029832652698863628,1574482591.4993784
0.02633877840909091,1574482591.8714492
0.019229403409090903,1574482592.24343
0.016033380681818178,1574482592.6274147
0.016776012073863637,1574482592.9994638
0.019893909801136367,1574482593.3714337
0.016973987926136372,1574482593.7434802
0.01580166903409091,1574482594.1274555
0.015412819602272722,1574482594.499457
0.01522993607954545,1574482594.8714783
0.015514026988636374,1574482595.2435107
0.015745294744318176,1574482595.6274729
0.015542436079545452,1574482595.9994895
0.015285866477272727,1574482596.3714907
0.01983753551136362,1574482596.7435265
0.0306951349431818,1574482597.127469
0.03552689985795456,1574482597.4995239
0.03470126065340909,1574482597.8715546
0.03439497514204545,1574482598.2435234
0.03728560014204545,1574482598.6275015
0.033997691761363656,1574482598.999607
0.032184392755681815,1574482599.3715808
0.02688299005681818,1574482599.743577
0.016664151278409083,1574482600.1275566
0.0167333984375,1574482600.4995832
0.018007812500000008,1574482600.8715837
0.017751242897727275,1574482601.2436082
0.018295898437499993,1574482601.6275926
0.015800337357954542,1574482601.999595
0.015375532670454543,1574482602.3716202
0.015743963068181818,1574482602.7437203
0.015161576704545453,1574482603.12767
0.01531960227272726,1574482603.4996758
0.015645419034090894,1574482603.8716729
0.015163352272727266,1574482604.243676
0.01550958806818182,1574482604.6276543
0.015677823153409095,1574482604.9996474
0.020436345880681807,1574482605.3716824
0.02463378906249998,1574482605.743678
0.022366388494318188,1574482606.1276605
0.022738370028409102,1574482606.4996953
0.022127130681818194,1574482606.8717177
0.022583451704545454,1574482607.243721
0.024831764914772726,1574482607.6277072
0.02452148437500001,1574482607.9997132
0.024285777698863618,1574482608.3717248
0.026124378551136366,1574482608.74375
0.03487881747159093,1574482609.1276956
0.043198686079545454,1574482609.4997363
0.03122958096590909,1574482609.8717628
0.025120738636363632,1574482610.2437832
0.024836203835227267,1574482610.627748
0.02553666548295456,1574482610.9997787
0.024261807528409077,1574482611.371801
0.026394708806818195,1574482611.743816
0.03106534090909091,1574482612.1277692
0.03521084872159092,1574482612.4997697
0.035701793323863626,1574482612.8718276
0.0427809836647727,1574482613.2438362
0.0321209161931818,1574482613.6278305
0.026651722301136358,1574482613.9998186
0.029402521306818176,1574482614.3718746
0.029523259943181807,1574482614.74385
0.021505237926136355,1574482615.1278443
0.01614612926136364,1574482615.4998448
0.022528409090909095,1574482615.8718638
0.0355965909090909,1574482616.243899
0.02677379261363635,1574482616.6278713
0.025511363636363624,1574482616.9998953
0.025311168323863653,1574482617.3719006
0.027061878551136367,1574482617.7439277
0.029772727272727277,1574482618.1279032
0.026871004971590926,1574482618.499913
0.02539817116477271,1574482618.871912
0.0249764737215909,1574482619.243931
0.02677468039772727,1574482619.627917
0.02824618252840909,1574482619.9999495
0.027792524857954557,1574482620.371949
0.024680841619318168,1574482620.743931
0.0254190340909091,1574482621.1279457
0.02888760653409091,1574482621.499979
0.025445223721590908,1574482621.8719895
0.025393288352272735,1574482622.2440028
0.024885475852272736,1574482622.627962
0.026390713778409083,1574482623.000004
0.027711292613636366,1574482623.3719838
0.025703568892045454,1574482623.7440271
0.024825994318181808,1574482624.128004
0.02629971590909091,1574482624.5000975
0.028669211647727268,1574482624.8720953
0.025996093749999994,1574482625.2440915
0.025063032670454562,1574482625.6280484
0.02560680042613636,1574482626.0000556
0.02819424715909091,1574482626.3720863
0.028833007812500006,1574482626.7440708
0.02626509232954547,1574482627.1280546
0.024638227982954543,1574482627.5000596
0.025863370028409115,1574482627.8720868
0.028311434659090924,1574482628.2441244
0.025614346590909085,1574482628.6280909
0.025087002840909096,1574482629.000088
0.025254794034090897,1574482629.3721216
0.028031782670454544,1574482629.744131
0.02662242542613636,1574482630.128128
0.025380415482954524,1574482630.5001287
0.025392844460227257,1574482630.8721232
0.026564275568181812,1574482631.244152
0.028457475142045465,1574482631.6281102
0.02598499644886363,1574482632.0001245
0.02595791903409092,1574482632.3721688
0.026342773437499998,1574482632.7441723
0.026421342329545475,1574482633.1281307
0.025820756392045455,1574482633.5001593
0.025032404119318185,1574482633.872191
0.02519442471590907,1574482634.2442033
0.028053977272727265,1574482634.6281812
0.026363192471590937,1574482635.0001929
0.025233487215909088,1574482635.3722034
0.025021750710227292,1574482635.7442315
0.029028764204545424,1574482636.1282012
0.025708007812500013,1574482636.5002067
0.02543900923295453,1574482636.8722389
0.025302734375000004,1574482637.2442737
0.026195401278409088,1574482637.628206
0.02498757102272728,1574482638.0002296
0.02586780894886364,1574482638.3722613
0.025199751420454535,1574482638.744296
0.02518199573863636,1574482639.1282413
0.026702325994318196,1574482639.50027
0.025879350142045458,1574482639.8722873
0.025278320312500005,1574482640.2443068
0.02505015980113636,1574482640.628284
0.026850585937500015,1574482641.0002983
0.023994140624999976,1574482641.372312
0.02668412642045456,1574482641.7443264
0.02520685369318181,1574482642.1283119
0.02475807883522726,1574482642.5003393
0.02621315696022727,1574482642.8723395
0.026476384943181785,1574482643.244363
0.024756303267045428,1574482643.628352
0.024616477272727276,1574482644.0003452
0.02817649147727271,1574482644.3724897
0.023864524147727283,1574482644.7444034
0.0259090909090909,1574482645.1283793
0.02498357599431818,1574482645.5003743
0.028111683238636366,1574482645.8724816
0.033411754261363655,1574482646.2444813
0.02608753551136364,1574482646.6284516
0.023749999999999997,1574482647.0004475
0.030711558948863647,1574482647.372446
0.03170188210227272,1574482647.744461
0.028019797585227265,1574482648.1284368
0.027224343039772718,1574482648.5004478
0.02487926136363637,1574482648.8724546
0.025776367187500003,1574482649.2444718
0.0251513671875,1574482649.628451
0.02522416548295454,1574482650.0004601
0.02691894531249999,1574482650.3724902
0.026084428267045445,1574482650.7445037
0.025068803267045473,1574482651.1284869
0.024655983664772715,1574482651.5004961
0.026658824573863642,1574482651.8725169
0.026265980113636355,1574482652.2445421
0.025396839488636348,1574482652.6285045
0.024843749999999984,1574482653.0005188
0.029351917613636366,1574482653.3725584
0.027765891335227257,1574482653.7445476
0.02914373224431818,1574482654.1285293
0.02725807883522726,1574482654.5005653
0.026985973011363636,1574482654.8725524
0.03136541193181818,1574482655.2446032
0.02690163352272727,1574482655.6285555
0.02646484375,1574482656.0005958
0.0264697265625,1574482656.3725793
0.0266885653409091,1574482656.744618
0.02657670454545453,1574482657.1286016
0.025636097301136355,1574482657.5006025
0.025278320312500015,1574482657.8726213
0.0242733487215909,1574482658.2446363
0.02550692471590911,1574482658.62864
0.02732643821022728,1574482659.000622
0.025704012784090884,1574482659.3726592
0.025157581676136367,1574482659.7446854
0.02505149147727274,1574482660.1286345
0.027902610085227285,1574482660.5006585
0.025920188210227277,1574482660.8726828
0.026192737926136363,1574482661.2446833
0.026956676136363638,1574482661.628667
0.026535422585227283,1574482662.0006948
0.02732998934659091,1574482662.3726954
0.024391424005681835,1574482662.7447133
0.025057262073863627,1574482663.128711
0.02658780184659091,1574482663.50072
0.0250594815340909,1574482663.8727233
0.025198419744318166,1574482664.2447617
0.025781693892045442,1574482664.6287303
0.025292524857954538,1574482665.0007498
0.025368430397727286,1574482665.372752
0.025335582386363638,1574482665.744776
0.02497514204545453,1574482666.1287625
0.025709339488636348,1574482666.5007677
0.024591175426136376,1574482666.872785
0.02564675071022728,1574482667.2447886
0.02516557173295454,1574482667.628847
0.024439808238636347,1574482668.0008483
0.025126953124999993,1574482668.3728497
0.026760919744318188,1574482668.7448432
0.025431906960227266,1574482669.128801
0.025070134943181832,1574482669.5008268
0.024533913352272726,1574482669.8728662
0.027204367897727285,1574482670.2448704
0.02679820667613636,1574482670.6288373
0.02501731178977272,1574482671.0008452
0.0246941583806818,1574482671.3728645
0.02698109019886364,1574482671.7448916
0.025324928977272707,1574482672.1288807
0.025243252840909093,1574482672.5008683
0.025577503551136364,1574482672.8728967
0.02619717684659092,1574482673.2449214
0.026058238636363633,1574482673.6288898
0.02438254616477273,1574482674.0009
0.025890003551136374,1574482674.3730166
0.027551047585227303,1574482674.7449338
0.025749733664772727,1574482675.1289258
0.0252237215909091,1574482675.5009575
0.025811434659090915,1574482675.872967
0.032025923295454554,1574482676.2449677
0.025294300426136375,1574482676.6289582
0.025663174715909075,1574482677.0009677
0.03095525568181818,1574482677.3729653
0.027514648437499976,1574482677.7449923
0.02556241122159089,1574482678.1289794
0.026681019176136356,1574482678.501012
0.025438565340909096,1574482678.8730059
0.024878817471590892,1574482679.2450266
0.02406383167613636,1574482679.629004
0.026958895596590902,1574482680.0010514
0.027678444602272725,1574482680.3730397
0.025438121448863642,1574482680.7450764
0.02537863991477273,1574482681.1290214
0.02613014914772726,1574482681.501045
0.026559392755681824,1574482681.8730788
0.024500621448863634,1574482682.2450888
0.025445223721590884,1574482682.6290562
0.02549893465909093,1574482683.0010843
0.025823863636363627,1574482683.3730817
0.02563343394886365,1574482683.7451205
0.029789595170454562,1574482684.12909
0.026453746448863637,1574482684.501114
0.025802556818181825,1574482684.8731043
0.02495649857954548,1574482685.245141
0.025526899857954553,1574482685.6291218
0.02537997159090908,1574482686.0011363
0.025470969460227266,1574482686.3731554
0.02598100142045455,1574482686.745167
0.02420498934659092,1574482687.129148
0.023980823863636355,1574482687.5011744
0.02674405184659091,1574482687.873179
0.02537020596590909,1574482688.2452054
0.024267578124999998,1574482688.629174
0.02472345525568179,1574482689.0012877
0.026198952414772717,1574482689.373252
0.025889115767045463,1574482689.7452695
0.024516601562499997,1574482690.129223
0.025312500000000012,1574482690.5012171
0.02619628906249999,1574482690.873239
0.026580255681818172,1574482691.2452705
0.024679953835227284,1574482691.6292214
0.02580033735795455,1574482692.0012367
0.02617098721590908,1574482692.3732612
0.025357333096590905,1574482692.7452784
0.025023970170454532,1574482693.1292608
0.025202858664772725,1574482693.5012941
0.02615278764204546,1574482693.8732967
0.026055575284090915,1574482694.2453225
0.02536887428977274,1574482694.6292913
0.025241477272727283,1574482695.001299
0.024884588068181827,1574482695.373313
0.02623490767045455,1574482695.745349
0.026401811079545465,1574482696.129298
0.02547629616477272,1574482696.5013242
0.02458496093749999,1574482696.873368
0.026501242897727286,1574482697.2453556
0.025825639204545458,1574482697.629334
0.025084783380681822,1574482698.0013535
0.024933860085227272,1574482698.3734026
0.026610884232954546,1574482698.7453902
0.025585493607954556,1574482699.1293647
0.02512562144886363,1574482699.5013878
0.02517356178977271,1574482699.8733995
0.026216708096590907,1574482700.2454207
0.025703124999999993,1574482700.6293952
0.024382990056818186,1574482701.001447
0.026609108664772743,1574482701.3734498
0.02787597656249997,1574482701.7454867
0.025628551136363628,1574482702.129441
0.02525435014204547,1574482702.5014472
0.02424538352272727,1574482702.8734841
0.02621626420454546,1574482703.2455072
0.026240678267045427,1574482703.6294746
0.02486283735795455,1574482704.0014946
0.02536443536931816,1574482704.3737643
0.025179332386363638,1574482704.7455406
0.02746537642045455,1574482705.1294985
0.02571422230113636,1574482705.5015237
0.024842418323863625,1574482705.8735118
0.025154918323863622,1574482706.2455528
0.026977982954545444,1574482706.629519
0.02647638494318181,1574482707.0015373
0.024758522727272733,1574482707.3735557
0.0250545987215909,1574482707.745572
0.03263671875,1574482708.1295564
0.026510120738636362,1574482708.5015607
0.02661843039772727,1574482708.8735952
0.028176047585227276,1574482709.2456114
0.026161221590909084,1574482709.6295738
0.027439186789772734,1574482710.001602
0.025336026278409078,1574482710.3736265
0.02768687855113637,1574482710.745694
0.02696511008522728,1574482711.1296458
0.027633167613636368,1574482711.501645
0.026571821732954557,1574482711.8736556
0.02460182883522727,1574482712.2456663
0.025036399147727265,1574482712.6296306
0.023662997159090884,1574482713.0016491
0.02571022727272725,1574482713.3736618
0.02511141690340908,1574482713.7456913
0.024591175426136376,1574482714.1296785
0.025169566761363643,1574482714.5017014
0.027239879261363634,1574482714.8736892
0.02523748224431818,1574482715.2457085
0.025088778409090906,1574482715.6296895
0.0254873934659091,1574482716.001674
0.025137606534090914,1574482716.3737457
0.027443625710227265,1574482716.7457323
0.025110529119318197,1574482717.129705
0.024896573153409075,1574482717.501737
0.02510298295454545,1574482717.8737843
0.02690163352272727,1574482718.2457798
0.025440784801136356,1574482718.6297452
0.02496892755681816,1574482719.0017645
0.02748535156249999,1574482719.3737693
0.025523348721590896,1574482719.7457988
0.025366210937500015,1574482720.1297867
0.025061257102272746,1574482720.5017843
0.02555974786931819,1574482720.873797
0.025106090198863607,1574482721.245835
0.028389559659090877,1574482721.629823
0.025042613636363627,1574482722.0018113
0.02523215553977273,1574482722.373844
0.026655717329545452,1574482722.7458532
0.02550914417613637,1574482723.1298065
0.025860262784090923,1574482723.5018375
0.02525301846590909,1574482723.8738737
0.02448197798295455,1574482724.2458725
0.02848943536931819,1574482724.629864
0.026819069602272753,1574482725.0018718
0.024706143465909092,1574482725.3738847
0.025980113636363635,1574482725.7459066
0.025505593039772716,1574482726.1299052
0.028038884943181814,1574482726.501886
0.026147017045454544,1574482726.8739085
0.02516557173295455,1574482727.24593
0.02641645951704545,1574482727.6299093
0.023313210227272736,1574482728.0019288
0.025754172585227234,1574482728.3739548
0.02568093039772727,1574482728.7459679
0.02474786931818182,1574482729.1299374
0.02641601562499999,1574482729.5019448
0.02330477627840907,1574482729.8739831
0.024660866477272732,1574482730.2460122
0.02559082031250001,1574482730.629972
0.02524236505681819,1574482731.001985
0.02453346946022726,1574482731.3740108
0.027955877130681813,1574482731.7460184
0.026251775568181823,1574482732.1300688
0.02498002485795453,1574482732.5020773
0.024973810369318197,1574482732.8740623
0.02728426846590909,1574482733.2460384
0.027485351562499996,1574482733.630025
0.024935635653409085,1574482734.0020547
0.025428799715909067,1574482734.3741224
0.025980557528409116,1574482734.7460756
0.028240855823863608,1574482735.1300426
0.02443536931818182,1574482735.5020463
0.02604802911931819,1574482735.8740952
0.025929066051136377,1574482736.2461214
0.02582031249999999,1574482736.6300812
0.02589399857954545,1574482737.0020769
0.024736772017045435,1574482737.374115
0.02493563565340907,1574482737.7461174
0.02676225142045455,1574482738.1300893
0.02602272727272727,1574482738.50213
0.02553844105113636,1574482738.8741424
0.024297762784090914,1574482739.2461467
0.03218572443181819,1574482739.630121
0.027210138494318185,1574482740.0022645
0.026762251420454533,1574482740.3741748
0.03005015980113636,1574482740.74619
0.027049893465909077,1574482741.1301832
0.024922762784090925,1574482741.5022037
0.02898748224431817,1574482741.874197
0.024493075284090903,1574482742.2462378
0.02494406960227271,1574482742.6301842
0.02657049005681818,1574482743.0022175
0.026529208096590904,1574482743.3742335
0.025781250000000012,1574482743.7462618
0.02559881036931818,1574482744.1302183
0.025355113636363648,1574482744.5022306
0.02635564630681819,1574482744.874272
0.026666814630681802,1574482745.246273
0.025361328124999992,1574482745.6302269
0.024919655539772725,1574482746.0022776
0.028010919744318182,1574482746.3743253
0.027971857244318193,1574482746.7462986
0.026340110085227266,1574482747.130247
0.025316495028409092,1574482747.5023024
0.026674360795454544,1574482747.8743107
0.025478959517045454,1574482748.2463422
0.025114524147727264,1574482748.6302857
0.02547096946022727,1574482749.0023108
0.024821999289772738,1574482749.3743432
0.024893909801136375,1574482749.7463717
0.024969815340909106,1574482750.130343
0.025593927556818177,1574482750.5023463
0.026114169034090914,1574482750.8743763
0.024714577414772735,1574482751.2463918
0.02684126420454545,1574482751.6303575
0.027514648437500015,1574482752.0023866
0.025905539772727276,1574482752.3743925
0.02556862571022727,1574482752.7464037
0.024729669744318176,1574482753.1303792
0.024874822443181826,1574482753.5024865
0.02563165838068183,1574482753.874488
0.025456764914772737,1574482754.246489
0.025129172585227257,1574482754.6304245
0.026873668323863637,1574482755.0024452
0.02733709161931817,1574482755.3744447
0.026186967329545473,1574482755.746475
0.02503062855113637,1574482756.1304555
0.024732776988636358,1574482756.50249
0.02617453835227271,1574482756.8744857
0.025723544034090905,1574482757.246507
0.025135830965909094,1574482757.6304617
0.02492098721590908,1574482758.0024807
0.02659446022727272,1574482758.374497
0.025844282670454535,1574482758.7465162
0.02676225142045453,1574482759.1304991
0.02521040482954546,1574482759.502524
0.02441450639204544,1574482759.874542
0.02620516690340909,1574482760.2465506
0.027517311789772732,1574482760.6305315
0.024567649147727265,1574482761.002563
0.025370205965909075,1574482761.3745549
0.026567826704545456,1574482761.7465854
0.02698774857954545,1574482762.1305614
0.02543457031249998,1574482762.5025656
0.02562988281249999,1574482762.8745856
0.024999556107954547,1574482763.2466097
0.025842950994318194,1574482763.6305847
0.025982776988636384,1574482764.002561
0.025222833806818192,1574482764.3748174
0.02433016690340909,1574482764.746645
0.026382279829545458,1574482765.1305993
0.026164772727272738,1574482765.5026217
0.024928089488636358,1574482765.874652
0.025223277698863626,1574482766.246661
0.02538796164772728,1574482766.6306334
0.026113281249999988,1574482767.0026634
0.024576083096590918,1574482767.3746533
0.02513849431818181,1574482767.7466834
0.02436967329545453,1574482768.1306715
0.02516424005681819,1574482768.502684
0.02607776988636364,1574482768.8746898
0.025829190340909077,1574482769.2467206
0.024862837357954557,1574482769.6306684
0.02476384943181816,1574482770.0027065
0.02719770951704545,1574482770.374726
0.028283469460227285,1574482770.7467577
0.025046608664772724,1574482771.1307113
0.030592595880681802,1574482771.5027354
0.03321333451704546,1574482771.8747566
0.025273881392045457,1574482772.2467663
0.027053000710227267,1574482772.6307437
0.02660200639204546,1574482773.0027726
0.02618785511363636,1574482773.3747964
0.02466708096590908,1574482773.7468076
0.026942915482954556,1574482774.1307738
0.024533025568181814,1574482774.502842
0.024193892045454548,1574482774.8748004
0.025493607954545458,1574482775.2469032
0.022897283380681806,1574482775.6308596
0.024774502840909093,1574482776.0028567
0.024609818892045464,1574482776.3748546
0.025252574573863634,1574482776.746852
0.028618164062499993,1574482777.1308722
0.023734463778409102,1574482777.5028703
0.0243425958806818,1574482777.8748631
0.02424715909090907,1574482778.246901
0.0248477450284091,1574482778.6308422
0.025211736505681825,1574482779.0028675
0.02642400568181817,1574482779.3748934
0.024113103693181818,1574482779.746924
0.02386452414772726,1574482780.1308727
0.025632990056818173,1574482780.5028899
0.02642800071022727,1574482780.8749304
0.02480113636363636,1574482781.246927
0.02414240056818182,1574482781.6309056
0.025750621448863614,1574482782.00294
0.024911665482954554,1574482782.3749433
0.02503329190340907,1574482782.7469418
0.024248934659090917,1574482783.1309483
0.023943980823863623,1574482783.502944
0.02538529829545455,1574482783.8749669
0.026363192471590902,1574482784.246974
0.023793945312500002,1574482784.6309521
0.02477095170454548,1574482785.0029411
0.025127840909090905,1574482785.3750088
0.025094992897727285,1574482785.7470272
0.025604580965909108,1574482786.1309893
0.024790039062499995,1574482786.50301
0.02438654119318181,1574482786.8750386
0.025832741477272714,1574482787.2470324
0.026014293323863645,1574482787.6310263
0.023936434659090913,1574482788.0030448
0.02390580610795454,1574482788.3750734
0.025505593039772727,1574482788.7470784
0.026111949573863653,1574482789.1310468
0.02460493607954544,1574482789.503077
0.024634676846590906,1574482789.8750844
0.024865056818181828,1574482790.2471218
0.025173561789772706,1574482790.631093
0.025038618607954533,1574482791.0030966
0.023898259943181815,1574482791.3751175
0.024586736505681817,1574482791.7471306
0.025671164772727285,1574482792.1311154
0.02627485795454546,1574482792.5031128
0.025427911931818183,1574482792.8751378
0.024156605113636365,1574482793.247175
0.025933504971590922,1574482793.631132
0.02677689985795453,1574482794.0031521
0.026049360795454543,1574482794.3752606
0.02542658025568181,1574482794.747198
0.02448419744318181,1574482795.1311312
0.027259854403409105,1574482795.5031884
0.026695667613636367,1574482795.875204
0.025374200994318162,1574482796.2471962
0.024675071022727247,1574482796.6312656
0.026556729403409106,1574482797.0032675
0.027546164772727276,1574482797.3752348
0.025138050426136357,1574482797.747276
0.025140713778409093,1574482798.1312354
0.02631347656249999,1574482798.5032554
0.025568181818181827,1574482798.875255
0.0254150390625,1574482799.2472816
0.02560280539772727,1574482799.6312432
0.024094460227272716,1574482800.003643
0.028979936079545455,1574482800.3752954
0.025046164772727263,1574482800.7472904
0.024987127130681807,1574482801.131269
0.02532936789772725,1574482801.5032995
0.02814630681818182,1574482801.8753235
0.030822531960227235,1574482802.2473385
0.028663884943181808,1574482802.6312807
0.026902965198863628,1574482803.003327
0.027715287642045443,1574482803.3753223
0.029222745028409075,1574482803.7473469
0.027444069602272723,1574482804.1313224
0.026402698863636342,1574482804.5033457
0.025115855823863643,1574482804.8753479
0.02430752840909092,1574482805.2473843
0.0276864346590909,1574482805.6313524
0.02692693536931818,1574482806.0033667
0.024621360085227275,1574482806.3753593
0.02467373934659091,1574482806.7474089
0.026048473011363614,1574482807.131361
0.03164639559659091,1574482807.503401
0.02680619673295453,1574482807.8754528
0.02488725142045454,1574482808.2474585
0.02533735795454547,1574482808.6314158
0.026166104403409093,1574482809.0034418
0.024594726562500002,1574482809.375441
0.024967151988636357,1574482809.7474723
0.0246337890625,1574482810.1314535
0.02582386363636363,1574482810.503474
0.025312056107954554,1574482810.875488
0.0253750887784091,1574482811.2474988
0.023539151278409085,1574482811.6314688
0.026995738636363634,1574482812.0034657
0.025503817471590914,1574482812.3754945
0.024052290482954524,1574482812.747512
0.024757191051136353,1574482813.1314535
0.024535245028409106,1574482813.5035107
0.026285067471590914,1574482813.8755238
0.023429066051136357,1574482814.2475684
0.024567649147727272,1574482814.6315236
0.024036754261363615,1574482815.0035338
0.025240145596590904,1574482815.3755546
0.024017223011363623,1574482815.7475634
0.02575461647727272,1574482816.1315446
0.02364479758522726,1574482816.5035694
0.023777965198863642,1574482816.875566
0.026380948153409075,1574482817.247591
0.02611949573863636,1574482817.6315749
0.025461647727272725,1574482818.003671
0.025334694602272716,1574482818.3756795
0.025731534090909072,1574482818.7476768
0.02687721946022726,1574482819.131629
0.026396484374999987,1574482819.503632
0.025431019176136358,1574482819.87563
0.02476518110795454,1574482820.2476826
0.025728870738636382,1574482820.6316462
0.026355646306818182,1574482821.003658
0.024368785511363632,1574482821.375642
0.02533203125,1574482821.747664
0.026879438920454562,1574482822.1316535
0.02572975852272727,1574482822.5036616
0.025700017755681814,1574482822.8756423
0.024905007102272714,1574482823.2476978
0.02499911221590909,1574482823.6316564
0.02861061789772727,1574482824.0037084
0.026493252840909073,1574482824.376083
0.025070134943181825,1574482824.7477279
0.024595614346590917,1574482825.1317213
0.028729580965909097,1574482825.503719
0.027292258522727268,1574482825.8757443
0.024332830255681805,1574482826.2477787
0.02600275213068183,1574482826.6317284
0.026253551136363646,1574482827.0037515
0.026154563210227286,1574482827.3757775
0.025019087357954536,1574482827.7478015
0.025227272727272734,1574482828.1317596
0.026189630681818177,1574482828.503783
0.02657359730113636,1574482828.8758113
0.026002752130681824,1574482829.247812
0.02520241477272727,1574482829.631797
0.02428666548295455,1574482830.0038207
0.0270010653409091,1574482830.375809
0.026505237926136335,1574482830.747842
0.02484153053977271,1574482831.1318188
0.02416060014204544,1574482831.503847
0.026017844460227268,1574482831.875845
0.031838156960227265,1574482832.24788
0.02922895951704543,1574482832.6318285
0.025649414062499994,1574482833.003859
0.027827592329545448,1574482833.3758864
0.028507191051136357,1574482833.7479026
0.023847656249999984,1574482834.1318612
0.024556551846590897,1574482834.5038896
0.024594726562499995,1574482834.8759117
0.02436479048295454,1574482835.2479508
0.022906605113636364,1574482835.631886
0.02680220170454545,1574482836.0039213
0.02390669389204545,1574482836.3759632
0.02472966974431818,1574482836.747951
0.027429421164772722,1574482837.1319323
0.025805220170454543,1574482837.5039513
0.025288085937499993,1574482837.8759573
0.025122070312500012,1574482838.2479858
0.02495960582386363,1574482838.6319654
0.025554865056818168,1574482839.0040069
0.025632102272727268,1574482839.375963
0.022107155539772747,1574482839.7480876
0.02358842329545455,1574482840.132047
0.026676136363636357,1574482840.5040622
0.02704723011363635,1574482840.8760571
0.024458007812499995,1574482841.248035
0.02519264914772729,1574482841.63203
0.027421875000000016,1574482842.0040379
0.024580965909090903,1574482842.376053
0.026318803267045464,1574482842.7480829
0.02541725852272728,1574482843.1320362
0.024881480823863628,1574482843.5040653
0.026300603693181813,1574482843.87609
0.026481267755681805,1574482844.2480853
0.025410156249999993,1574482844.6320717
0.025348899147727273,1574482845.004098
0.02506525213068181,1574482845.3760931
0.02674272017045455,1574482845.7481332
0.02567826704545455,1574482846.1321
0.025225497159090914,1574482846.5040767
0.02478249289772728,1574482846.8761258
0.02745250355113636,1574482847.2481613
0.02542569247159092,1574482847.6321294
0.025055042613636346,1574482848.0041404
0.02484907670454547,1574482848.3761585
0.02548961292613638,1574482848.7481942
0.024687500000000005,1574482849.1321476
0.02486194957386364,1574482849.5041714
0.025846946022727295,1574482849.8761892
0.025031960227272724,1574482850.2481968
0.026095969460227256,1574482850.632172
0.02626775568181817,1574482851.0041802
0.025780806107954544,1574482851.3762069
0.025294744318181805,1574482851.7482328
0.02582253196022728,1574482852.1321876
0.026156782670454563,1574482852.5042818
0.026599343039772717,1574482852.8762321
0.024169034090909078,1574482853.248267
0.02536132812499999,1574482853.6322503
0.027045454545454543,1574482854.0042224
0.025811878551136376,1574482854.3763673
0.025326704545454538,1574482854.74829
0.02575639204545454,1574482855.1322515
0.02536088423295455,1574482855.5042772
0.02469193892045456,1574482855.8763134
0.025735973011363624,1574482856.2483096
0.02547452059659091,1574482856.6322672
0.02476740056818181,1574482857.0043058
0.027432084517045457,1574482857.3763943
0.025116743607954538,1574482857.7483363
0.02589000355113635,1574482858.1323133
0.024339932528409085,1574482858.5043569
0.026173650568181786,1574482858.8763475
0.02424138849431821,1574482859.2483723
0.025481178977272704,1574482859.632341
0.02523881392045454,1574482860.0046513
0.025719549005681807,1574482860.3763475
0.02559170809659092,1574482860.7484028
0.025921963778409076,1574482861.1324518
0.024993785511363633,1574482861.5044665
0.024523703835227263,1574482861.8764648
0.027216352982954543,1574482862.2484593
0.02685813210227273,1574482862.6324153
0.025209073153409072,1574482863.0044117
0.02502041903409093,1574482863.376438
0.032685546875000006,1574482863.748475
0.03271040482954545,1574482864.1324232
0.0293936434659091,1574482864.504434
0.03129705255681819,1574482864.8764386
0.026034268465909102,1574482865.2485042
0.02608842329545456,1574482865.632458
0.02976296164772729,1574482866.004489
0.02435813210227274,1574482866.3764894
0.025498490767045436,1574482866.7484798
0.025635653409090898,1574482867.1324902
0.02498579545454544,1574482867.5045135
0.025830078124999992,1574482867.8765147
0.024495294744318174,1574482868.2485502
0.025491388494318184,1574482868.6325176
0.027005948153409093,1574482869.0045176
0.02643998579545454,1574482869.3765404
0.025476296164772733,1574482869.74857
0.024553000710227285,1574482870.1325054
0.026657936789772733,1574482870.5045588
0.02706010298295454,1574482870.8765812
0.024673295454545465,1574482871.2485623
0.025708451704545443,1574482871.632558
0.02539195667613635,1574482872.0045636
0.027453391335227242,1574482872.3766162
0.025882901278409087,1574482872.7485807
0.02477761008522726,1574482873.1325996
0.026134144176136354,1574482873.5046153
0.026664151278409088,1574482873.8766308
0.02510342684659092,1574482874.2486486
0.025698242187499987,1574482874.6326203
0.02544566761363634,1574482875.00463
0.025054154829545438,1574482875.3766477
0.02852539062499999,1574482875.7486875
0.02744318181818183,1574482876.1326392
0.02457919034090909,1574482876.5046585
0.025451438210227294,1574482876.8766887
0.02764515269886363,1574482877.248704
0.026160333806818186,1574482877.632664
0.02607421875,1574482878.0046952
0.025518465909090904,1574482878.3767152
0.02483398437499998,1574482878.7487042
0.027643377130681795,1574482879.1327024
0.026412020596590917,1574482879.5047178
0.02508922230113636,1574482879.8767292
0.025071910511363628,1574482880.2487533
0.025694691051136375,1574482880.632735
0.02702237215909089,1574482881.0047362
0.024341264204545455,1574482881.3767579
0.02547141335227273,1574482881.7487838
0.027414772727272746,1574482882.132768
0.025448774857954562,1574482882.5047882
0.0253750887784091,1574482882.8768742
0.025083007812500002,1574482883.2488668
0.024965820312500005,1574482883.632825
0.027069424715909094,1574482884.0048296
0.026858132102272714,1574482884.377019
0.024390980113636353,1574482884.74885
0.02515802556818184,1574482885.1328087
0.026259321732954557,1574482885.5048456
0.026876331676136348,1574482885.8768313
0.025337801846590915,1574482886.2488725
0.02523881392045456,1574482886.6328368
0.025974343039772727,1574482887.0048695
0.025154030539772734,1574482887.3768766
0.02671741832386363,1574482887.7488735
0.025450550426136368,1574482888.1328783
0.025167347301136376,1574482888.5048745
0.02417613636363635,1574482888.8768992
0.027454723011363636,1574482889.2489257
0.024944513494318175,1574482889.63288
0.0252889737215909,1574482890.0049112
0.027173739346590915,1574482890.3769517
0.026456409801136376,1574482890.7489674
0.025207297585227273,1574482891.1329105
0.02504128196022728,1574482891.5049422
0.024814453124999993,1574482891.8769634
0.028591530539772706,1574482892.2489796
0.025638760653409105,1574482892.6329575
0.02509987571022726,1574482893.0049565
0.024846857244318173,1574482893.3769786
0.025986772017045457,1574482893.7489982
0.03419256036931821,1574482894.1329846
0.025527787642045444,1574482894.5049767
0.025965021306818166,1574482894.8770027
0.02824396306818183,1574482895.2490382
0.027697088068181816,1574482895.63302
0.026295720880681817,1574482896.004998
0.026401367187499986,1574482896.3770409
0.02553355823863635,1574482896.749039
0.02559215198863635,1574482897.1330175
0.02782182173295455,1574482897.505055
0.02611017400568181,1574482897.8770785
0.026274414062500005,1574482898.2490768
0.025511807528409106,1574482898.6330552
0.024337269176136364,1574482899.0050836
0.026493696732954545,1574482899.377113
0.02454456676136363,1574482899.7491114
0.024102450284090905,1574482900.1330936
0.025747070312499988,1574482900.5051115
0.025272549715909087,1574482900.8771129
0.02555042613636364,1574482901.2491512
0.025877130681818183,1574482901.6330938
0.02492675781249998,1574482902.0051177
0.026386718749999996,1574482902.3771434
0.025548650568181817,1574482902.7491775
0.026923384232954525,1574482903.1331522
0.025501154119318175,1574482903.5051532
0.025261896306818202,1574482903.8771737
0.026353426846590915,1574482904.2492807
0.023186257102272713,1574482904.6332245
0.02592817826704544,1574482905.005231
0.025511363636363648,1574482905.3772373
0.02689408735795453,1574482905.749239
0.026663707386363648,1574482906.133197
0.0272713955965909,1574482906.5052197
0.025533558238636345,1574482906.8771996
0.02640358664772728,1574482907.2492425
0.026583806818181847,1574482907.633224
0.0259619140625,1574482908.0052476
0.025657404119318186,1574482908.377249
0.025159801136363655,1574482908.7492697
0.024573863636363637,1574482909.1332583
0.027630948153409086,1574482909.5052629
0.02624156605113634,1574482909.8772807
0.02478116122159092,1574482910.2493157
0.024998224431818192,1574482910.6332667
0.026145685369318175,1574482911.0052912
0.02676890980113635,1574482911.3773139
0.024519264914772722,1574482911.7493434
0.025105646306818177,1574482912.1333008
0.02743208451704544,1574482912.5053198
0.025969016335227274,1574482912.8773458
0.025478071732954525,1574482913.2493324
0.02569291548295456,1574482913.6333218
0.025021750710227268,1574482914.0053737
0.025603693181818182,1574482914.3774464
0.025685369318181817,1574482914.7493792
0.02524547230113636,1574482915.1333694
0.024819335937500013,1574482915.5053642
0.027566139914772726,1574482915.877391
0.027034357244318165,1574482916.2494297
0.025201970880681795,1574482916.6333961
0.025209960937500008,1574482917.0053778
0.02655007102272726,1574482917.3774128
0.02722212357954548,1574482917.7494369
0.025265003551136363,1574482918.1334069
0.024974254261363637,1574482918.5054426
0.02602716619318182,1574482918.877463
0.027928799715909086,1574482919.24946
0.02574351917613635,1574482919.6334374
0.025051935369318178,1574482920.005708
0.02696644176136364,1574482920.3774972
0.026056019176136362,1574482920.7494707
0.025203746448863626,1574482921.1334708
0.025672940340909084,1574482921.505497
0.024196999289772727,1574482921.8775008
0.026824840198863633,1574482922.249518
0.026136807528409085,1574482922.6334956
0.025519353693181823,1574482923.0054832
0.025141157670454543,1574482923.377495
0.024296874999999985,1574482923.749543
0.026343217329545462,1574482924.1335347
0.027022816051136343,1574482924.5055258
0.024769176136363643,1574482924.877557
0.025166903409090915,1574482925.2495558
0.026069335937500014,1574482925.6335454
0.03308371803977272,1574482926.0056303
0.02822576349431817,1574482926.377644
0.026099076704545438,1574482926.7496533
0.02913796164772728,1574482927.1335957
0.028856977982954543,1574482927.5056078
0.025948597301136377,1574482927.8776293
0.025046608664772745,1574482928.2496514
0.024406072443181822,1574482928.6336186
0.025343128551136376,1574482929.0056486
0.026479048295454548,1574482929.3776345
0.029681729403409095,1574482929.7496603
0.025252574573863647,1574482930.1336474
0.026415127840909092,1574482930.5056539
0.027279829545454548,1574482930.8776786
0.026098188920454533,1574482931.2496994
0.02569335937499999,1574482931.6336513
0.02497025923295453,1574482932.0056918
0.028796164772727256,1574482932.3776886
0.027042347301136357,1574482932.7497387
0.02436878551136361,1574482933.1336925
0.024841974431818188,1574482933.505711
0.025268998579545437,1574482933.8777847
0.027333540482954548,1574482934.2497523
0.025221058238636355,1574482934.6336925
0.025225053267045446,1574482935.005799
0.026606001420454523,1574482935.3777463
0.023971058238636354,1574482935.7497742
0.026004527698863616,1574482936.133752
0.02494185014204546,1574482936.5057566
0.024393199573863614,1574482936.8777769
0.026344992897727283,1574482937.2498028
0.026814630681818174,1574482937.633773
0.02559037642045455,1574482938.0057788
0.025307617187499996,1574482938.3778048
0.025225941051136354,1574482938.7498314
0.026628196022727278,1574482939.1338227
0.026282848011363637,1574482939.5058641
0.025110973011363648,1574482939.8778517
0.023048206676136367,1574482940.2498524
0.026987304687499984,1574482940.6338112
0.026685014204545453,1574482941.0058496
0.024016335227272725,1574482941.3778846
0.024656871448863613,1574482941.749878
0.02570268110795454,1574482942.1338594
0.022541725852272723,1574482942.5058866
0.025409268465909088,1574482942.8778574
0.025141601562500015,1574482943.249899
0.025063032670454566,1574482943.6338854
0.029384321732954518,1574482944.0058725
0.028160067471590913,1574482944.3781607
0.026888316761363617,1574482944.7499228
0.026629527698863627,1574482945.1339283
0.026142578124999993,1574482945.5059314
0.03371448863636363,1574482945.8779533
0.04252929687500001,1574482946.249984
0.03948109019886366,1574482946.6339273
0.03641113281249998,1574482947.0059388
0.029530806107954544,1574482947.378059
0.03235351562500001,1574482947.750041
0.033367365056818164,1574482948.134005
0.029445134943181815,1574482948.5060072
0.02321422230113637,1574482948.8780196
0.01837491122159091,1574482949.2500186
0.018375355113636378,1574482949.634002
0.01709916548295455,1574482950.006023
0.016012073863636365,1574482950.378023
0.01955122514204547,1574482950.750039
0.015444335937499994,1574482951.134025
0.014810901988636372,1574482951.5060277
0.01890269886363636,1574482951.8780568
0.015937500000000007,1574482952.2500858
0.015856267755681806,1574482952.634042
0.014700372869318194,1574482953.006064
0.014702592329545456,1574482953.3780918
0.013599076704545469,1574482953.7500932
0.014439364346590926,1574482954.1340647
0.014595170454545458,1574482954.5060987
0.015060369318181816,1574482954.8781178
0.014389204545454544,1574482955.2501237
0.01543767755681817,1574482955.6340961
0.018938210227272732,1574482956.006135
0.015972123579545455,1574482956.3781235
0.015969904119318184,1574482956.7501447
0.016041814630681817,1574482957.134136
0.0162899502840909,1574482957.5061378
0.015826970880681815,1574482957.8781574
0.015320046164772736,1574482958.2501886
0.0157568359375,1574482958.6341732
0.01572221235795455,1574482959.0062397
0.016569158380681827,1574482959.3781905
0.018445046164772726,1574482959.7502198
0.01773970170454547,1574482960.134201
0.017129350142045467,1574482960.5061994
0.019091796875000008,1574482960.878228
0.017004172585227285,1574482961.2502306
0.016826615767045448,1574482961.634207
0.017333096590909095,1574482962.0062268
0.017863103693181823,1574482962.37827
0.020158469460227268,1574482962.7502677
0.028239080255681805,1574482963.1342232
0.03423739346590909,1574482963.5062702
0.025577503551136357,1574482963.878294
0.024413174715909113,1574482964.2502947
0.02483931107954547,1574482964.634298
0.03381924715909088,1574482965.006304
0.030939275568181834,1574482965.3783038
0.0365403053977273,1574482965.7503216
0.03195712002840909,1574482966.134301
0.02645552201704545,1574482966.5063107
0.03170410156250002,1574482966.8783286
0.027069424715909094,1574482967.2503672
0.024990678267045437,1574482967.6343205
0.026654829545454527,1574482968.006317
0.022920809659090897,1574482968.3783739
0.020739524147727274,1574482968.750391
0.015777254971590913,1574482969.13435
0.015239701704545456,1574482969.5064213
0.015391512784090917,1574482969.8784282
0.01578746448863636,1574482970.2504385
0.015421253551136355,1574482970.6343806
0.02481312144886364,1574482971.0064142
0.033794833096590905,1574482971.3784137
0.02385520241477272,1574482971.7504418
0.026105291193181803,1574482972.1344178
0.027537730823863637,1574482972.5063865
0.03141512784090906,1574482972.878434
0.03445623224431817,1574482973.250466
0.03207430752840908,1574482973.6344233
0.03232022372159091,1574482974.0064492
0.036476384943181825,1574482974.3786118
0.025220614346590904,1574482974.750487
0.025759943181818186,1574482975.1344547
0.02584650213068182,1574482975.5064826
0.026210493607954518,1574482975.8785079
0.031680131392045445,1574482976.2505076
0.04072531960227269,1574482976.6344888
0.032285600142045456,1574482977.006516
0.025997869318181807,1574482977.3785155
0.025952592329545436,1574482977.7505438
0.02981977982954546,1574482978.1345234
0.026552734374999994,1574482978.50654
0.030679598721590907,1574482978.8785436
0.03732954545454544,1574482979.2506225
0.02905584161931819,1574482979.634556
0.023719815340909087,1574482980.0067368
0.026273970170454554,1574482980.3785534
0.02336425781250001,1574482980.7506106
0.025532670454545475,1574482981.1345623
0.03549671519886364,1574482981.5065868
0.04068137428977274,1574482981.8786163
0.0409650213068182,1574482982.2506123
0.03194602272727275,1574482982.6345847
0.026095081676136347,1574482983.0066085
0.02757412997159092,1574482983.3786428
0.0260409268465909,1574482983.7506404
0.024991122159090898,1574482984.1346195
0.02522061434659091,1574482984.5066562
0.035248579545454545,1574482984.8786454
0.027860440340909093,1574482985.2506754
0.028235973011363637,1574482985.6346579
0.027852894176136345,1574482986.0066545
0.030150923295454535,1574482986.3786893
0.03558682528409089,1574482986.7507124
0.029059836647727266,1574482987.1346886
0.029734996448863637,1574482987.506694
0.027007723721590913,1574482987.878716
0.02890047940340908,1574482988.2507405
0.028087269176136364,1574482988.6346853
0.027319335937499998,1574482989.0066955
0.027532404119318177,1574482989.3787436
0.026585582386363635,1574482989.750741
0.028206232244318164,1574482990.1347306
0.02757457386363636,1574482990.5068355
0.027042791193181814,1574482990.878831
0.0275790127840909,1574482991.2508426
0.029561878551136338,1574482991.634757
0.026455522017045444,1574482992.0067918
0.030022194602272734,1574482992.3787832
0.027577237215909114,1574482992.7508223
0.026084872159090906,1574482993.1347911
0.029478426846590924,1574482993.5067985
0.026305930397727273,1574482993.8788214
0.027724609374999987,1574482994.25084
0.027216796874999994,1574482994.6348016
