amperes,timestamp
0.028959960937499977,1574489991.4900136
0.027357954545454533,1574489991.8620026
0.028179154829545423,1574489992.2460005
0.027704634232954536,1574489992.6180933
0.03944113991477271,1574489992.990118
0.04488148082386361,1574489993.362169
0.036438654119318174,1574489993.746026
0.04098588423295451,1574489994.1180477
0.04148481889204545,1574489994.4900548
0.03423694957386365,1574489994.8622017
0.03238059303977273,1574489995.2460747
0.04250887784090909,1574489995.6181464
0.026966441761363653,1574489995.9901195
0.01894176136363637,1574489996.362116
0.020966796874999978,1574489996.7460475
0.023960848721590912,1574489997.1180744
0.02530894886363637,1574489997.4901001
0.021475497159090914,1574489997.862141
0.02419167258522727,1574489998.2460868
0.02512872869318181,1574489998.6181386
0.02509632457386363,1574489998.9901264
0.02240767045454548,1574489999.3621924
0.024520596590909095,1574489999.7461476
0.021413352272727285,1574490000.1181521
0.02114035866477271,1574490000.4901538
0.020492720170454563,1574490000.862429
0.01998446377840909,1574490001.246129
0.019406960227272712,1574490001.618155
0.018531605113636353,1574490001.990259
0.018397549715909105,1574490002.3622077
0.018515181107954533,1574490002.7461748
0.018399325284090915,1574490003.118211
0.01731134588068182,1574490003.4901934
0.019217418323863648,1574490003.8624516
0.01833895596590909,1574490004.2462
0.018638139204545465,1574490004.6182141
0.01954634232954546,1574490004.9902315
0.018052201704545464,1574490005.3622937
0.021119051846590922,1574490005.7462425
0.0188223544034091,1574490006.1182556
0.01863236860795455,1574490006.4902687
0.01896883877840909,1574490006.8623004
0.01890136718750001,1574490007.2462661
0.01957874644886364,1574490007.6185005
0.017552823153409097,1574490007.9903305
0.01920276988636364,1574490008.3623395
0.017990056818181832,1574490008.7463539
0.018501420454545465,1574490009.1183934
0.01888050426136365,1574490009.4903235
0.017249644886363637,1574490009.8623195
0.019463778409090894,1574490010.246378
0.018379794034090912,1574490010.6183887
0.020102095170454557,1574490010.990401
0.017961203835227285,1574490011.3623881
0.018253284801136364,1574490011.7463794
0.01865633877840909,1574490012.1184855
0.017844016335227277,1574490012.4904184
0.01950949928977272,1574490012.862426
0.01935458096590909,1574490013.2464533
0.016728959517045464,1574490013.6184661
0.016445312500000007,1574490013.9904408
0.019957830255681812,1574490014.3624444
0.020791015625000006,1574490014.7465024
0.016766690340909093,1574490015.1185248
0.01645330255681817,1574490015.4905097
0.017253196022727277,1574490015.8625455
0.01673650568181818,1574490016.24649
0.01610751065340909,1574490016.618622
0.016314364346590917,1574490016.9904952
0.01646928267045456,1574490017.3625054
0.016033380681818185,1574490017.7464864
0.016184747869318186,1574490018.118661
0.016290394176136355,1574490018.4904974
0.015378639914772733,1574490018.862477
0.01595525568181819,1574490019.24662
0.015980113636363643,1574490019.6186445
0.015950816761363642,1574490019.9905665
0.016498135653409088,1574490020.362546
0.015590376420454544,1574490020.7465904
0.01563876065340909,1574490021.1187787
0.015702237215909094,1574490021.4905734
0.01587935014204545,1574490021.862595
0.01616787997159091,1574490022.2467127
0.015091441761363643,1574490022.6187243
0.015180220170454558,1574490022.9906151
0.015516246448863636,1574490023.3625872
0.015122070312499994,1574490023.7466104
0.016280184659090906,1574490024.1187136
0.015194424715909085,1574490024.4906287
0.016029829545454552,1574490024.8626368
0.01509144176136364,1574490025.2465923
0.01514248934659091,1574490025.6186354
0.015304509943181815,1574490025.9906335
0.015755504261363632,1574490026.362623
0.015909534801136372,1574490026.7466216
0.016437322443181815,1574490027.118675
0.016566938920454556,1574490027.4906363
0.01470747514204546,1574490027.8627517
0.0142129794034091,1574490028.2466748
0.014323952414772714,1574490028.618661
0.014371892755681816,1574490028.9906664
0.014675071022727266,1574490029.36277
0.014991566051136366,1574490029.7466438
0.01499866832386363,1574490030.118697
0.014506392045454546,1574490030.4907124
0.01437544389204545,1574490030.8627987
0.014422940340909097,1574490031.246685
0.01496404474431818,1574490031.6187444
0.014965820312500005,1574490031.9907615
0.014447354403409097,1574490032.3628569
0.015019531250000004,1574490032.7467146
0.014399857954545452,1574490033.1187482
0.014697709517045453,1574490033.4907537
0.014942737926136358,1574490033.862871
0.013970170454545471,1574490034.2467628
0.014276899857954549,1574490034.618747
0.013742453835227257,1574490034.990807
0.011988636363636371,1574490035.3628993
0.015500710227272724,1574490035.746782
0.01559215198863636,1574490036.1187856
0.01655184659090909,1574490036.4909186
0.015454989346590913,1574490036.863014
0.015169566761363636,1574490037.246837
0.015208185369318181,1574490037.6188457
0.015059481534090917,1574490037.9908457
0.016222478693181816,1574490038.3631763
0.01687056107954545,1574490038.7468383
0.016152343750000003,1574490039.1188595
0.015307617187499997,1574490039.4908698
0.01622114701704546,1574490039.8629835
0.01403719815340909,1574490040.2468638
0.015100319602272722,1574490040.6190841
0.015347123579545452,1574490040.990908
0.015084783380681832,1574490041.3630607
0.02745472301136363,1574490041.7470326
0.033399769176136414,1574490042.1189666
0.026726740056818184,1574490042.4909487
0.02693670099431819,1574490042.8629456
0.02759454900568182,1574490043.2470088
0.031720969460227254,1574490043.6190062
0.03625399502840907,1574490043.9910057
0.03221235795454547,1574490044.3629792
0.036992631392045436,1574490044.747002
0.04003728693181819,1574490045.1190348
0.03513006036931817,1574490045.491006
0.02662819602272727,1574490045.8630152
0.031942471590909106,1574490046.2471592
0.02727494673295453,1574490046.6190262
0.016314364346590907,1574490046.9910514
0.015678710937499993,1574490047.3630526
0.015778586647727265,1574490047.7471018
0.020185990767045452,1574490048.119197
0.015764825994318183,1574490048.4910614
0.015598810369318183,1574490048.8630788
0.019115767045454556,1574490049.2470927
0.03071244673295455,1574490049.619225
0.036332120028409104,1574490049.9910862
0.03490012428977274,1574490050.3630698
0.03699662642045458,1574490050.7472188
0.040719992897727285,1574490051.1192577
0.03524680397727273,1574490051.4911025
0.029596502130681813,1574490051.863105
0.024925426136363643,1574490052.2472053
0.017329989346590913,1574490052.619251
0.01682705965909091,1574490052.9911199
0.0171368963068182,1574490053.3631427
0.01786709872159092,1574490053.7472475
0.017229225852272732,1574490054.1191583
0.015853160511363637,1574490054.4911747
0.017417436079545445,1574490054.863171
0.015951704545454543,1574490055.2472973
0.01527254971590909,1574490055.6192093
0.016205166903409098,1574490055.991193
0.015613902698863638,1574490056.3631878
0.015685369318181822,1574490056.7472801
0.015446999289772724,1574490057.119242
0.015397283380681817,1574490057.4912157
0.015219726562500003,1574490057.8632035
0.015236594460227274,1574490058.2473216
0.01538973721590909,1574490058.6193178
0.02195223721590908,1574490058.9912922
0.02220703125,1574490059.363408
0.022420543323863642,1574490059.747241
0.023639470880681798,1574490060.1192486
0.028743785511363633,1574490060.4912758
0.025962801846590913,1574490060.863428
0.025035511363636357,1574490061.2472372
0.026544300426136355,1574490061.6192873
0.036791104403409075,1574490061.991285
0.04704856178977273,1574490062.3635042
0.036634410511363666,1574490062.74726
0.0341250887784091,1574490063.1192982
0.029278675426136366,1574490063.4913087
0.02635564630681819,1574490063.8634365
0.02770862926136364,1574490064.2473109
0.02414772727272727,1574490064.6193233
0.018670543323863652,1574490064.9913514
0.020422141335227267,1574490065.3635366
0.015221502130681809,1574490065.7473109
0.01623046875000001,1574490066.119339
0.02429998224431818,1574490066.4914143
0.04383789062499998,1574490066.8634439
0.041187855113636346,1574490067.2473557
0.04218350497159091,1574490067.6193588
0.041127929687499995,1574490067.9914243
0.02618963068181818,1574490068.363566
0.02902965198863635,1574490068.7474144
0.03258256392045455,1574490069.1194332
0.023127663352272728,1574490069.491444
0.014993785511363624,1574490069.863792
0.017173739346590913,1574490070.2474272
0.024059392755681804,1574490070.6194375
0.03562100497159089,1574490070.991442
0.026408913352272734,1574490071.3636816
0.025916637073863623,1574490071.7474267
0.025395507812500006,1574490072.1194632
0.02797452059659091,1574490072.4914799
0.029427379261363632,1574490072.8636081
0.02567560369318183,1574490073.2474768
0.02504438920454545,1574490073.619473
0.02614390980113637,1574490073.991506
0.0269757634943182,1574490074.3638492
0.030476740056818198,1574490074.747502
0.02680442116477272,1574490075.1195061
0.02539994673295455,1574490075.4915423
0.026930042613636337,1574490075.8635557
0.026030273437499994,1574490076.2476652
0.027011718749999997,1574490076.6195617
0.02494406960227274,1574490076.9915636
0.02529341264204546,1574490077.36365
0.030421253551136368,1574490077.74757
0.025829634232954535,1574490078.1197982
0.026537198153409092,1574490078.4915895
0.025743519176136365,1574490078.8635998
0.02594282670454545,1574490079.2476656
0.02851518110795454,1574490079.619795
0.029480646306818195,1574490079.9916058
0.02575150923295454,1574490080.363688
0.025328480113636358,1574490080.7477565
0.026865678267045456,1574490081.1198778
0.027660688920454563,1574490081.4916623
0.026537198153409075,1574490081.8636565
0.024592950994318165,1574490082.247668
0.02561834161931818,1574490082.6198516
0.02867054332386365,1574490082.9916682
0.026134144176136385,1574490083.363695
0.025442116477272722,1574490083.747772
0.025756835937500014,1574490084.119815
0.026392489346590903,1574490084.4917178
0.02959206321022727,1574490084.8637156
0.026294389204545444,1574490085.2477932
0.02548384232954544,1574490085.6197984
0.027112482244318167,1574490085.9917243
0.027246093750000002,1574490086.3637297
0.026651278409090904,1574490086.747743
0.025434570312499977,1574490087.1197937
0.025724875710227267,1574490087.4917426
0.02918101917613634,1574490087.8637588
0.02673872514204542,1574490088.2478087
0.025669389204545454,1574490088.6197922
0.025812322443181785,1574490088.9917767
0.026440873579545447,1574490089.363789
0.028449041193181833,1574490089.7478518
0.027527077414772703,1574490090.11982
0.02567160866477271,1574490090.4918199
0.02929909446022726,1574490090.8638222
0.025541992187499998,1574490091.247933
0.026653941761363632,1574490091.619849
0.0259628018465909,1574490091.991829
0.025613014914772716,1574490092.3638504
0.02654696377840908,1574490092.747835
0.027105823863636375,1574490093.1198654
0.025483398437500002,1574490093.4918318
0.02520019531249998,1574490093.8640091
0.027772549715909096,1574490094.2478716
0.025222833806818182,1574490094.6198697
0.027894620028409083,1574490094.9919002
0.02560236150568184,1574490095.3640335
0.02715420809659092,1574490095.7478914
0.026280628551136352,1574490096.1202068
0.026462624289772727,1574490096.4920857
0.02572975852272728,1574490096.8640513
0.026098632812500012,1574490097.2478828
0.027148437499999994,1574490097.619943
0.02693093039772727,1574490097.9919388
0.025894442471590885,1574490098.364066
0.02546564275568181,1574490098.7479284
0.02835138494318181,1574490099.1199505
0.02525213068181817,1574490099.4919677
0.026019620028409088,1574490099.8641102
0.026303267045454562,1574490100.2479537
0.030561523437500005,1574490100.6199996
0.033656338778409095,1574490100.9920533
0.027620738636363638,1574490101.3641405
0.024705255681818198,1574490101.7479658
0.03105646306818181,1574490102.1201034
0.03338645241477272,1574490102.4920793
0.030760387073863638,1574490102.8642313
0.027904385653409077,1574490103.2480414
0.02688077059659091,1574490103.620031
0.026787997159090925,1574490103.9920757
0.02639870383522729,1574490104.364152
0.025652077414772746,1574490104.7480292
0.028682528409090906,1574490105.1200411
0.026760475852272723,1574490105.4921603
0.02877263849431819,1574490105.8643868
0.025270330255681834,1574490106.2480638
0.02791326349431818,1574490106.620075
0.024926313920454534,1574490106.9923313
0.02670942826704547,1574490107.3643262
0.02560990767045456,1574490107.748079
0.02571954900568181,1574490108.1200953
0.03437677556818179,1574490108.4921205
0.02859197443181816,1574490108.8642378
0.0275927734375,1574490109.248117
0.027115145596590912,1574490109.620146
0.028605291193181826,1574490109.9921563
0.03113503196022725,1574490110.3641984
0.028199129971590905,1574490110.7482975
0.02733043323863635,1574490111.1203556
0.027228781960227287,1574490111.4921777
0.0276398259943182,1574490111.864272
0.02685901988636364,1574490112.2483418
0.026695667613636363,1574490112.6203918
0.0260165127840909,1574490112.9922166
0.02583274147727271,1574490113.364214
0.027515980113636356,1574490113.7482889
0.026119939630681818,1574490114.120226
0.025664506392045452,1574490114.4922554
0.02565562855113635,1574490114.8642492
0.027728604403409088,1574490115.2482872
0.027426313920454564,1574490115.6203651
0.026100852272727258,1574490115.9922543
0.026269975142045446,1574490116.364276
0.02518909801136365,1574490116.7482862
0.030021306818181832,1574490117.1203518
0.02655051491477273,1574490117.4923103
0.02592551491477273,1574490117.8643262
0.025684925426136363,1574490118.24834
0.0275790127840909,1574490118.6204073
0.02630992542613636,1574490118.992353
0.026056019176136362,1574490119.3643367
0.025570401278409104,1574490119.748366
0.02824307528409093,1574490120.120511
0.02796830610795456,1574490120.4923947
0.0255282315340909,1574490120.8643706
0.026092418323863623,1574490121.2483873
0.0266708096590909,1574490121.6204174
0.02746404474431819,1574490121.992391
0.024904563210227278,1574490122.364409
0.026358309659090896,1574490122.7486186
0.026731622869318187,1574490123.1204739
0.026563831676136348,1574490123.4923973
0.024883700284090895,1574490123.8645122
0.02601207386363638,1574490124.2485337
0.02696644176136365,1574490124.6204994
0.026946910511363633,1574490124.9924912
0.025856267755681832,1574490125.3644602
0.02580655184659091,1574490125.7485466
0.025119850852272734,1574490126.1206017
0.02703835227272727,1574490126.492495
0.026999733664772717,1574490126.8645453
0.025584161931818165,1574490127.2484605
0.024760298295454522,1574490127.620503
0.028251065340909085,1574490127.99248
0.026478160511363636,1574490128.364564
0.025775479403409105,1574490128.7484765
0.026006303267045453,1574490129.1205065
0.027771218039772748,1574490129.4925315
0.026669034090909087,1574490129.8645337
0.02652476917613635,1574490130.2484875
0.026284179687499996,1574490130.6205297
0.03298650568181815,1574490130.992576
0.027058327414772734,1574490131.3646228
0.03304021661931817,1574490131.7485187
0.029408735795454555,1574490132.1205647
0.02660999644886364,1574490132.492618
0.026866122159090917,1574490132.8646615
0.026591796874999987,1574490133.2485816
0.02660245028409091,1574490133.6205943
0.026109286221590915,1574490133.9926183
0.026900745738636368,1574490134.3647268
0.026412908380681818,1574490134.748592
0.02717462713068183,1574490135.1206467
0.026095969460227273,1574490135.4926174
0.02618785511363637,1574490135.8647537
0.02741122159090909,1574490136.248607
0.02650745738636363,1574490136.620623
0.02560768821022727,1574490136.9926655
0.02530450994318182,1574490137.3647847
0.027672230113636363,1574490137.7486339
0.026281072443181824,1574490138.120665
0.026489257812500007,1574490138.492699
0.02621360085227271,1574490138.864707
0.028364257812500022,1574490139.2486672
0.026761363636363632,1574490139.6206784
0.02565030184659093,1574490139.9927058
0.02623712713068183,1574490140.364733
0.026864790482954547,1574490140.748689
0.02630637428977274,1574490141.1206834
0.025440340909090916,1574490141.492724
0.02615101207386362,1574490141.8648667
0.027284268465909086,1574490142.2487192
0.026082208806818174,1574490142.6207473
0.025079456676136373,1574490142.9927602
0.026259321732954557,1574490143.3648996
0.02690385298295455,1574490143.7487478
0.02647771661931817,1574490144.1207929
0.026203835227272747,1574490144.4928062
0.026134588068181818,1574490144.8648233
0.026881214488636375,1574490145.2488039
0.026816850142045476,1574490145.620806
0.026599343039772728,1574490145.9928951
0.025848721590909073,1574490146.36488
0.02486328125,1574490146.7488866
0.027580788352272713,1574490147.1209517
0.026380948153409082,1574490147.4928243
0.02560191761363636,1574490147.864871
0.02533158735795453,1574490148.2488878
0.027659357244318193,1574490148.6209817
0.026293501420454526,1574490148.9928858
0.025810102982954553,1574490149.3648732
0.026090642755681803,1574490149.7488909
0.027984286221590916,1574490150.1210017
0.02655317826704545,1574490150.492883
0.025244584517045456,1574490150.8648791
0.026065784801136346,1574490151.2489107
0.027076083096590913,1574490151.62096
0.025697354403409093,1574490151.9929245
0.02515181107954546,1574490152.3651469
0.025956587357954544,1574490152.7490005
0.026396484374999998,1574490153.120965
0.026510120738636355,1574490153.4934955
0.025404829545454546,1574490153.8650987
0.025474076704545455,1574490154.2490413
0.0261865234375,1574490154.6211233
0.02626154119318181,1574490154.9929705
0.026174094460227254,1574490155.3650017
0.02524547230113637,1574490155.7490537
0.02732022372159092,1574490156.1210144
0.026688565340909073,1574490156.4929907
0.025429243607954555,1574490156.8650048
0.025652521306818197,1574490157.2491767
0.02741122159090909,1574490157.621164
0.02510697798295454,1574490157.9930298
0.02584250710227273,1574490158.3650408
0.02573197798295454,1574490158.749046
0.025049715909090917,1574490159.1211312
0.027067205255681837,1574490159.4932811
0.026573153409090892,1574490159.8651335
0.027193270596590904,1574490160.2490532
0.026526988636363623,1574490160.6210551
0.026134588068181832,1574490160.99313
0.02706321022727272,1574490161.3651383
0.02542791193181816,1574490161.7490976
0.02568492542613633,1574490162.1210976
0.025713334517045452,1574490162.4930649
0.034884588068181836,1574490162.8651032
0.02644486860795454,1574490163.2490814
0.02860751065340909,1574490163.6210918
0.029156161221590902,1574490163.993104
0.025859375000000007,1574490164.3651338
0.028160955255681817,1574490164.7491174
0.026679687500000004,1574490165.1211245
0.025774147727272736,1574490165.4931512
0.026275745738636353,1574490165.8651574
0.02746226917613636,1574490166.2491083
0.026649946732954535,1574490166.621164
0.025190873579545445,1574490166.9931939
0.025202414772727267,1574490167.3651628
0.02775213068181819,1574490167.7492182
0.026001420454545447,1574490168.1212406
0.02523259943181818,1574490168.4932194
0.025943714488636353,1574490168.865221
0.02605868252840909,1574490169.2492187
0.02730601917613636,1574490169.6212378
0.02626819957386363,1574490169.9933283
0.02697354403409091,1574490170.3652658
0.025622780539772735,1574490170.7492452
0.027318004261363653,1574490171.1212425
0.026361860795454564,1574490171.4932666
0.02585804332386362,1574490171.865296
0.02539639559659093,1574490172.249245
0.027701083096590928,1574490172.6212857
0.025988547585227263,1574490172.9932985
0.025231267755681824,1574490173.365309
0.026198508522727273,1574490173.7492611
0.028668323863636373,1574490174.1213248
0.026617542613636365,1574490174.4932775
0.025771484375000007,1574490174.8652933
0.026306818181818178,1574490175.2492728
0.028544921875000004,1574490175.6213195
0.025157137784090896,1574490175.9933236
0.026631303267045447,1574490176.3653371
0.026151455965909086,1574490176.749312
0.025453657670454537,1574490177.121335
0.02678222656250002,1574490177.4933443
0.024174804687499996,1574490177.8654277
0.02629350142045454,1574490178.2493153
0.02644176136363635,1574490178.6215587
0.02572931463068183,1574490178.9934053
0.02612082741477273,1574490179.3655176
0.02896839488636364,1574490179.7493713
0.026324129971590907,1574490180.1214733
0.027260742187499996,1574490180.493471
0.027383700284090914,1574490180.8654552
0.026590465198863628,1574490181.24945
0.026628196022727278,1574490181.621476
0.025955255681818192,1574490181.9934595
0.025356001420454535,1574490182.365973
0.025812766335227277,1574490182.7494853
0.025955255681818182,1574490183.1214774
0.025668945312500007,1574490183.4934986
0.025625,1574490183.8657255
0.02588156960227273,1574490184.2495193
0.02885742187499998,1574490184.6215372
0.02933682528409089,1574490184.9936113
0.026501242897727286,1574490185.3657334
0.025628995028409082,1574490185.7495131
0.02673473011363638,1574490186.1215785
0.029124200994318183,1574490186.493546
0.02549849076704545,1574490186.8656726
0.02570001775568181,1574490187.2495337
0.02678710937500002,1574490187.621569
0.026963334517045443,1574490187.9935837
0.026344992897727276,1574490188.3658013
0.02578169389204547,1574490188.7495553
0.025968572443181813,1574490189.1215966
0.028583096590909105,1574490189.4937708
0.02715953480113637,1574490189.8656998
0.02666015624999999,1574490190.2496195
0.02528053977272727,1574490190.6216521
0.027250976562499994,1574490190.9937708
0.02811301491477273,1574490191.3656821
0.026506569602272725,1574490191.7496035
0.026184747869318167,1574490192.1216578
0.026241566051136377,1574490192.4937763
0.02806285511363635,1574490192.8657267
0.026109730113636362,1574490193.249617
0.025615678267045437,1574490193.6217167
0.02878773082386365,1574490193.993821
0.03322620738636363,1574490194.3658285
0.02775079900568182,1574490194.7496748
0.032424538352272714,1574490195.1216555
0.028481445312500017,1574490195.4937692
0.026093750000000002,1574490195.865773
0.02752618963068183,1574490196.249688
0.02696599786931819,1574490196.6218374
0.025992098721590896,1574490196.9937825
0.024489080255681788,1574490197.3657854
0.02647416548295455,1574490197.7497237
0.02886274857954547,1574490198.1217318
0.025287642045454528,1574490198.4937263
0.026218039772727263,1574490198.8657582
0.027492897727272717,1574490199.249731
0.026304598721590917,1574490199.6217396
0.02692382812500001,1574490199.9937837
0.026893199573863626,1574490200.3658
0.02585848721590908,1574490200.7497969
0.027237659801136366,1574490201.121792
0.029045632102272723,1574490201.4939966
0.025106534090909106,1574490201.8658578
0.026020063920454552,1574490202.2498033
0.025787464488636357,1574490202.621828
0.029386985085227278,1574490202.9938338
0.02525168678977273,1574490203.3658538
0.026046253551136385,1574490203.7498262
0.02764470880681816,1574490204.1218255
0.026979314630681796,1574490204.4938352
0.026756924715909083,1574490204.8658745
0.02622736150568182,1574490205.2498417
0.026012961647727255,1574490205.6218293
0.028306107954545447,1574490205.993862
0.026674804687500005,1574490206.3659046
0.026040926846590907,1574490206.7499003
0.02595214843749999,1574490207.121872
0.028386896306818166,1574490207.4938996
0.02753062855113636,1574490207.8660111
0.025477627840909067,1574490208.2499702
0.025787020596590906,1574490208.6218898
0.025756392045454525,1574490208.993945
0.029430042613636357,1574490209.3659272
0.025152698863636355,1574490209.7499208
0.026165216619318185,1574490210.1219573
0.02845170454545453,1574490210.4939342
0.02709428267045455,1574490210.8659556
0.02658913352272726,1574490211.250131
0.025818980823863618,1574490211.622013
0.025452769886363632,1574490211.9940066
0.027190607244318207,1574490212.3660152
0.026979314630681803,1574490212.7499976
0.02545365767045455,1574490213.1219995
0.02526766690340907,1574490213.4939985
0.026752929687499996,1574490213.866015
0.028702059659090905,1574490214.2500026
0.025401278409090917,1574490214.6220393
0.02584339488636363,1574490214.9942877
0.02783647017045456,1574490215.3660681
0.027084960937499996,1574490215.7500339
0.026818181818181845,1574490216.1220617
0.026340110085227297,1574490216.4943635
0.026057350852272718,1574490216.8660932
0.027467595880681817,1574490217.250061
0.026716086647727254,1574490217.622107
0.025976118607954544,1574490217.9943414
0.025214399857954543,1574490218.3661358
0.028171164772727277,1574490218.7500887
0.02751020951704544,1574490219.122087
0.02516912286931818,1574490219.4942427
0.025532226562499986,1574490219.8661816
0.027840909090909107,1574490220.250145
0.027092063210227293,1574490220.6221719
0.025276544744318206,1574490220.9942896
0.02587136008522725,1574490221.3662784
0.025797230113636355,1574490221.7501364
0.027780539772727278,1574490222.1222165
0.027402787642045432,1574490222.4943788
0.025771040482954553,1574490222.8663223
0.025170898437499995,1574490223.2501552
0.026447975852272734,1574490223.622188
0.029180131392045453,1574490223.994302
0.025780362215909108,1574490224.3662348
0.025668945312499997,1574490224.750195
0.0278799715909091,1574490225.1222475
0.025744406960227274,1574490225.4944482
0.029208540482954543,1574490225.8663812
0.03508611505681822,1574490226.2501721
0.02650568181818182,1574490226.6222618
0.030339577414772737,1574490226.994372
0.02916148792613637,1574490227.3662868
0.026621981534090892,1574490227.7502232
0.026802645596590922,1574490228.1222916
0.02525168678977272,1574490228.4945543
0.02585493607954544,1574490228.866287
0.026607776988636353,1574490229.2502418
0.026740056818181795,1574490229.6223578
0.026277965198863645,1574490229.9943097
0.026194069602272732,1574490230.366337
0.030371537642045456,1574490230.750318
0.025104758522727245,1574490231.1223714
0.026577148437499986,1574490231.494585
0.026816406249999994,1574490231.8663707
0.02581276633522727,1574490232.2503183
0.027239879261363616,1574490232.6223345
0.026661044034090895,1574490232.9943619
0.02554820667613636,1574490233.3664474
0.02535910866477272,1574490233.7504036
0.027339311079545455,1574490234.1224053
0.027133789062499993,1574490234.49441
0.026117720170454547,1574490234.8664188
0.027542613636363636,1574490235.2504008
0.02703258167613637,1574490235.622397
0.028031782670454544,1574490235.994406
0.027338867187500008,1574490236.3664532
0.025586381392045436,1574490236.750403
0.026065784801136353,1574490237.1224391
0.02674183238636364,1574490237.4944336
0.02525790127840909,1574490237.8664625
0.025985884232954563,1574490238.250436
0.025767489346590913,1574490238.6224766
0.02523703835227274,1574490238.9944963
0.02633256392045453,1574490239.3664894
0.028851651278409097,1574490239.7504792
0.025497159090909084,1574490240.1225133
0.02832120028409092,1574490240.494484
0.026856800426136355,1574490240.8665185
0.027262073863636386,1574490241.2505057
0.026170543323863635,1574490241.62252
0.026104847301136373,1574490241.994495
0.025738192471590895,1574490242.3665411
0.027599875710227262,1574490242.75051
0.026649946732954535,1574490243.1225293
0.025283203125000007,1574490243.4945462
0.02540926846590909,1574490243.8665795
0.026824396306818186,1574490244.2505443
0.027475142045454544,1574490244.62256
0.025087446732954558,1574490244.9945633
0.02718128551136362,1574490245.3665957
0.02661487926136363,1574490245.7505732
0.026062677556818188,1574490246.1225705
0.02632324218749998,1574490246.4946039
0.025977006392045452,1574490246.8665855
0.025808771306818166,1574490247.2505906
0.029795365767045463,1574490247.6225822
0.028004705255681855,1574490247.994616
0.02937899502840908,1574490248.3666139
0.025075461647727268,1574490248.750615
0.026432883522727255,1574490249.1226344
0.026861239346590907,1574490249.4949
0.025311168323863646,1574490249.8666742
0.02661798650568183,1574490250.2506447
0.027866210937500014,1574490250.6226678
0.027950994318181814,1574490250.9948323
0.026392045454545432,1574490251.366714
0.02675692471590911,1574490251.7506688
0.02680886008522727,1574490252.1227293
0.027098277698863638,1574490252.494831
0.026401811079545447,1574490252.866739
0.025761274857954555,1574490253.2507086
0.025293412642045463,1574490253.6226983
0.02875621448863637,1574490253.9948723
0.026869229403409085,1574490254.3667924
0.025915305397727285,1574490254.7508147
0.02515802556818181,1574490255.1228282
0.027722833806818167,1574490255.4949112
0.028914683948863634,1574490255.8668215
0.02602405894886363,1574490256.2507703
0.02584650213068181,1574490256.6227775
0.027187943892045444,1574490256.9949446
0.03506081321022724,1574490257.366847
0.026634854403409097,1574490257.7507694
0.028417968749999998,1574490258.1228318
0.028757990056818165,1574490258.494933
0.027181729403409096,1574490258.8668485
0.025936168323863636,1574490259.2508137
0.02646395596590909,1574490259.622839
0.025940607244318195,1574490259.9950655
0.026413352272727272,1574490260.3668847
0.026869673295454578,1574490260.7509568
0.027334428267045442,1574490261.1228418
0.026209605823863634,1574490261.4950728
0.025853604403409083,1574490261.866912
0.025716441761363642,1574490262.25085
0.027039240056818202,1574490262.6228986
0.027477805397727244,1574490262.995076
0.025363991477272738,1574490263.3669055
0.025748401988636378,1574490263.7508836
0.026276633522727258,1574490264.122959
0.025787464488636384,1574490264.4951334
0.02681773792613637,1574490264.8669512
0.02591441761363636,1574490265.2508855
0.026190962357954522,1574490265.6229403
0.028058416193181824,1574490265.9952192
0.028899591619318193,1574490266.366983
0.025114080255681837,1574490266.7509232
0.02649946732954545,1574490267.1229327
0.026329012784090902,1574490267.4949918
0.02781516335227271,1574490267.8669665
0.02572975852272729,1574490268.2509706
0.026093749999999995,1574490268.6229796
0.02608442826704547,1574490268.995016
0.0268603515625,1574490269.3670192
0.026572265624999983,1574490269.7509944
0.026391157670454544,1574490270.1229937
0.026717418323863637,1574490270.4949934
0.027403675426136358,1574490270.8670392
0.02807439630681818,1574490271.2510405
0.024972922585227257,1574490271.6230156
0.025814541903409087,1574490271.9950352
0.026867897727272733,1574490272.3671513
0.027977627840909073,1574490272.751046
0.02606800426136365,1574490273.1230266
0.02565163352272726,1574490273.4950538
0.026567826704545442,1574490273.8670878
0.024009676846590885,1574490274.251062
0.02649769176136365,1574490274.6230853
0.026160333806818165,1574490274.9951274
0.026419122869318173,1574490275.3671057
0.02585493607954544,1574490275.7510967
0.02711070667613635,1574490276.1231236
0.026113725142045435,1574490276.4951162
0.025816761363636358,1574490276.867213
0.027697975852272714,1574490277.2511983
0.02804598721590908,1574490277.6231792
0.026426669034090893,1574490277.995176
0.025828302556818186,1574490278.3671699
0.025274769176136365,1574490278.751166
0.029501953125,1574490279.1231391
0.027251420454545434,1574490279.4951751
0.026005415482954552,1574490279.867182
0.026117276278409075,1574490280.2511818
0.027015713778409074,1574490280.6231675
0.024609818892045457,1574490280.9952035
0.02496937144886363,1574490281.367195
0.025847833806818165,1574490281.7511966
0.02595037286931819,1574490282.1232278
0.026052911931818194,1574490282.4952219
0.02829634232954545,1574490282.867222
0.025211736505681825,1574490283.2512298
0.02565740411931818,1574490283.6232572
0.027836470170454528,1574490283.9953585
0.024458451704545435,1574490284.3672948
0.02702947443181819,1574490284.7512333
0.02613103693181816,1574490285.1233375
0.026881214488636354,1574490285.495457
0.026253995028409093,1574490285.867372
0.02882368607954547,1574490286.2512524
0.02587979403409092,1574490286.6232786
0.02588112571022727,1574490286.995431
0.027676225142045457,1574490287.367342
0.02821155894886364,1574490287.7512789
0.02628462357954546,1574490288.1233208
0.026493696732954524,1574490288.4955628
0.026214488636363636,1574490288.8673625
0.03660422585227274,1574490289.251339
0.025280983664772712,1574490289.6233764
0.029414062499999994,1574490289.9956644
0.030467862215909088,1574490290.3674104
0.026866122159090934,1574490290.7513387
0.028106800426136364,1574490291.1234756
0.02797496448863636,1574490291.4956498
0.0267422762784091,1574490291.8674355
0.026082652698863628,1574490292.2513647
0.02597079190340908,1574490292.623481
0.02862970525568181,1574490292.9956768
0.026886541193181797,1574490293.3674505
0.025067471590909097,1574490293.7514
0.02662331321022727,1574490294.123502
0.028256392045454545,1574490294.495693
0.029812677556818195,1574490294.8674843
0.02519841974431818,1574490295.2514791
0.027402787642045453,1574490295.6235578
0.02814719460227272,1574490295.99578
0.026680575284090922,1574490296.3674936
0.026383167613636356,1574490296.751435
0.02578036221590908,1574490297.1235635
0.02751242897727271,1574490297.4958475
0.02757634943181817,1574490297.867502
0.02635031960227272,1574490298.2514923
0.025729758522727252,1574490298.623602
0.025531338778409084,1574490298.9958353
0.02601784446022727,1574490299.36756
0.025106090198863625,1574490299.7514918
0.02592950994318182,1574490300.1235948
0.027851562499999993,1574490300.4957137
0.026480379971590907,1574490300.8675642
0.02758345170454545,1574490301.25153
0.026445756392045452,1574490301.6235569
0.025601029829545457,1574490301.9955537
0.025690696022727267,1574490302.3675885
0.02700550426136363,1574490302.751539
0.027611416903409066,1574490303.123546
0.02569113991477273,1574490303.4955983
0.025996093749999994,1574490303.8675973
0.027311789772727284,1574490304.2515764
0.02737127130681818,1574490304.623574
0.026214044744318175,1574490304.9956083
0.026439985795454538,1574490305.3676295
0.02586558948863638,1574490305.7516007
0.027572798295454566,1574490306.1236048
0.027829811789772733,1574490306.4957082
0.025666725852272716,1574490306.8676581
0.025815873579545432,1574490307.2516391
0.027646484375000006,1574490307.6236424
0.026717418323863637,1574490307.9956596
0.0262060546875,1574490308.3677769
0.02572043678977273,1574490308.7516701
0.026131480823863646,1574490309.123648
0.027226118607954538,1574490309.49567
0.027078746448863614,1574490309.8676858
0.02569868607954544,1574490310.251683
0.02617231889204544,1574490310.6236882
0.027701083096590914,1574490310.9956946
0.026474609374999993,1574490311.3678086
0.025090997869318205,1574490311.7517242
0.025511363636363634,1574490312.1237462
0.026883433948863642,1574490312.4957287
0.026311700994318173,1574490312.8677769
0.025767489346590913,1574490313.2517686
0.025951704545454538,1574490313.6237473
0.02800648082386363,1574490313.9957585
0.025593927556818174,1574490314.3677897
0.02675736860795455,1574490314.751772
0.025858931107954546,1574490315.1237867
0.02699840198863634,1574490315.4957905
0.02707475142045455,1574490315.8678014
0.02759676846590909,1574490316.2518091
0.025872247869318167,1574490316.6238184
0.02483753551136365,1574490316.9958258
0.026919833096590906,1574490317.367828
0.026644176136363645,1574490317.7518325
0.025635209517045447,1574490318.123815
0.02646439985795455,1574490318.4959016
0.025974343039772727,1574490318.867864
0.03073996803977273,1574490319.2518663
0.034109552556818204,1574490319.62392
0.02636008522727272,1574490319.9959831
0.02555353338068183,1574490320.3679185
0.03078258167613636,1574490320.7518759
0.02683860085227273,1574490321.1240146
0.02758256392045455,1574490321.496084
0.02606001420454546,1574490321.867958
0.025673384232954552,1574490322.2518806
0.02631658380681817,1574490322.6241398
0.027323330965909092,1574490322.9961996
0.0266863458806818,1574490323.3679614
0.026859019886363633,1574490323.7519112
0.026992187499999987,1574490324.1239984
0.0269327059659091,1574490324.496121
0.026876775568181823,1574490324.867994
0.026444868607954537,1574490325.2519665
0.02672230113636364,1574490325.624058
0.027847123579545455,1574490325.9961882
0.02709517045454548,1574490326.3680239
0.026541193181818194,1574490326.7519486
0.026037375710227243,1574490327.1240795
0.02587091619318183,1574490327.4961596
0.028531605113636362,1574490327.8680313
0.02703657670454543,1574490328.251991
0.025570401278409097,1574490328.6240401
0.024944513494318154,1574490328.9964054
0.02678178267045455,1574490329.3680892
0.02815962357954546,1574490329.7520306
0.025940607244318202,1574490330.1241412
0.027598987926136354,1574490330.4962409
0.026757368607954544,1574490330.8681035
0.028201349431818186,1574490331.2520766
0.02678000710227274,1574490331.6240976
0.025848721590909094,1574490331.9962068
0.02510564630681818,1574490332.3681111
0.029043412642045466,1574490332.752083
0.026568714488636347,1574490333.1242135
0.026111061789772714,1574490333.4962752
0.025506036931818177,1574490333.8681226
0.027189275568181813,1574490334.2521021
0.027333540482954524,1574490334.6243827
0.025698686079545462,1574490334.9961467
0.025868696732954537,1574490335.3681464
0.028789950284090912,1574490335.752143
0.027950994318181818,1574490336.1241524
0.02523348721590908,1574490336.4961505
0.025913529829545458,1574490336.868202
0.027387695312499974,1574490337.2521613
0.027128906249999987,1574490337.624177
0.026374733664772717,1574490337.9961765
0.026058238636363647,1574490338.3682327
0.02574440696022726,1574490338.7521932
0.027898615056818163,1574490339.124214
0.02715687144886364,1574490339.4962134
0.026202947443181822,1574490339.8682132
0.025130504261363654,1574490340.2522273
0.030013760653409095,1574490340.6242435
0.026077769886363646,1574490340.99624
0.02574263139204544,1574490341.3682623
0.026172762784090916,1574490341.7522516
0.02573064630681819,1574490342.1242363
0.02768288352272727,1574490342.4963405
0.027545276988636364,1574490342.8683398
0.0257528409090909,1574490343.2522829
0.025720436789772722,1574490343.6242676
0.027279385653409104,1574490343.9962516
0.02815962357954544,1574490344.368328
0.02628639914772728,1574490344.7522943
0.026303267045454534,1574490345.124273
0.027107599431818178,1574490345.4963014
0.025565074573863627,1574490345.8683233
0.02636230468749998,1574490346.2522974
0.025957475142045452,1574490346.624315
0.025090110085227255,1574490346.9963043
0.02777787642045456,1574490347.3684044
0.02779563210227273,1574490347.752332
0.025336914062499983,1574490348.124353
0.025674715909090907,1574490348.4963257
0.027163973721590903,1574490348.8683646
0.027785422585227267,1574490349.2523646
0.026334339488636362,1574490349.6243548
0.025814541903409084,1574490349.996384
0.02744451349431819,1574490350.3684027
0.03128018465909093,1574490350.752367
0.03658691406249999,1574490351.1243804
0.02685147372159092,1574490351.4964068
0.028030894886363632,1574490351.8684192
0.029749200994318194,1574490352.2524157
0.03201127485795453,1574490352.6245346
0.025201083096590922,1574490352.9965827
0.02592418323863636,1574490353.3684683
0.027381480823863637,1574490353.752442
0.027552379261363648,1574490354.124591
0.02649147727272728,1574490354.4966254
0.025944602272727272,1574490354.8684947
0.02680131392045455,1574490355.2524343
0.027521306818181823,1574490355.6245706
0.02672585227272727,1574490355.9966474
0.02582386363636365,1574490356.3685231
0.026670365767045467,1574490356.7524738
0.028266601562500007,1574490357.1246443
0.026542524857954525,1574490357.4967961
0.02591708096590908,1574490357.8685462
0.02525523792613635,1574490358.252508
0.027596324573863625,1574490358.6246684
0.027385031960227273,1574490358.9965563
0.025549538352272735,1574490359.3685627
0.02561079545454545,1574490359.752538
0.026754705255681827,1574490360.1247206
0.03010742187500001,1574490360.4966788
0.026255326704545456,1574490360.8686535
0.025724431818181827,1574490361.25255
0.02674360795454545,1574490361.6246474
0.02638893821022728,1574490361.996635
0.026457297585227267,1574490362.3686502
0.026431551846590903,1574490362.7525754
0.026160333806818183,1574490363.1246924
0.027689985795454536,1574490363.4967706
0.028084605823863646,1574490363.868632
0.026025390625000006,1574490364.2526546
0.02542036576704545,1574490364.6247652
0.026842151988636365,1574490364.9967325
0.02786177201704544,1574490365.3687112
0.027516424005681807,1574490365.752689
0.026016956676136346,1574490366.124723
0.02743430397727272,1574490366.4968271
0.0242276278409091,1574490366.868744
0.026435102982954543,1574490367.2526197
0.026522549715909085,1574490367.6247635
0.025486949573863632,1574490367.99677
0.02618696732954544,1574490368.3687742
0.027991832386363647,1574490368.7526686
0.025438565340909085,1574490369.1248627
0.02596058238636363,1574490369.4969532
0.02787109375,1574490369.8687663
0.02615545099431818,1574490370.2527342
0.028354492187500004,1574490370.6247485
0.025811434659090915,1574490370.9967546
0.024818892045454552,1574490371.368788
0.027237659801136346,1574490371.752747
0.028713600852272723,1574490372.1247647
0.025516690340909084,1574490372.4967668
0.02613991477272729,1574490372.868826
0.026239790482954554,1574490373.2527788
0.027799183238636376,1574490373.6247885
0.025996981534090913,1574490373.9968097
0.025568181818181813,1574490374.3688571
0.025937500000000002,1574490374.752808
0.027539506392045467,1574490375.1248288
0.026748490767045437,1574490375.4968393
0.02757235440340908,1574490375.868858
0.02534534801136365,1574490376.2528346
0.02688387784090908,1574490376.6248565
0.028078391335227257,1574490376.9968965
0.0258820134943182,1574490377.3688927
0.026296608664772722,1574490377.752869
0.02732998934659091,1574490378.1248755
0.02655051491477272,1574490378.496883
0.02707075639204545,1574490378.86892
0.026200284090909073,1574490379.252846
0.025603693181818193,1574490379.6249037
0.02814186789772727,1574490379.9969366
0.027030806107954553,1574490380.3689497
0.027525745738636358,1574490380.7528865
0.02511408025568182,1574490381.1249313
0.02674671519886363,1574490381.4969661
0.029173029119318194,1574490381.868972
0.03340509588068185,1574490382.252918
0.031389382102272725,1574490382.624955
0.027806285511363632,1574490382.9969301
0.029018110795454514,1574490383.3689632
0.02557262073863635,1574490383.7529492
0.026358753551136364,1574490384.1249475
0.02492098721590909,1574490384.4970298
0.02570490056818184,1574490384.8689878
0.027956764914772732,1574490385.2529852
0.028516512784090897,1574490385.6250749
0.026488813920454508,1574490385.9972498
0.025939719460227283,1574490386.3690836
0.02683771306818183,1574490386.753039
0.026070223721590922,1574490387.1251297
0.02658957741477272,1574490387.4972456
0.026607776988636356,1574490387.8690708
0.025889115767045452,1574490388.253029
0.02767045454545455,1574490388.6250784
0.02876908735795455,1574490388.997234
0.025668057528409078,1574490389.3690696
0.02536887428977272,1574490389.7530658
0.026264204545454525,1574490390.1251814
0.027830699573863617,1574490390.4971132
0.026863902698863636,1574490390.869111
0.026012517755681815,1574490391.2530963
0.028168501420454548,1574490391.6251037
0.02701704545454546,1574490391.9971697
0.026571821732954574,1574490392.369148
0.026512340198863643,1574490392.753092
0.026100408380681818,1574490393.125206
0.027948774857954536,1574490393.4972215
0.02690385298295455,1574490393.8691993
0.026040039062499996,1574490394.2531464
0.02511274857954547,1574490394.6252015
0.028986594460227257,1574490394.9971683
0.030621448863636342,1574490395.3691833
0.02798295454545456,1574490395.7531512
0.02772816051136363,1574490396.125288
0.027751242897727256,1574490396.4972248
0.028612393465909065,1574490396.8692539
0.03710182883522728,1574490397.253203
0.04406693892045456,1574490397.6252139
0.040362659801136416,1574490397.9972308
0.03925781250000001,1574490398.369229
0.03252752130681817,1574490398.7532074
0.035522904829545475,1574490399.1253376
0.03368252840909093,1574490399.497458
0.03037109375000001,1574490399.8692474
0.02274680397727271,1574490400.2532134
0.01893599076704546,1574490400.6253648
0.018084161931818173,1574490400.997496
0.017049449573863656,1574490401.369291
0.01849076704545456,1574490401.753248
0.017355735085227277,1574490402.1253717
0.019019886363636364,1574490402.4974384
0.01808815696022727,1574490402.8693178
0.014892578124999993,1574490403.2532744
0.015616122159090898,1574490403.625489
0.018107244318181837,1574490403.9975028
0.018495205965909076,1574490404.369305
0.015305397727272728,1574490404.7533011
0.0154638671875,1574490405.1253335
0.01556063565340909,1574490405.4973595
0.029751420454545464,1574490405.8693538
0.03119895241477274,1574490406.2533238
0.030953036221590898,1574490406.6253586
0.023040660511363647,1574490406.9973538
0.022266512784090912,1574490407.3693876
0.029204989346590892,1574490407.753439
0.03438032670454544,1574490408.1253476
0.031795543323863626,1574490408.4974482
0.03139825994318183,1574490408.8694263
0.03532182173295452,1574490409.2533927
0.03590864701704545,1574490409.6254134
0.030358220880681835,1574490409.9974391
0.03206321022727274,1574490410.3694484
0.03776455965909092,1574490410.7533932
0.034361239346590904,1574490411.1254287
0.033279030539772714,1574490411.4974082
0.03315429687500001,1574490411.8694718
0.03293323863636365,1574490412.2534482
0.02578879616477271,1574490412.625459
0.026679687500000007,1574490412.997455
0.028720703125000024,1574490413.369486
0.03698774857954545,1574490413.7534673
0.03793323863636365,1574490414.1254578
0.03245117187499998,1574490414.497493
0.03828480113636364,1574490414.869539
0.030708895596590933,1574490415.2534819
0.02841131036931817,1574490415.625491
0.03111328124999999,1574490415.9974985
0.032017489346590884,1574490416.369592
0.03491432883522727,1574490416.753515
0.04222523082386366,1574490417.1255276
0.03494673295454548,1574490417.497547
0.027560813210227273,1574490417.8695555
0.026471502130681814,1574490418.2535405
0.030096768465909106,1574490418.6255617
0.0278963955965909,1574490418.9975505
0.02837846235795455,1574490419.3695786
0.03684659090909091,1574490419.7535977
0.03835671164772726,1574490420.1255832
0.02404252485795455,1574490420.4976215
0.02641335227272727,1574490420.8695982
0.028312322443181822,1574490421.2535622
0.028760209517045443,1574490421.6256251
0.030906871448863647,1574490421.9976497
0.042137784090909076,1574490422.3696432
0.04241832386363634,1574490422.753609
0.041789328835227284,1574490423.125661
0.03301935369318181,1574490423.4978127
0.029179243607954555,1574490423.869675
0.02783824573863638,1574490424.2536404
0.026775568181818178,1574490424.6257298
0.023821022727272732,1574490424.9977546
0.03866166548295454,1574490425.369702
0.030707563920454536,1574490425.7536685
0.029579190340909098,1574490426.1256917
0.028928444602272736,1574490426.4977272
0.02881613991477271,1574490426.869708
0.03863503196022728,1574490427.2536879
0.03058593750000001,1574490427.6257334
0.02968971946022729,1574490427.9977646
0.029203213778409107,1574490428.369737
0.028179154829545458,1574490428.7537162
0.030075905539772713,1574490429.1257539
0.028279918323863625,1574490429.497877
0.02706498579545455,1574490429.8698394
0.028075727982954542,1574490430.2538068
0.029003906250000006,1574490430.6258233
0.026415127840909103,1574490430.9980094
0.028102361505681798,1574490431.369799
0.02646573153409091,1574490431.7537851
0.02752485795454544,1574490432.125828
0.029020774147727284,1574490432.497979
0.028942649147727307,1574490432.8698313
0.0287184836647727,1574490433.253782
0.027362393465909105,1574490433.62595
0.0281795987215909,1574490433.998046
0.028486772017045442,1574490434.369873
0.02826393821022727,1574490434.7538178
0.02669966264204544,1574490435.125905
0.0282492897727273,1574490435.4980266
