amperes,timestamp
0.029080699573863642,1574491347.1409235
0.027960759943181784,1574491347.5129848
0.027345969460227274,1574491347.884981
0.02827592329545453,1574491348.26887
0.043146306818181844,1574491348.6409066
0.040995649857954564,1574491349.0129244
0.03472611860795457,1574491349.3849652
0.036907848011363605,1574491349.7688642
0.04457341974431819,1574491350.1409032
0.03815207741477275,1574491350.5130439
0.03297674005681819,1574491350.885106
0.03228204900568182,1574491351.2689276
0.027612304687499985,1574491351.6409593
0.018496537642045452,1574491352.0130286
0.022223455255681816,1574491352.385141
0.023470791903409092,1574491352.768929
0.019513050426136356,1574491353.1409392
0.02283513849431819,1574491353.5130467
0.023097034801136382,1574491353.8852293
0.02149724786931819,1574491354.2689245
0.021422230113636365,1574491354.640968
0.020067027698863628,1574491355.0130608
0.022793856534090908,1574491355.385223
0.02297230113636363,1574491355.768987
0.022381480823863646,1574491356.1409984
0.020088334517045465,1574491356.5130339
0.023039328835227284,1574491356.8850849
0.020381747159090906,1574491357.26901
0.019407848011363645,1574491357.6410217
0.018565340909090896,1574491358.0131085
0.01898570667613639,1574491358.3851125
0.018262162642045474,1574491358.7690291
0.018798828124999983,1574491359.1410325
0.018690518465909075,1574491359.5132747
0.017641157670454547,1574491359.885152
0.018746004971590905,1574491360.2690904
0.020111860795454545,1574491360.6410658
0.01868874289772726,1574491361.0131617
0.019817560369318192,1574491361.3851547
0.019839754971590913,1574491361.7692382
0.018218217329545462,1574491362.1410937
0.019242720170454558,1574491362.5132113
0.018325639204545458,1574491362.8852234
0.019984463778409102,1574491363.269116
0.018233309659090906,1574491363.641129
0.017876864346590922,1574491364.0131538
0.01990722656250002,1574491364.3852186
0.018990589488636373,1574491364.7691462
0.01892933238636363,1574491365.1414442
0.018145419034090903,1574491365.5136752
0.01838423295454545,1574491365.885208
0.01702858664772729,1574491366.2692015
0.01840110085227273,1574491366.6411672
0.016053799715909093,1574491367.0132287
0.01605557528409092,1574491367.3852124
0.01658114346590909,1574491367.7692173
0.019564985795454536,1574491368.1411972
0.014005681818181813,1574491368.5134485
0.014582741477272726,1574491368.8853135
0.014605823863636368,1574491369.2692606
0.01521395596590909,1574491369.6412978
0.014803355823863627,1574491370.0134428
0.014784268465909108,1574491370.3853173
0.015973899147727268,1574491370.7692435
0.01513139204545454,1574491371.141422
0.014526367187500003,1574491371.5132706
0.014774502840909086,1574491371.885291
0.016070667613636378,1574491372.269574
0.015273881392045455,1574491372.6413174
0.015362659801136361,1574491373.013307
0.01515358664772726,1574491373.3858528
0.01755104758522727,1574491373.7696419
0.016020951704545452,1574491374.1413448
0.015320933948863628,1574491374.5136764
0.015448774857954544,1574491374.8854134
0.015416370738636357,1574491375.2695997
0.015620561079545448,1574491375.6413417
0.01578746448863635,1574491376.0133588
0.015356001420454552,1574491376.3854623
0.015806551846590914,1574491376.7694216
0.015044833096590913,1574491377.1413388
0.015765713778409084,1574491377.5133538
0.031082208806818192,1574491377.8854012
0.03141113281249998,1574491378.2694924
0.02666725852272726,1574491378.6413736
0.026224698153409085,1574491379.013424
0.029949396306818178,1574491379.385414
0.031009410511363644,1574491379.7694323
0.03699351917613632,1574491380.1413991
0.035018643465909105,1574491380.5139313
0.038073508522727235,1574491380.8856094
0.03600585937500002,1574491381.2694328
0.0303857421875,1574491381.641452
0.025352006392045448,1574491382.0135384
0.03204811789772728,1574491382.38568
0.02329545454545454,1574491382.7696419
0.017193270596590902,1574491383.1414065
0.015549982244318179,1574491383.5135605
0.01677601207386364,1574491383.8854969
0.017291370738636364,1574491384.2694354
0.015441672585227264,1574491384.6414368
0.01734463778409091,1574491385.0135272
0.03283647017045453,1574491385.385679
0.035642311789772736,1574491385.7695012
0.033456143465909076,1574491386.1414888
0.03513183593749998,1574491386.5135279
0.037915926846590946,1574491386.8857543
0.03632856889204549,1574491387.2695043
0.03228959517045455,1574491387.6415274
0.034197443181818186,1574491388.0135384
0.01924138849431816,1574491388.3856182
0.015908647017045453,1574491388.769516
0.01598810369318183,1574491389.1416495
0.015868252840909078,1574491389.5141027
0.015380859375000002,1574491389.8860257
0.015436345880681808,1574491390.269546
0.015332031250000003,1574491390.6416414
0.015367542613636348,1574491391.0137148
0.015346235795454547,1574491391.3857617
0.01621981534090909,1574491391.769571
0.01557972301136364,1574491392.1415951
0.016532315340909088,1574491392.5137265
0.01733398437500001,1574491392.8856716
0.020053710937500004,1574491393.269575
0.021632634943181805,1574491393.6416187
0.02493030894886363,1574491394.0136597
0.02990101207386366,1574491394.3856735
0.026305042613636354,1574491394.769613
0.0262468927556818,1574491395.1416795
0.03164506392045454,1574491395.5136526
0.03301358309659091,1574491395.8859277
0.044063831676136346,1574491396.2696226
0.032176846590909094,1574491396.6417055
0.024437144886363643,1574491397.0137503
0.02523837002840907,1574491397.3859324
0.026067116477272723,1574491397.7696424
0.02543767755681817,1574491398.1416671
0.026825284090909098,1574491398.513801
0.04149192116477272,1574491398.8856974
0.04188032670454546,1574491399.269856
0.04278009588068183,1574491399.641716
0.04286754261363636,1574491400.0137377
0.030682262073863625,1574491400.3857536
0.028915571732954542,1574491400.7699647
0.033743785511363644,1574491401.1417196
0.027725941051136356,1574491401.5137682
0.017971413352272713,1574491401.8857777
0.017379705255681818,1574491402.2699044
0.01716796875,1574491402.6417587
0.017292258522727276,1574491403.0137706
0.01658291903409092,1574491403.3858016
0.015876686789772717,1574491403.7699156
0.016085759943181826,1574491404.141811
0.015101651278409086,1574491404.5137994
0.017320667613636372,1574491404.8858085
0.015907759232954552,1574491405.2698843
0.014745205965909086,1574491405.6418145
0.01496315696022726,1574491406.0138192
0.014591175426136357,1574491406.3858914
0.014946732954545454,1574491406.7699742
0.014782492897727277,1574491407.1418319
0.015036399147727277,1574491407.5138357
0.015205522017045451,1574491407.885957
0.015767045454545457,1574491408.2699606
0.014410511363636365,1574491408.6418593
0.014866832386363637,1574491409.0138745
0.015052379261363645,1574491409.3859048
0.015021750710227277,1574491409.769926
0.013576438210227273,1574491410.14187
0.015453657670454533,1574491410.5139472
0.015054598721590902,1574491410.8858879
0.014735884232954542,1574491411.2700152
0.014707919034090914,1574491411.641904
0.015068359374999993,1574491412.0139008
0.014985351562499994,1574491412.386012
0.015691139914772726,1574491412.7699778
0.01507634943181818,1574491413.1419644
0.015310724431818185,1574491413.5139585
0.014955166903409095,1574491413.885938
0.014892134232954542,1574491414.2701752
0.014208096590909085,1574491414.641985
0.01575150923295456,1574491415.013962
0.014942737926136363,1574491415.3859625
0.016368075284090913,1574491415.769945
0.014638671875000002,1574491416.14196
0.015775923295454547,1574491416.5141258
0.015704012784090917,1574491416.8861876
0.015485617897727264,1574491417.270005
0.01599520596590909,1574491417.641992
0.016135475852272724,1574491418.014049
0.01615722656249999,1574491418.386326
0.01574041193181817,1574491418.7700112
0.015209517045454542,1574491419.1420414
0.015929066051136358,1574491419.514158
0.016023171164772726,1574491419.8861852
0.015564186789772737,1574491420.2700179
0.015624112215909085,1574491420.642046
0.025965909090909095,1574491421.0141943
0.031248224431818194,1574491421.386118
0.02580122514204543,1574491421.7700512
0.024905450994318193,1574491422.1420894
0.024424272017045466,1574491422.51414
0.02985839843749997,1574491422.8861825
0.030268110795454557,1574491423.2700942
0.026033824573863634,1574491423.642113
0.024592063210227267,1574491424.014254
0.025224609374999984,1574491424.3862774
0.02781871448863637,1574491424.7701235
0.02853249289772726,1574491425.1421318
0.025005770596590905,1574491425.514143
0.025357776988636376,1574491425.8862
0.026533203125000005,1574491426.2701898
0.02428089488636364,1574491426.6421478
0.025705788352272725,1574491427.0142987
0.02493563565340909,1574491427.3861945
0.02517223011363638,1574491427.770146
0.029774946732954548,1574491428.1421978
0.025728870738636368,1574491428.5144043
0.025642755681818192,1574491428.8862588
0.02497558593749999,1574491429.270173
0.0243856534090909,1574491429.6422386
0.029494850852272735,1574491430.0142193
0.02806019176136362,1574491430.386401
0.025469193892045452,1574491430.7702067
0.025660511363636368,1574491431.142217
0.026193181818181827,1574491431.5143132
0.027842240767045463,1574491431.886509
0.026002752130681796,1574491432.270232
0.0242058771306818,1574491432.642241
0.025048384232954555,1574491433.014257
0.03008034446022726,1574491433.3862987
0.02635342684659089,1574491433.7702546
0.025473188920454547,1574491434.1423311
0.025183771306818176,1574491434.514404
0.027043235085227265,1574491434.8863578
0.027319335937499988,1574491435.2703137
0.02577725497159092,1574491435.6423073
0.026222478693181808,1574491436.0143437
0.02741566051136364,1574491436.3863246
0.0242049893465909,1574491436.770304
0.02561123934659091,1574491437.1422825
0.024401189630681823,1574491437.5143607
0.02483354048295452,1574491437.8863566
0.030289417613636366,1574491438.2704828
0.027811168323863638,1574491438.6423378
0.026366743607954542,1574491439.0143642
0.024675514914772725,1574491439.3863766
0.025917968750000003,1574491439.7703762
0.028051757812500012,1574491440.1423538
0.027087624289772724,1574491440.5143905
0.024507723721590907,1574491440.8863916
0.02503906249999999,1574491441.2705243
0.029191228693181824,1574491441.6423838
0.025839399857954543,1574491442.014395
0.025046164772727274,1574491442.3864558
0.024840642755681833,1574491442.770403
0.026784889914772732,1574491443.1424131
0.02578702059659091,1574491443.5144799
0.025878462357954553,1574491443.8864539
0.024940518465909094,1574491444.2706017
0.02464177911931819,1574491444.642429
0.026745383522727255,1574491445.01442
0.026148792613636375,1574491445.386446
0.02472878196022726,1574491445.7706552
0.02415482954545455,1574491446.142455
0.026728071732954554,1574491446.5144653
0.026050692471590906,1574491446.886487
0.02464754971590908,1574491447.2704709
0.02472611860795454,1574491447.642478
0.02715642755681818,1574491448.014478
0.024716352982954538,1574491448.3864994
0.026141246448863637,1574491448.7705312
0.025094105113636363,1574491449.1425042
0.02494140625000001,1574491449.514512
0.02568314985795456,1574491449.8865354
0.02605957031249998,1574491450.2707279
0.024715909090909115,1574491450.6425138
0.03081809303977273,1574491451.0145643
0.03391779119318182,1574491451.3866982
0.02473011363636361,1574491451.7705271
0.02608176491477273,1574491452.142545
0.029570756392045462,1574491452.5146484
0.030693803267045468,1574491452.8866117
0.03365589488636365,1574491453.270575
0.024803355823863636,1574491453.6425529
0.026651722301136358,1574491454.014743
0.02565385298295456,1574491454.3867702
0.026332120028409088,1574491454.7706006
0.027337535511363628,1574491455.142599
0.026039595170454535,1574491455.514655
0.025217063210227264,1574491455.8868024
0.024330610795454552,1574491456.2706785
0.02699351917613635,1574491456.6427014
0.026806196732954563,1574491457.0149825
0.024458451704545445,1574491457.3866954
0.02526944247159089,1574491457.7706542
0.026222478693181783,1574491458.1426864
0.03237038352272728,1574491458.5149043
0.02702281605113637,1574491458.8866925
0.02703391335227273,1574491459.2706673
0.025827414772727292,1574491459.6427107
0.02677334872159092,1574491460.0149775
0.03178977272727273,1574491460.3867412
0.029917879971590924,1574491460.7707248
0.026693892045454533,1574491461.1427023
0.026089311079545454,1574491461.5150442
0.026578036221590894,1574491461.886933
0.025708895596590894,1574491462.2706795
0.025782137784090896,1574491462.642766
0.02511851917613638,1574491463.015027
0.025208629261363632,1574491463.3867583
0.025121182528409072,1574491463.7707021
0.026898526278409073,1574491464.1427672
0.025159357244318177,1574491464.514963
0.02496981534090909,1574491464.8867965
0.025039506392045455,1574491465.2707422
0.027327769886363644,1574491465.6427586
0.026062677556818195,1574491466.0148342
0.024568980823863645,1574491466.3870583
0.024881480823863645,1574491466.7707636
0.027028142755681817,1574491467.1427877
0.027971413352272722,1574491467.5148304
0.024981356534090907,1574491467.8868473
0.0261492365056818,1574491468.2707942
0.026387606534090936,1574491468.642813
0.02534934303977273,1574491469.0149045
0.02528941761363636,1574491469.3868763
0.025220614346590915,1574491469.7708333
0.025189541903409086,1574491470.1428418
0.02646129261363637,1574491470.5148861
0.02562855113636367,1574491470.886881
0.024650656960227273,1574491471.2708602
0.024509055397727283,1574491471.6428773
0.026461292613636365,1574491472.0149357
0.025631658380681797,1574491472.3869128
0.024606267755681796,1574491472.7708874
0.02518687855113638,1574491473.142877
0.02669433593750001,1574491473.5148997
0.025726207386363636,1574491473.8869333
0.024185901988636363,1574491474.2709038
0.025817649147727263,1574491474.6429098
0.02623890269886365,1574491475.0149186
0.02582297585227272,1574491475.3869843
0.025703568892045454,1574491475.7709262
0.02509943181818182,1574491476.142929
0.025917968750000003,1574491476.514955
0.025348011363636368,1574491476.886973
0.02505237926136362,1574491477.2709625
0.025028852982954545,1574491477.6430383
0.025214843749999976,1574491478.0150278
0.0279842862215909,1574491478.3870282
0.025749733664772727,1574491478.7710192
0.024730557528409098,1574491479.143026
0.024842862215909083,1574491479.5149941
0.026433771306818177,1574491479.8870144
0.02564808238636364,1574491480.2710185
0.02454323508522728,1574491480.6430094
0.025105202414772734,1574491481.015028
0.028141867897727265,1574491481.3870249
0.03562766335227273,1574491481.7710297
0.02583229758522725,1574491482.143031
0.030235706676136384,1574491482.5150414
0.02788973721590909,1574491482.8870564
0.02698020241477272,1574491483.2710648
0.026242897727272698,1574491483.6430335
0.023829012784090893,1574491484.0150695
0.025015092329545466,1574491484.3870711
0.0266836825284091,1574491484.7710814
0.025574396306818174,1574491485.1430724
0.02449085582386365,1574491485.5153725
0.02527876420454544,1574491485.8871293
0.02620339133522727,1574491486.2710667
0.02637428977272729,1574491486.6431327
0.024890358664772728,1574491487.015348
0.025317826704545462,1574491487.3871398
0.0258358487215909,1574491487.771111
0.02601429332386362,1574491488.143139
0.026279740767045465,1574491488.5153549
0.030395951704545458,1574491488.8871684
0.024833540482954546,1574491489.2711265
0.027038352272727266,1574491489.6431627
0.026160333806818165,1574491490.0155725
0.024857066761363643,1574491490.38723
0.024398526278409095,1574491490.7712033
0.026926935369318165,1574491491.1431825
0.02589222301136362,1574491491.5154233
0.024474875710227287,1574491491.8874493
0.025466530539772728,1574491492.2711828
0.02667791193181818,1574491492.6432238
0.025675603693181826,1574491493.0154808
0.02513094815340909,1574491493.387229
0.02580655184659091,1574491493.771209
0.023878284801136355,1574491494.1432617
0.025735529119318167,1574491494.5153654
0.027220791903409113,1574491494.8872755
0.02527077414772727,1574491495.271249
0.025490056818181814,1574491495.6432858
0.02423694957386364,1574491496.0155935
0.026229580965909084,1574491496.3873332
0.025193536931818167,1574491496.7712734
0.024978249289772717,1574491497.1433067
0.02488680752840909,1574491497.5157895
0.026999289772727284,1574491497.8873475
0.02545898437499998,1574491498.2712514
0.025203302556818175,1574491498.6433618
0.024589843750000003,1574491499.0156145
0.02690474076704544,1574491499.3873456
0.02525257457386363,1574491499.7713654
0.025308948863636375,1574491500.1434488
0.026242897727272747,1574491500.515651
0.027316672585227294,1574491500.8874671
0.02580655184659092,1574491501.271321
0.024586736505681814,1574491501.6434746
0.025605024857954566,1574491502.0156677
0.026118607954545462,1574491502.3874235
0.025995205965909107,1574491502.7713847
0.025526012073863638,1574491503.143344
0.026549627130681833,1574491503.515399
0.025819868607954533,1574491503.887445
0.02590154474431818,1574491504.2713823
0.02422540838068183,1574491504.643407
0.027295365767045464,1574491505.015447
0.027268732244318184,1574491505.3874416
0.02497336647727273,1574491505.771436
0.025386629971590895,1574491506.1434424
0.025733309659090913,1574491506.5155227
0.02501464843749999,1574491506.8874779
0.026730291193181814,1574491507.2714639
0.025144264914772726,1574491507.6434364
0.02547496448863637,1574491508.0154705
0.026256658380681818,1574491508.3875108
0.024970703125000007,1574491508.7714965
0.02675870028409089,1574491509.1434753
0.02609330610795453,1574491509.5155349
0.02528631036931818,1574491509.887503
0.024927201704545474,1574491510.2714722
0.02624200994318181,1574491510.6434913
0.026130593039772734,1574491511.0155103
0.025405273437500004,1574491511.3875809
0.024954279119318194,1574491511.7715077
0.024298206676136355,1574491512.1435156
0.027929243607954558,1574491512.515505
0.028936434659090893,1574491512.8876202
0.030174449573863633,1574491513.27154
0.026428000710227273,1574491513.6435225
0.028305220170454542,1574491514.0155377
0.028274147727272724,1574491514.3875742
0.026651722301136348,1574491514.7715423
0.02531915838068182,1574491515.143558
0.02650612571022728,1574491515.515608
0.026269531250000002,1574491515.8876064
0.02491610440340909,1574491516.2715857
0.025423916903409092,1574491516.6436114
0.025572176846590914,1574491517.0156155
0.026372070312499978,1574491517.3875997
0.025427024147727257,1574491517.7716134
0.0253466796875,1574491518.1436176
0.025085671164772727,1574491518.5156207
0.027170632102272746,1574491518.8876317
0.025158913352272702,1574491519.2716365
0.025379527698863657,1574491519.643613
0.02594060724431815,1574491520.0159602
0.02646795099431817,1574491520.387705
0.02561567826704546,1574491520.7716353
0.02409756747159091,1574491521.1436594
0.025192205255681804,1574491521.5160067
0.02711647727272727,1574491521.887777
0.025217507102272732,1574491522.2717168
0.024649325284090924,1574491522.643712
0.02554865056818182,1574491523.0159369
0.02733842329545454,1574491523.3877575
0.02540882457386364,1574491523.7716956
0.02487748579545455,1574491524.1438763
0.025238370028409087,1574491524.5158
0.02872203480113636,1574491524.8877547
0.025486949573863615,1574491525.2717228
0.02473100142045455,1574491525.6437626
0.02500310724431818,1574491526.016002
0.025511363636363638,1574491526.3878255
0.027889737215909084,1574491526.7717247
0.026652166193181805,1574491527.1437817
0.02509810014204547,1574491527.5160449
0.025015092329545446,1574491527.8877943
0.026830166903409097,1574491528.2717683
0.02813077059659089,1574491528.6438003
0.024325727982954543,1574491529.016066
0.02517400568181816,1574491529.387813
0.026366299715909085,1574491529.7717957
0.027678000710227274,1574491530.1438541
0.025666281960227275,1574491530.5160687
0.025049715909090893,1574491530.8878543
0.02616344105113636,1574491531.271811
0.026021395596590894,1574491531.643865
0.02589621803977274,1574491532.016087
0.025449218750000023,1574491532.3878884
0.025003551136363614,1574491532.7718265
0.0268936434659091,1574491533.1438923
0.027456498579545453,1574491533.5161314
0.024491299715909094,1574491533.8879242
0.024689719460227272,1574491534.2721047
0.025691139914772728,1574491534.6439264
0.027562588778409072,1574491535.0160387
0.025327148437499985,1574491535.388201
0.024885031960227285,1574491535.7721403
0.02530850497159092,1574491536.1440558
0.027889737215909094,1574491536.5159438
0.025824307528409095,1574491536.8881307
0.02559925426136362,1574491537.2720678
0.02398748224431816,1574491537.6444454
0.026858575994318186,1574491538.0162678
0.027482244318181834,1574491538.3883307
0.024521484374999993,1574491538.7721715
0.02523837002840909,1574491539.1439638
0.0254092684659091,1574491539.5159764
0.02641557173295456,1574491539.888302
0.025389293323863627,1574491540.271963
0.025582386363636363,1574491540.643995
0.02549227627840907,1574491541.0160081
0.025761274857954545,1574491541.3880126
0.023469016335227286,1574491541.771984
0.025976562500000015,1574491542.1441674
0.025287642045454556,1574491542.5161061
0.02522594105113636,1574491542.888053
0.02534978693181818,1574491543.2721062
0.030006214488636364,1574491543.6440978
0.0317227450284091,1574491544.0166173
0.02553400213068182,1574491544.3885736
0.033756658380681835,1574491544.7720492
0.0270330255681818,1574491545.1442347
0.025446555397727277,1574491545.5160913
0.025511807528409074,1574491545.8882086
0.024770951704545456,1574491546.272054
0.026754705255681813,1574491546.6441784
0.027814275568181834,1574491547.0160918
0.0261044034090909,1574491547.3881066
0.02550914417613635,1574491547.7722538
0.02531649502840909,1574491548.1441476
0.027969637784090905,1574491548.516107
0.02707386363636362,1574491548.8882396
0.024982244318181808,1574491549.2721014
0.024650213068181815,1574491549.6441307
0.03067649147727273,1574491550.0161786
0.028004261363636353,1574491550.3881774
0.024389204545454547,1574491550.7721314
0.025276544744318164,1574491551.1446664
0.026086203835227265,1574491551.5164065
0.02374778053977271,1574491551.888162
0.02656960227272728,1574491552.2721565
0.025675603693181816,1574491552.6442335
0.02529829545454545,1574491553.016176
0.02581809303977273,1574491553.388462
0.02892267400568183,1574491553.7724032
0.026616210937499996,1574491554.1442544
0.02525035511363638,1574491554.5162785
0.02641823508522727,1574491554.888239
0.02700195312500002,1574491555.2721775
0.025814541903409087,1574491555.6441965
0.025066139914772738,1574491556.016219
0.024635120738636357,1574491556.3885112
0.02705699573863636,1574491556.772226
0.026090642755681816,1574491557.144218
0.025249467329545455,1574491557.5162249
0.024473987926136365,1574491557.8882565
0.026353426846590915,1574491558.272244
0.028701171874999997,1574491558.6442497
0.0249063387784091,1574491559.016258
0.02531560724431816,1574491559.388264
0.026971768465909093,1574491559.7722504
0.0235879794034091,1574491560.1442688
0.028528941761363637,1574491560.516287
0.025459872159090912,1574491560.888329
0.02473011363636362,1574491561.2723088
0.02603959517045453,1574491561.6443264
0.027336647727272737,1574491562.0162935
0.02571289062499999,1574491562.3883157
0.025614346590909078,1574491562.7723012
0.02633433948863637,1574491563.1443343
0.027297141335227267,1574491563.5163195
0.02610884232954543,1574491563.888351
0.025579723011363624,1574491564.272319
0.024774058948863656,1574491564.6443315
0.027709960937500003,1574491565.0168164
0.02593661221590907,1574491565.3910828
0.024615145596590896,1574491565.772691
0.02437144886363637,1574491566.1445696
0.02593572443181821,1574491566.5164459
0.02699840198863636,1574491566.8886847
0.024248490767045442,1574491567.2725043
0.025206409801136354,1574491567.644621
0.025760830965909094,1574491568.016448
0.027136452414772715,1574491568.3886032
0.02648259943181819,1574491568.772516
0.024970703125000004,1574491569.1445637
0.026599343039772717,1574491569.516505
0.026888316761363655,1574491569.8885555
0.025734641335227255,1574491570.2724764
0.02527876420454546,1574491570.644489
0.025617897727272722,1574491571.0164876
0.027165749289772716,1574491571.3885565
0.026320134943181802,1574491571.772598
0.025131835937500003,1574491572.144623
0.024621360085227254,1574491572.5164828
0.028346058238636375,1574491572.8885517
0.026193625710227274,1574491573.2725563
0.02620694247159091,1574491573.644509
0.024567205255681814,1574491574.0165493
0.026620205965909093,1574491574.3886306
0.02784623579545454,1574491574.7726166
0.03546608664772727,1574491575.1445272
0.027654474431818184,1574491575.5165641
0.029220525568181804,1574491575.8886194
0.028917791193181816,1574491576.2727592
0.02742675781249999,1574491576.6445622
0.025957475142045456,1574491577.0165827
0.024991566051136355,1574491577.3885767
0.02625443892045457,1574491577.7726445
0.028727361505681816,1574491578.144595
0.02515669389204543,1574491578.5165827
0.025490944602272716,1574491578.8887358
0.0262850674715909,1574491579.2728426
0.02628240411931818,1574491579.64465
0.026039151278409098,1574491580.0166144
0.02471590909090909,1574491580.388611
0.02664817116477273,1574491580.772811
0.028842329545454546,1574491581.1446245
0.026162109374999985,1574491581.5167205
0.025398171164772734,1574491581.8886323
0.024163707386363645,1574491582.2727816
0.02797674005681817,1574491582.6446536
0.02624689275568182,1574491583.0166254
0.024682617187500002,1574491583.3886757
0.026202503551136354,1574491583.7726626
0.026362748579545448,1574491584.1446886
0.02854048295454544,1574491584.5166564
0.02538751775568183,1574491584.8887057
0.025114524147727288,1574491585.272689
0.02571155894886364,1574491585.6446805
0.02672762784090908,1574491586.016758
0.026322354403409114,1574491586.3887537
0.025823419744318173,1574491586.7726927
0.02541015624999999,1574491587.1447706
0.027136452414772746,1574491587.5167704
0.026774680397727263,1574491587.8887842
0.025313831676136364,1574491588.272733
0.02652787642045454,1574491588.6447303
0.02694335937500001,1574491589.01674
0.02845436789772726,1574491589.3887842
0.025359108664772707,1574491589.772743
0.025834517045454544,1574491590.1447685
0.024335049715909097,1574491590.5168083
0.02862881747159092,1574491590.8888047
0.024700372869318168,1574491591.2727764
0.025561523437499997,1574491591.6447668
0.026885209517045427,1574491592.0168839
0.02667658025568181,1574491592.3888345
0.02565163352272728,1574491592.7727685
0.025387961647727258,1574491593.1448076
0.025510919744318176,1574491593.516832
0.027380149147727254,1574491593.8888297
0.025955699573863643,1574491594.2728124
0.02551580255681818,1574491594.6448274
0.024434037642045454,1574491595.0168726
0.026780450994318184,1574491595.3888626
0.026284623579545478,1574491595.772857
0.025267666903409102,1574491596.1448436
0.024677290482954525,1574491596.5168953
0.02640447443181818,1574491596.8895683
0.025488281250000005,1574491597.2728906
0.025377752130681826,1574491597.6451256
0.024288884943181818,1574491598.0170996
0.024886807528409084,1574491598.3889787
0.02560857599431819,1574491598.7729545
0.025225053267045456,1574491599.1449916
0.024814453124999993,1574491599.5177994
0.023933771306818195,1574491599.8894477
0.026641956676136374,1574491600.2729466
0.02515447443181818,1574491600.6449928
0.0255965909090909,1574491601.0169666
0.024627130681818196,1574491601.3892918
0.02470791903409091,1574491601.772978
0.026487926136363645,1574491602.1450088
0.026819069602272733,1574491602.517051
0.025024414062499997,1574491602.8891587
0.02479936079545454,1574491603.2730265
0.027753906249999995,1574491603.645062
0.027164861505681825,1574491604.0170171
0.024828657670454522,1574491604.3890593
0.025495827414772694,1574491604.7733285
0.026221590909090906,1574491605.145032
0.026598899147727274,1574491605.5170453
0.02947576349431817,1574491605.8890817
0.034848188920454555,1574491606.2730336
0.025531338778409095,1574491606.6450636
0.026690784801136357,1574491607.0171115
0.03325195312499998,1574491607.389233
0.026684570312499992,1574491607.773471
0.02439009232954548,1574491608.145359
0.02692249644886362,1574491608.5176492
0.02421164772727271,1574491608.8892367
0.025570845170454534,1574491609.2731593
0.02576305042613635,1574491609.6451523
0.02509410511363636,1574491610.0176792
0.024980024857954565,1574491610.3892472
0.025622336647727263,1574491610.7735434
0.02764692826704545,1574491611.1451397
0.02462357954545452,1574491611.5177846
0.02523570667613636,1574491611.8892913
0.02702991832386364,1574491612.2733417
0.02665749289772728,1574491612.6451359
0.024901455965909074,1574491613.0171795
0.024323508522727275,1574491613.3891466
0.025186878551136344,1574491613.7733092
0.025826526988636352,1574491614.145167
0.025138494318181798,1574491614.5172324
0.02469060724431818,1574491614.8891714
0.02737571022727272,1574491615.2733335
0.02741965553977273,1574491615.6451797
0.026691228693181804,1574491616.0171978
0.02524946732954545,1574491616.3892233
0.0252254971590909,1574491616.7731743
0.0279305752840909,1574491617.145202
0.026428000710227266,1574491617.5172234
0.025184215198863647,1574491617.8892705
0.024721235795454547,1574491618.2734618
0.025983664772727278,1574491618.6454136
0.026061789772727266,1574491619.0172927
0.024854847301136372,1574491619.3893633
0.024239612926136352,1574491619.7732522
0.025990767045454537,1574491620.145281
0.02723899147727272,1574491620.5172584
0.025538884943181822,1574491620.8892908
0.024925870028409073,1574491621.2736409
0.025326260653409118,1574491621.645292
0.025576615767045445,1574491622.0173085
0.026299715909090908,1574491622.3893445
0.024560102982954534,1574491622.7733507
0.024458007812499988,1574491623.1453168
0.02663396661931819,1574491623.5177457
0.027499556107954546,1574491623.889426
0.024512162642045438,1574491624.2733288
0.025502485795454534,1574491624.645354
0.02568048650568182,1574491625.0176413
0.024314186789772724,1574491625.3896408
0.025129616477272722,1574491625.7733362
0.024787375710227277,1574491626.1460905
0.024522372159090918,1574491626.517633
0.026464843749999994,1574491626.8898594
0.028664772727272733,1574491627.2733881
0.024567649147727254,1574491627.6458325
0.024287997159090892,1574491628.0173903
0.026800426136363638,1574491628.3895054
0.028810813210227274,1574491628.7733762
0.024046963778409095,1574491629.1454139
0.02476695667613636,1574491629.5174828
0.026644620028409092,1574491629.8897703
0.024615145596590914,1574491630.2735267
0.024968483664772712,1574491630.6456945
0.025003107244318163,1574491631.0175571
0.025280095880681818,1574491631.3896837
0.02634676846590909,1574491631.7737627
0.02656960227272726,1574491632.1456394
0.024840198863636358,1574491632.5174794
0.02463201349431817,1574491632.8896801
0.026616654829545457,1574491633.2735486
0.028037553267045472,1574491633.6454937
0.024998668323863635,1574491634.0174756
0.025136718749999988,1574491634.3896363
0.02620649857954547,1574491634.77347
0.027246981534090883,1574491635.1455083
0.026183416193181815,1574491635.517508
0.025787020596590892,1574491635.8896773
0.025645419034090906,1574491636.2734854
0.026663707386363644,1574491636.645528
0.033570223721590915,1574491637.0175147
0.026672141335227273,1574491637.3897548
0.02793146306818183,1574491637.7735133
0.028672318892045436,1574491638.1455772
0.026890536221590895,1574491638.517537
0.026118607954545466,1574491638.8898814
0.025225941051136357,1574491639.2735093
0.025499822443181823,1574491639.645569
0.02796342329545452,1574491640.0175912
0.026416903409090906,1574491640.389879
0.02513405539772729,1574491640.773553
0.025186878551136348,1574491641.1456027
0.025390181107954553,1574491641.517618
0.02902965198863637,1574491641.8899014
0.02658647017045455,1574491642.2738924
0.024773615056818177,1574491642.6456392
0.02433416193181819,1574491643.0176435
0.02774857954545453,1574491643.389883
0.027243430397727284,1574491643.7737653
0.024665749289772738,1574491644.1456556
0.025170454545454544,1574491644.5177007
0.026930042613636376,1574491644.889861
0.023031338778409093,1574491645.2738698
0.02606667258522727,1574491645.6456769
0.025437233664772723,1574491646.01767
0.024373224431818174,1574491646.3898726
0.026290838068181818,1574491646.773799
0.027433860085227267,1574491647.1457224
0.025479403409090894,1574491647.5177412
0.025242808948863632,1574491647.8897285
0.026869229403409096,1574491648.2739205
0.02658069957386364,1574491648.6457267
0.0264129083806818,1574491649.017753
0.025118519176136368,1574491649.3897398
0.024965376420454533,1574491649.7738564
0.028261718750000005,1574491650.1457722
0.02658558238636364,1574491650.5177672
0.025510475852272733,1574491650.889772
0.024502840909090894,1574491651.2738867
0.028069069602272737,1574491651.6457705
0.02563787286931818,1574491652.0177991
0.024319513494318188,1574491652.3899415
0.025293856534090907,1574491652.7739904
0.026731178977272722,1574491653.145869
0.02655229048295454,1574491653.5178497
0.026126154119318176,1574491653.8898275
0.02497780539772725,1574491654.2738438
0.02645152698863635,1574491654.6460862
0.024221413352272715,1574491655.0182056
0.025451882102272724,1574491655.3899887
0.024713689630681816,1574491655.7738662
0.02483709161931819,1574491656.1459835
0.025655628551136345,1574491656.5183377
0.026838156960227275,1574491656.8899899
0.02409490411931818,1574491657.2739286
0.0247647372159091,1574491657.6462126
0.026380504261363662,1574491658.0181093
0.02569069602272729,1574491658.389932
0.026118607954545445,1574491658.773911
0.024820223721590918,1574491659.1460412
0.026447531960227248,1574491659.517984
0.024746537642045447,1574491659.8901103
0.02581720525568182,1574491660.2741296
0.024821999289772727,1574491660.6460285
0.02479891690340909,1574491661.0181038
0.028698064630681835,1574491661.389958
0.02563520951704546,1574491661.774204
0.024662198153409105,1574491662.146065
0.024724343039772733,1574491662.5180364
0.02663130326704545,1574491662.8901837
0.02587136008522728,1574491663.274055
0.02511851917613637,1574491663.6459956
0.025765269886363608,1574491664.0179794
0.026503906250000025,1574491664.3900912
0.024848188920454546,1574491664.774091
0.026075994318181826,1574491665.1459942
0.025098987926136355,1574491665.518023
0.02514515269886364,1574491665.8901737
0.025139382102272723,1574491666.2740777
0.027574129971590908,1574491666.646064
0.02495028409090909,1574491667.0180845
0.025099875710227267,1574491667.3901668
0.026154119318181814,1574491667.7742136
0.03109552556818181,1574491668.1460397
0.029761186079545435,1574491668.51811
0.026928710937500003,1574491668.8900673
0.028389559659090888,1574491669.2742271
0.028857865767045462,1574491669.6460276
0.02544344815340907,1574491670.0181017
0.025901988636363622,1574491670.3901067
0.025450106534090907,1574491670.7743006
0.025314719460227262,1574491671.1460822
0.0279669744318182,1574491671.5181231
0.02609774502840908,1574491671.8901904
0.024904563210227264,1574491672.2743459
0.024495294744318163,1574491672.646104
0.028056640625000007,1574491673.018141
0.02710049715909093,1574491673.390144
0.02580300071022727,1574491673.7743158
0.025324928977272707,1574491674.1461108
0.026911399147727263,1574491674.5182233
0.027700195312499995,1574491674.8902388
0.025768377130681825,1574491675.2742956
0.025275656960227273,1574491675.6461742
0.026243341619318183,1574491676.018223
0.027747247869318183,1574491676.3902354
0.02703790838068182,1574491676.7743309
0.025833185369318175,1574491677.1462185
0.025004882812499993,1574491677.5182147
0.02636496803977272,1574491677.8901796
0.02773215553977272,1574491678.2741847
0.024130415482954547,1574491678.6462073
0.026235351562500005,1574491679.0181782
0.026665482954545464,1574491679.3902235
0.026150124289772748,1574491679.7742195
0.02603604403409093,1574491680.1461825
0.026275745738636364,1574491680.5182323
0.02489035866477273,1574491680.8902266
0.026925603693181827,1574491681.2742093
0.026425781250000006,1574491681.646219
0.025076349431818176,1574491682.018277
0.024855735085227263,1574491682.3902555
0.025904651988636347,1574491682.7742615
0.027350852272727266,1574491683.1462529
0.02492808948863633,1574491683.5182626
0.026636629971590914,1574491683.8902621
0.027817826704545426,1574491684.2742605
0.025482066761363616,1574491684.6462803
0.02574485085227272,1574491685.0182815
0.025326260653409097,1574491685.390299
0.025147372159090912,1574491685.774316
0.027415660511363633,1574491686.146307
0.026517223011363642,1574491686.5189056
0.024654208096590902,1574491686.8903377
0.02436700994318182,1574491687.2743175
0.027750355113636372,1574491687.6467795
0.02597745028409092,1574491688.0184438
0.025105646306818188,1574491688.3911476
0.026389825994318186,1574491688.7743917
0.025411487926136362,1574491689.1463776
0.02690340909090908,1574491689.5184515
0.0262255859375,1574491689.8904347
0.02425958806818181,1574491690.2743897
0.0241170987215909,1574491690.6463897
0.024908558238636382,1574491691.0187356
0.02844415838068183,1574491691.3906531
0.02445001775568182,1574491691.7745657
0.024766068892045457,1574491692.1464102
0.02721013849431817,1574491692.5184274
0.026247336647727257,1574491692.890685
0.02549849076704546,1574491693.2744124
0.02472523082386365,1574491693.6464875
0.02589266690340907,1574491694.0185416
0.025656516335227267,1574491694.3908398
0.026457297585227267,1574491694.7746553
0.024531249999999994,1574491695.1465392
0.0242245205965909,1574491695.5184708
0.027069424715909094,1574491695.890684
0.026318803267045457,1574491696.2746096
0.02444380326704545,1574491696.6468153
0.02468661221590909,1574491697.0185983
0.02635387073863639,1574491697.3907228
0.025510031960227286,1574491697.7745907
0.025447443181818175,1574491698.1467562
0.024953835227272715,1574491698.5186245
0.02571910511363638,1574491698.8905537
0.027817826704545467,1574491699.2745264
0.030425248579545438,1574491699.6466231
0.0311749822443182,1574491700.0187008
0.024959605823863647,1574491700.3909578
0.030691583806818187,1574491700.7745337
0.030554421164772725,1574491701.1465926
0.025735973011363655,1574491701.518604
0.025105202414772723,1574491701.8905997
0.025585049715909094,1574491702.2745657
0.025811434659090894,1574491702.6466188
0.02785156250000001,1574491703.0186076
0.02549050071022726,1574491703.3905864
0.024628906250000002,1574491703.7745574
0.02788130326704546,1574491704.1465757
0.02439319957386362,1574491704.518591
0.02663307883522727,1574491704.8906531
0.025380859375,1574491705.2745774
0.0250985440340909,1574491705.646594
0.027937677556818176,1574491706.0186126
0.02664639559659088,1574491706.390662
0.025293856534090907,1574491706.7746077
0.024558327414772745,1574491707.1466215
0.028030450994318192,1574491707.5186539
0.027117365056818166,1574491707.890653
0.024521484375,1574491708.2746289
0.025711558948863632,1574491708.646643
0.026315696022727292,1574491709.018702
0.02743519176136363,1574491709.3906975
0.025378639914772724,1574491709.774676
0.026000532670454546,1574491710.1469848
0.026637073863636337,1574491710.5187755
0.026613103693181803,1574491710.8911343
0.0254620916193182,1574491711.2748027
0.02452769886363637,1574491711.647517
0.02410156249999999,1574491712.0191886
0.027462713068181828,1574491712.3916206
0.02524724786931818,1574491712.7751703
0.024585404829545476,1574491713.1474411
0.02378950639204545,1574491713.5189416
0.02662597656249998,1574491713.8908484
0.024886363636363627,1574491714.274795
0.02528764204545455,1574491714.6468127
0.025753284801136384,1574491715.0187905
0.025770152698863607,1574491715.3908193
0.026505237926136335,1574491715.7747679
0.02669477982954547,1574491716.1468003
0.025047052556818175,1574491716.5188093
0.024425603693181787,1574491716.8908608
0.026302823153409066,1574491717.2747924
0.028181818181818193,1574491717.6468532
0.025170898437499995,1574491718.018903
0.025206409801136344,1574491718.39094
0.026357421875,1574491718.7748783
0.02814098011363637,1574491719.1469114
0.025689364346590905,1574491719.518866
0.025207741477272727,1574491719.8908935
0.026332563920454542,1574491720.2748666
0.02648837002840908,1574491720.6469955
0.025988547585227277,1574491721.0188844
0.025287642045454535,1574491721.3909676
0.02421253551136362,1574491721.7748716
0.027565252130681835,1574491722.1468945
0.027245205965909083,1574491722.5189822
0.025429243607954545,1574491722.8910398
0.02476296164772727,1574491723.2749112
0.026486150568181804,1574491723.64694
0.028477894176136345,1574491724.0189526
0.0251296164772727,1574491724.3910081
0.02521129261363636,1574491724.7749276
0.02624644886363635,1574491725.1469433
0.02725585937500001,1574491725.5189278
0.025920632102272717,1574491725.8910112
0.0250741299715909,1574491726.27493
0.025136718750000002,1574491726.6469212
0.02598055752840908,1574491727.0189548
0.02637517755681819,1574491727.391047
0.02511452414772727,1574491727.7750416
0.02466219815340909,1574491728.1471467
0.02601784446022727,1574491728.5190127
0.025058149857954536,1574491728.8910112
0.025594815340909086,1574491729.2750766
0.025406605113636346,1574491729.647305
0.02521528764204546,1574491730.0190463
0.025859375000000007,1574491730.3910234
0.03265181107954547,1574491730.7750998
0.03361017400568182,1574491731.147242
0.026147904829545442,1574491731.5190506
0.02566228693181819,1574491731.891067
0.03268332741477273,1574491732.275145
0.028463689630681806,1574491732.6471922
0.0264364346590909,1574491733.0190935
0.026554509943181804,1574491733.391089
0.025306729403409074,1574491733.775164
0.026199396306818164,1574491734.1473153
0.026124378551136376,1574491734.519118
0.025229492187500004,1574491734.891114
0.02450239701704546,1574491735.2751603
0.026649502840909087,1574491735.6473713
0.027365056818181827,1574491736.0191343
0.025683149857954543,1574491736.391129
0.025165127840909077,1574491736.7751956
0.026692560369318184,1574491737.1473029
0.02651234019886365,1574491737.5191553
0.025817205255681812,1574491737.8911357
0.025449218749999995,1574491738.27522
0.0249649325284091,1574491738.6473107
0.028594193892045452,1574491739.0191712
0.026092862215909084,1574491739.3912206
0.024979580965909094,1574491739.7753127
0.02471013849431818,1574491740.1474338
0.026620205965909097,1574491740.5192451
0.025904208096590914,1574491740.8912177
0.024908558238636348,1574491741.2753038
0.025411487926136362,1574491741.6473296
0.025589488636363615,1574491742.019253
0.027311789772727267,1574491742.391242
0.026474165482954552,1574491742.7753556
0.024941850142045453,1574491743.1473732
0.024327947443181813,1574491743.5192618
0.028593306107954543,1574491743.891239
0.029481090198863635,1574491744.2752552
0.02809481534090908,1574491744.6472719
0.02661221590909092,1574491745.0192618
0.02664506392045455,1574491745.3915553
0.02973410866477272,1574491745.7752898
0.03943758877840909,1574491746.1472723
0.04273171164772726,1574491746.5192912
0.03887251420454543,1574491746.8913865
0.03582785866477273,1574491747.275268
0.03273703835227274,1574491747.6473079
0.02575550426136363,1574491748.0193346
0.03435413707386363,1574491748.391507
0.03256392045454544,1574491748.7752838
0.019157936789772706,1574491749.147313
0.018066850142045458,1574491749.5193248
0.016637961647727278,1574491749.8914382
0.017657137784090896,1574491750.2753236
0.018011807528409092,1574491750.647328
0.016733842329545456,1574491751.0193431
0.018511629971590917,1574491751.3914702
0.01735884232954545,1574491751.7753522
0.017912819602272725,1574491752.1473498
0.0253036221590909,1574491752.5193896
0.03226429332386365,1574491752.8915365
0.03377974076704545,1574491753.2753568
0.027565252130681818,1574491753.6473806
0.027042791193181807,1574491754.0194275
0.025478515624999996,1574491754.391725
0.03289772727272728,1574491754.7754107
0.03368696732954545,1574491755.1474311
0.037395685369318164,1574491755.5194535
0.0365021306818182,1574491755.891967
0.031050248579545452,1574491756.2757425
0.02873623934659091,1574491756.6474457
0.03468572443181818,1574491757.0194952
0.032883522727272754,1574491757.3915615
0.02643022017045456,1574491757.7754707
0.03510742187500003,1574491758.1474714
0.033482776988636366,1574491758.5194867
0.026006747159090914,1574491758.8918066
0.02753906249999998,1574491759.275449
0.02897816051136362,1574491759.6474652
0.037843128551136355,1574491760.0195038
0.035881125710227266,1574491760.3916523
0.03552556818181818,1574491760.7754846
0.03388449928977273,1574491761.1475217
0.036185635653409085,1574491761.5195756
0.026286399147727277,1574491761.8916328
0.026938476562499987,1574491762.2757328
0.02644220525568182,1574491762.6478565
0.035529563210227294,1574491763.019604
0.03623002485795455,1574491763.3916178
0.041055131392045446,1574491763.7756224
0.032185724431818184,1574491764.147774
0.025525124289772733,1574491764.5196118
0.028106800426136367,1574491764.8916185
0.03082652698863637,1574491765.2756605
0.0267959872159091,1574491765.6477404
0.0265944602272727,1574491766.0196395
0.0381161221590909,1574491766.391637
0.036412020596590905,1574491766.7756577
0.02500399502840908,1574491767.1478083
0.02580344460227273,1574491767.5196204
0.025342240767045453,1574491767.8916466
0.02800870028409091,1574491768.275675
0.03964888139204545,1574491768.6479888
0.042071200284090934,1574491769.0196767
0.04522017045454548,1574491769.3916695
0.032804953835227274,1574491769.7757366
0.030149591619318166,1574491770.1478834
0.02777476917613635,1574491770.519688
0.027502663352272715,1574491770.8916934
0.029344371448863642,1574491771.2757878
0.03887428977272728,1574491771.647873
0.028719371448863613,1574491772.0197234
0.029238725142045438,1574491772.3917282
0.029252929687499984,1574491772.7758305
0.029778941761363635,1574491773.147968
0.03873224431818183,1574491773.5197337
0.02862127130681817,1574491773.891738
0.03091086647727273,1574491774.275804
0.028325639204545467,1574491774.6479516
0.027496004971590916,1574491775.0197718
0.031205166903409087,1574491775.3918352
0.028846768465909087,1574491775.7758691
0.02723322088068181,1574491776.1479695
0.027879083806818195,1574491776.5197694
0.02926180752840908,1574491776.8918252
0.028968838778409084,1574491777.2758853
0.028044655539772707,1574491777.6479573
0.027004616477272723,1574491778.0198238
0.02943448153409091,1574491778.391871
0.028868075284090914,1574491778.7757802
0.029708362926136385,1574491779.1478336
0.02720348011363636,1574491779.5198152
0.027507546164772717,1574491779.8920019
0.029891690340909088,1574491780.2758017
0.02792702414772728,1574491780.6478221
0.02755814985795454,1574491781.019856
0.027507990056818168,1574491781.3919606
0.029722567471590924,1574491781.7758245
0.027880415482954543,1574491782.147844
0.02795676491477277,1574491782.5199122
0.02777787642045454,1574491782.8919916
0.028792169744318176,1574491783.275868
