amperes,timestamp
0.028445046164772708,1574479528.440483
0.027544833096590907,1574479528.812495
0.027946555397727276,1574479529.184483
0.027452503551136345,1574479529.5684593
0.03350497159090911,1574479529.9405599
0.04475541548295452,1574479530.3124855
0.03275745738636363,1574479530.6845036
0.03532049005681818,1574479531.0684764
0.040277876420454536,1574479531.4405932
0.041171431107954536,1574479531.8125157
0.03366787997159091,1574479532.1845224
0.032160422585227263,1574479532.5685136
0.03182217684659091,1574479532.9407566
0.01921786221590909,1574479533.3125498
0.021110617897727273,1574479533.6845667
0.024074485085227287,1574479534.0685213
0.019868607954545463,1574479534.440648
0.021656161221590926,1574479534.8126886
0.022685990767045465,1574479535.1846635
0.02274636008522727,1574479535.5686128
0.0213756214488636,1574479535.940584
0.020746626420454536,1574479536.3128915
0.02301491477272728,1574479536.68472
0.02216930042613635,1574479537.0686524
0.02263272372159091,1574479537.4405797
0.022527965198863648,1574479537.8129864
0.022453391335227283,1574479538.1848423
0.022395685369318182,1574479538.5687659
0.02220481178977273,1574479538.94061
0.02118386008522727,1574479539.3129835
0.019142400568181835,1574479539.6848335
0.019293767755681812,1574479540.0686915
0.019110440340909092,1574479540.4406757
0.01911754261363635,1574479540.8126616
0.018950639204545452,1574479541.1846526
0.018138316761363637,1574479541.5686433
0.018973721590909095,1574479541.9406624
0.019054066051136367,1574479542.3126576
0.019560990767045473,1574479542.6847918
0.0189559659090909,1574479543.0688334
0.020589044744318195,1574479543.440757
0.01881347656249999,1574479543.812788
0.019651988636363638,1574479544.1852283
0.018947531960227255,1574479544.5689502
0.019035422585227273,1574479544.9408376
0.019681285511363642,1574479545.3127425
0.018957297585227264,1574479545.6847706
0.01928977272727271,1574479546.0687132
0.018948419744318195,1574479546.4407573
0.018577769886363643,1574479546.8128176
0.018898703835227265,1574479547.1847913
0.01772638494318181,1574479547.5687907
0.017341530539772734,1574479547.940964
0.017484019886363635,1574479548.312808
0.017859996448863637,1574479548.6848347
0.01668013139204546,1574479549.0688303
0.01732688210227272,1574479549.4410586
0.01553178267045454,1574479549.8132198
0.016170099431818182,1574479550.1848578
0.019992897727272738,1574479550.5688417
0.015674272017045455,1574479550.9409132
0.015747070312500003,1574479551.312933
0.01598011363636364,1574479551.6848946
0.01652787642045454,1574479552.0688734
0.015684037642045456,1574479552.4408915
0.017058327414772725,1574479552.8131218
0.015653852982954543,1574479553.1850443
0.015684481534090907,1574479553.5689816
0.015887340198863637,1574479553.9409678
0.01569025213068181,1574479554.3131533
0.015841619318181822,1574479554.6852033
0.017174183238636363,1574479555.0691893
0.015727095170454543,1574479555.4409401
0.016612659801136367,1574479555.8130858
0.01700949928977272,1574479556.1852198
0.03337890624999998,1574479556.5690303
0.027082297585227292,1574479556.9410393
0.025288529829545454,1574479557.3130486
0.02604003906249999,1574479557.685149
0.031078213778409077,1574479558.069124
0.029559215198863644,1574479558.4412062
0.035733309659090905,1574479558.8130903
0.03395729758522728,1574479559.1853173
0.0360626775568182,1574479559.5693097
0.03348987926136364,1574479559.9410818
0.026441761363636393,1574479560.3130941
0.029220969460227262,1574479560.6852062
0.02989568536931818,1574479561.0692308
0.021514559659090913,1574479561.4411702
0.01611727627840909,1574479561.8131905
0.01634410511363637,1574479562.185259
0.018299005681818185,1574479562.5691535
0.0236270419034091,1574479562.9411678
0.03375932173295457,1574479563.3131993
0.03637118252840915,1574479563.6852238
0.035031516335227296,1574479564.0691953
0.034862393465909094,1574479564.441383
0.037864435369318175,1574479564.8133886
0.03484552556818182,1574479565.185289
0.030997869318181808,1574479565.5692375
0.03090065696022729,1574479565.9412675
0.017681995738636377,1574479566.3134298
0.017629172585227285,1574479566.6852715
0.016188742897727273,1574479567.069265
0.016434215198863636,1574479567.4412608
0.016447531960227278,1574479567.813381
0.016605113636363626,1574479568.1854093
0.016645951704545452,1574479568.5692956
0.014902343750000008,1574479568.9414194
0.01637207031250001,1574479569.3135695
0.015356001420454539,1574479569.6855638
0.015624999999999998,1574479570.069524
0.01567604758522727,1574479570.4413364
0.016104403409090917,1574479570.8136938
0.020286310369318182,1574479571.1856155
0.02486727627840909,1574479571.5695379
0.025464754971590904,1574479571.9414005
0.025211292613636364,1574479572.3134372
0.025251686789772704,1574479572.685547
0.028430397727272724,1574479573.069532
0.03458096590909091,1574479573.4414616
0.0450350674715909,1574479573.8134441
0.03042125355113637,1574479574.1854753
0.025435014204545452,1574479574.5695498
0.026115500710227287,1574479574.9414914
0.024958718039772718,1574479575.3135304
0.024871715198863626,1574479575.685643
0.03574440696022728,1574479576.069562
0.0364803799715909,1574479576.441625
0.03754216974431819,1574479576.8135495
0.04061567826704545,1574479577.1855416
0.03981578480113636,1574479577.56951
0.024524147727272756,1574479577.9415622
0.0273202237215909,1574479578.313589
0.03310102982954545,1574479578.685692
0.02412597656249999,1574479579.0696297
0.0182732599431818,1574479579.4416988
0.016421342329545452,1574479579.8136353
0.019160600142045455,1574479580.1856456
0.03705078125000001,1574479580.5696356
0.026978870738636355,1574479580.9416924
0.026304154829545436,1574479581.3139966
0.025111416903409088,1574479581.6856759
0.02649680397727272,1574479582.0696213
0.029184570312500012,1574479582.4416664
0.02695179332386364,1574479582.8138268
0.025938387784090897,1574479583.1857128
0.025047052556818165,1574479583.5696514
0.026081764914772727,1574479583.9416885
0.02607022372159093,1574479584.313848
0.025041281960227264,1574479584.6858199
0.0254434481534091,1574479585.0697467
0.025196644176136342,1574479585.4417508
0.028693181818181816,1574479585.813976
0.02694957386363636,1574479586.1860545
0.028010031960227253,1574479586.5698354
0.025842063210227265,1574479586.9418373
0.024934747869318173,1574479587.3138514
0.027162198153409086,1574479587.6861272
0.027022816051136368,1574479588.069953
0.025589932528409076,1574479588.4418416
0.024645330255681826,1574479588.8139215
0.025789683948863634,1574479589.185931
0.028562233664772715,1574479589.569924
0.025754172585227286,1574479589.9418304
0.02549982244318183,1574479590.3138852
0.025509144176136356,1574479590.6860743
0.027522638494318206,1574479591.069972
0.027097833806818194,1574479591.4419007
0.025725319602272707,1574479591.813857
0.02515891335227272,1574479592.1859553
0.025173117897727262,1574479592.569945
0.02733043323863636,1574479592.9419818
0.025327148437499978,1574479593.3139946
0.024943625710227277,1574479593.685957
0.025988547585227256,1574479594.069911
0.028491210937500004,1574479594.441972
0.025879350142045454,1574479594.8139958
0.024578746448863636,1574479595.185983
0.025463423295454573,1574479595.569967
0.028456587357954564,1574479595.9420967
0.02509454900568182,1574479596.3142939
0.025022194602272715,1574479596.686032
0.025048384232954517,1574479597.070001
0.028711825284090903,1574479597.4420376
0.024937855113636363,1574479597.8142917
0.025927734374999997,1574479598.1860614
0.02516424005681818,1574479598.5700524
0.025893110795454546,1574479598.942065
0.030747070312499996,1574479599.3141522
0.02468883167613636,1574479599.6861343
0.025867365056818196,1574479600.0701563
0.02473943536931817,1574479600.4421024
0.026621981534090906,1574479600.8143723
0.029557883522727264,1574479601.1863213
0.02668945312499998,1574479601.5701547
0.024971147017045458,1574479601.942138
0.024351029829545456,1574479602.3143642
0.027054776278409087,1574479602.6864417
0.02484419389204544,1574479603.0701735
0.025552201704545446,1574479603.4421895
0.02746981534090907,1574479603.814257
0.026963334517045457,1574479604.1863103
0.025275656960227252,1574479604.5703702
0.02587269176136363,1574479604.9422126
0.024944513494318192,1574479605.3143718
0.026772904829545457,1574479605.6864169
0.02821111505681818,1574479606.0703378
0.026320578835227284,1574479606.4422276
0.024730557528409105,1574479606.8142807
0.024528142755681805,1574479607.186421
0.02777476917613637,1574479607.5705147
0.025636541193181782,1574479607.942365
0.02489834872159089,1574479608.3144233
0.02510298295454545,1574479608.686389
0.026574485085227265,1574479609.070333
0.0243643465909091,1574479609.4423451
0.026220259232954526,1574479609.8143985
0.02581764914772727,1574479610.1863544
0.033447265625,1574479610.5703173
0.03148615056818182,1574479610.9424295
0.025926402698863642,1574479611.31439
0.03012295809659091,1574479611.6863954
0.029467773437500008,1574479612.0703547
0.026185191761363646,1574479612.4424853
0.027034801136363636,1574479612.8145947
0.02610484730113636,1574479613.1864753
0.02487171519886364,1574479613.5703962
0.024528586647727273,1574479613.942415
0.026684570312499985,1574479614.3145394
0.02652432528409092,1574479614.6864638
0.025003995028409085,1574479615.0706592
0.024949396306818184,1574479615.442448
0.027476917613636367,1574479615.8146656
0.025918856534090894,1574479616.186606
0.026159446022727267,1574479616.5705395
0.025414595170454527,1574479616.9424796
0.025477183948863644,1574479617.3147025
0.030867808948863623,1574479617.6867802
0.02736550071022727,1574479618.070654
0.027299360795454555,1574479618.442547
0.025841175426136374,1574479618.8145673
0.02733043323863637,1574479619.1867328
0.030182883522727307,1574479619.5705624
0.02744806463068181,1574479619.9425707
0.02766734730113637,1574479620.314738
0.026475053267045464,1574479620.6867046
0.027335316051136357,1574479621.0706763
0.02546120383522726,1574479621.4425883
0.02578879616477272,1574479621.814732
0.02497025923295456,1574479622.186779
0.02532981178977274,1574479622.5707233
0.0269229403409091,1574479622.9426546
0.026043590198863653,1574479623.3147564
0.025196644176136363,1574479623.6867151
0.02535511363636365,1574479624.0706685
0.025872247869318188,1574479624.442764
0.026501242897727272,1574479624.8147192
0.025260564630681808,1574479625.1867056
0.025090110085227275,1574479625.5706937
0.024539240056818172,1574479625.9427319
0.02896395596590908,1574479626.3148706
0.025780806107954544,1574479626.686753
0.024964044744318174,1574479627.0707266
0.02474254261363635,1574479627.4429452
0.02650035511363636,1574479627.81478
0.02598322088068182,1574479628.186853
0.02440252130681817,1574479628.5707517
0.025704456676136377,1574479628.942829
0.026443980823863622,1574479629.3149517
0.025279208096590927,1574479629.6869106
0.024043856534090916,1574479630.0708714
0.02508966619318182,1574479630.442872
0.026273970170454547,1574479630.8149405
0.025280539772727283,1574479631.1871016
0.024857954545454544,1574479631.570923
0.02521395596590908,1574479631.9428551
0.025869140624999995,1574479632.315161
0.025992542613636354,1574479632.6875024
0.025176669034090927,1574479633.0710351
0.025040394176136342,1574479633.4428759
0.025366210937500005,1574479633.8150089
0.02673117897727273,1574479634.1870487
0.025840731534090926,1574479634.57092
0.02525035511363637,1574479634.9429197
0.02489169034090909,1574479635.31507
0.026592240767045437,1574479635.6871216
0.02505371093749997,1574479636.0709703
0.025035955255681835,1574479636.442958
0.02457785866477273,1574479636.8150144
0.02653941761363636,1574479637.187086
0.02569247159090908,1574479637.5710568
0.025802112926136357,1574479637.9430034
0.026200284090909094,1574479638.315054
0.026773348721590918,1574479638.6871538
0.02591441761363636,1574479639.0711544
0.025641424005681826,1574479639.443028
0.025393732244318182,1574479639.81516
0.02639115767045454,1574479640.1870754
0.02601384943181817,1574479640.5710583
0.029749200994318197,1574479640.9430692
0.030510031960227276,1574479641.31516
0.02467684659090908,1574479641.687128
0.02689941406250002,1574479642.0710745
0.027618519176136353,1574479642.4432101
0.025297407670454537,1574479642.8151512
0.024343039772727282,1574479643.187144
0.02517178622159093,1574479643.571116
0.026345880681818184,1574479643.9434853
0.02585271661931816,1574479644.315605
0.024868607954545447,1574479644.6872368
0.025043057528409088,1574479645.0711608
0.02515047940340909,1574479645.443213
0.025793678977272718,1574479645.8152697
0.026224698153409096,1574479646.1874275
0.024889026988636365,1574479646.5712354
0.024449573863636352,1574479646.9432082
0.02704856178977272,1574479647.3154848
0.02559392755681818,1574479647.687585
0.024832208806818173,1574479648.071411
0.02479225852272728,1574479648.4432633
0.0264422052556818,1574479648.8157206
0.025561967329545462,1574479649.1874535
0.024815340909090926,1574479649.5715003
0.02543989701704547,1574479649.9432874
0.02520951704545453,1574479650.3154814
0.024951615767045455,1574479650.6877067
0.02390358664772728,1574479651.0713093
0.02504572088068182,1574479651.4434216
0.026146129261363654,1574479651.8155513
0.025547318892045454,1574479652.1874824
0.02562100497159091,1574479652.5714862
0.02546519886363636,1574479652.9434137
0.02637207031250001,1574479653.315555
0.024901012073863627,1574479653.6877525
0.02521617542613637,1574479654.0715234
0.025536665482954548,1574479654.443653
0.025459872159090905,1574479654.8155057
0.026525656960227267,1574479655.187445
0.025730202414772713,1574479655.5714707
0.02608442826704547,1574479655.9438097
0.025176669034090896,1574479656.315569
0.026972656250000025,1574479656.6874664
0.02576704545454545,1574479657.071501
0.02592950994318183,1574479657.4435
0.02482865767045454,1574479657.8156326
0.026586026278409086,1574479658.1875336
0.025636097301136373,1574479658.5714846
0.025314275568181804,1574479658.943718
0.0253466796875,1574479659.3158429
0.02542613636363635,1574479659.6875403
0.026352095170454542,1574479660.07151
0.02487526633522726,1574479660.4437933
0.025101207386363643,1574479660.8158007
0.02610085227272724,1574479661.1875522
0.025424804687500017,1574479661.5715294
0.02481489701704546,1574479661.9435594
0.025179776278409085,1574479662.315803
0.02654074928977271,1574479662.6877642
0.025403497869318187,1574479663.0716941
0.024884588068181834,1574479663.443573
0.025139825994318188,1574479663.8159862
0.026152787642045462,1574479664.1879706
0.02592373934659091,1574479664.5718045
0.02516912286931818,1574479664.9436343
0.025131392045454524,1574479665.315728
0.02829678622159091,1574479665.688102
0.025274769176136372,1574479666.0719109
0.025944158380681825,1574479666.4436576
0.025040838068181817,1574479666.8158123
0.026473721590909095,1574479667.188023
0.02543190696022728,1574479667.5719304
0.025577503551136364,1574479667.9437065
0.02771706321022729,1574479668.3157923
0.02452769886363635,1574479668.6878958
0.02593483664772728,1574479669.071826
0.028160067471590895,1574479669.4437509
0.02543101917613637,1574479669.81581
0.02518599076704546,1574479670.1879067
0.024360795454545458,1574479670.5718548
0.027852450284090908,1574479670.9438825
0.02550159801136363,1574479671.3158712
0.028691850142045467,1574479671.6878133
0.029434037642045472,1574479672.071798
0.02615900213068183,1574479672.4438694
0.029593838778409088,1574479672.8159385
0.026475053267045454,1574479673.187833
0.024770951704545446,1574479673.5718925
0.026155894886363638,1574479673.9442194
0.0269793146306818,1574479674.3159156
0.025528675426136366,1574479674.6879044
0.02480379971590911,1574479675.0718508
0.025429243607954535,1574479675.4439945
0.026790660511363636,1574479675.816059
0.02501598011363638,1574479676.1879194
0.024849520596590915,1574479676.571906
0.024591619318181813,1574479676.9438782
0.02443004261363636,1574479677.3162076
0.026112837357954558,1574479677.688369
0.024623579545454535,1574479678.0722692
0.024069602272727277,1574479678.4439523
0.02551358309659092,1574479678.8163505
0.026383167613636335,1574479679.1883786
0.025504261363636375,1574479679.5721767
0.024851296164772715,1574479679.9440267
0.025252130681818197,1574479680.3160896
0.02487792968749999,1574479680.6882093
0.02551136363636362,1574479681.0720744
0.024768732244318154,1574479681.4440036
0.02472789417613635,1574479681.8161392
0.025803000710227283,1574479682.1881936
0.02657803622159092,1574479682.5723178
0.02556818181818182,1574479682.944052
0.024945845170454534,1574479683.3160875
0.028996803977272726,1574479683.688242
0.02517755681818183,1574479684.0724354
0.026555397727272705,1574479684.4440904
0.025324485085227263,1574479684.8162348
0.02533469460227273,1574479685.188278
0.026574041193181797,1574479685.5722427
0.02762073863636364,1574479685.944262
0.0245516690340909,1574479686.316253
0.02544167258522727,1574479686.6882365
0.026275301846590906,1574479687.072266
0.027002840909090917,1574479687.444412
0.025630326704545455,1574479687.8162572
0.025115855823863623,1574479688.188215
0.02555930397727272,1574479688.5722055
0.027883522727272732,1574479688.9446712
0.02595126065340909,1574479689.3163004
0.02605424360795453,1574479689.688257
0.025718661221590902,1574479690.0722182
0.027377485795454546,1574479690.4445717
0.02575150923295455,1574479690.8164544
0.02503329190340908,1574479691.1882641
0.024429154829545437,1574479691.5722566
0.02763494318181817,1574479691.9443786
0.026991743607954546,1574479692.3164852
0.024673739346590885,1574479692.6884983
0.024489968039772717,1574479693.0722954
0.02535333806818181,1574479693.4443123
0.025849609375000006,1574479693.816828
0.024529918323863628,1574479694.1884649
0.026516335227272723,1574479694.5723646
0.025871360085227273,1574479694.9443376
0.026839488636363627,1574479695.3167462
0.027578124999999988,1574479695.6884701
0.024589843750000003,1574479696.0724213
0.025278764204545466,1574479696.4444091
0.02559570312499998,1574479696.8166203
0.028501420454545442,1574479697.188465
0.025521129261363632,1574479697.5724626
0.02520241477272727,1574479697.9444118
0.0260458096590909,1574479698.3164902
0.028056196732954553,1574479698.6885133
0.026862571022727266,1574479699.0724585
0.026645063920454543,1574479699.4444585
0.02625621448863635,1574479699.8164577
0.0263591974431818,1574479700.1888669
0.026410688920454558,1574479700.5727196
0.0253866299715909,1574479700.9445336
0.024544566761363646,1574479701.3166082
0.0263916015625,1574479701.6890047
0.02792347301136363,1574479702.072712
0.03161354758522729,1574479702.4445386
0.025144708806818183,1574479702.8165414
0.02877885298295453,1574479703.188528
0.02864524147727273,1574479703.5725644
0.023254616477272717,1574479703.9446063
0.02573419744318182,1574479704.316794
0.025451438210227266,1574479704.6885674
0.024664417613636355,1574479705.0725682
0.026445312500000005,1574479705.444727
0.027754794034090903,1574479705.816905
0.025431463068181802,1574479706.1886232
0.025096768465909084,1574479706.5726156
0.02589621803977273,1574479706.9449587
0.02701260653409091,1574479707.3169317
0.026600230823863633,1574479707.6886668
0.025015092329545463,1574479708.0726173
0.02511319247159089,1574479708.4448054
0.02733797940340909,1574479708.8168275
0.026216264204545443,1574479709.1888146
0.025438121448863635,1574479709.5727243
0.024611150568181812,1574479709.9446847
0.026206054687499994,1574479710.3169165
0.02817560369318181,1574479710.6887693
0.024862837357954554,1574479711.0728614
0.025480291193181813,1574479711.4447222
0.02668545809659091,1574479711.8167214
0.027363281249999996,1574479712.1888673
0.026407137784090894,1574479712.572766
0.025553977272727273,1574479712.9447312
0.02641335227272728,1574479713.3168912
0.024119762073863644,1574479713.6888812
0.02542480468749997,1574479714.0728118
0.02599920099431817,1574479714.4447958
0.0251287286931818,1574479714.8168037
0.026602006392045456,1574479715.1888463
0.025776367187499993,1574479715.5728273
0.02574396306818181,1574479715.944812
0.02550159801136365,1574479716.316851
0.02443403764204545,1574479716.6889548
0.02508877840909091,1574479717.0730553
0.028126331676136353,1574479717.4449167
0.025893554687499987,1574479717.816916
0.025209960937499987,1574479718.1890712
0.027270063920454543,1574479718.5729856
0.026519442471590892,1574479718.9451015
0.025601917613636366,1574479719.3170502
0.02628950639204544,1574479719.6890006
0.024951171875,1574479720.0728695
0.027141779119318175,1574479720.4450626
0.026003196022727278,1574479720.8169913
0.024766956676136362,1574479721.18893
0.02507590553977271,1574479721.5729115
0.02584694602272728,1574479721.9451227
0.02785955255681819,1574479722.3171165
0.024993341619318155,1574479722.688977
0.02577459161931819,1574479723.0729709
0.026515003551136358,1574479723.4450693
0.02555708451704543,1574479723.8171148
0.025783025568181794,1574479724.1890361
0.025144264914772733,1574479724.572998
0.025466974431818175,1574479724.9450498
0.026965110085227288,1574479725.3174167
0.02688210227272727,1574479725.6892538
0.0245947265625,1574479726.0732453
0.024826438210227283,1574479726.4450603
0.025011097301136365,1574479726.817248
0.02715465198863634,1574479727.1891067
0.024670188210227276,1574479727.5732355
0.025601473721590884,1574479727.9450803
0.026516779119318188,1574479728.317285
0.025470525568181815,1574479728.6891508
0.025812766335227284,1574479729.0732012
0.029179243607954517,1574479729.4451206
0.02543323863636365,1574479729.8171372
0.026537642045454564,1574479730.189196
0.027006835937500005,1574479730.5731552
0.025236594460227253,1574479730.9451602
0.02524058948863636,1574479731.3171816
0.026164772727272745,1574479731.6893678
0.02430353338068183,1574479732.0732558
0.02570756392045455,1574479732.445205
0.02583939985795455,1574479732.8172145
0.02734996448863636,1574479733.1892786
0.033882723721590895,1574479733.573411
0.027937233664772708,1574479733.9452837
0.02698375355113637,1574479734.3172698
0.028101473721590917,1574479734.689278
0.027638938210227285,1574479735.0732386
0.027141779119318185,1574479735.4453533
0.02690163352272728,1574479735.8173816
0.025274325284090897,1574479736.1893077
0.02426003196022728,1574479736.5733116
0.025834073153409083,1574479736.9455252
0.028179598721590905,1574479737.317379
0.024938742897727274,1574479737.6893475
0.025079012784090887,1574479738.073352
0.026752041903409077,1574479738.4454188
0.026217595880681798,1574479738.8175929
0.02577503551136363,1574479739.1894333
0.026121715198863624,1574479739.5733795
0.0245849609375,1574479739.9454348
0.027850230823863627,1574479740.317761
0.02719238281249999,1574479740.689444
0.025636985085227267,1574479741.0733807
0.024482865767045447,1574479741.4454014
0.026181640624999995,1574479741.817533
0.02761008522727273,1574479742.1894505
0.02495427911931818,1574479742.573519
0.02510120738636364,1574479742.9454412
0.026889204545454556,1574479743.3174558
0.02642489346590908,1574479743.6894917
0.025794122869318183,1574479744.0734932
0.025684481534090895,1574479744.4454439
0.0261075106534091,1574479744.8175573
0.027718394886363615,1574479745.1895554
0.026506125710227278,1574479745.5736241
0.02514692826704545,1574479745.9455435
0.024838423295454565,1574479746.3175297
0.02553311434659092,1574479746.6895442
0.02475941051136364,1574479747.073526
0.024820223721590894,1574479747.4455228
0.02580610795454546,1574479747.8176222
0.02541370738636364,1574479748.1896694
0.02581365411931818,1574479748.5736759
0.02809659090909091,1574479748.9455707
0.024557883522727274,1574479749.3176422
0.025905095880681822,1574479749.6896527
0.026814186789772734,1574479750.0736232
0.02777832031249999,1574479750.4457817
0.026250443892045457,1574479750.8176277
0.025580166903409085,1574479751.18965
0.026048029119318174,1574479751.5735977
0.026677468039772716,1574479751.945678
0.02593439275568184,1574479752.317778
0.024540127840909087,1574479752.689664
0.02553577769886365,1574479753.0736458
0.02644486860795453,1574479753.4457972
0.025821644176136364,1574479753.8179133
0.02496803977272729,1574479754.1897383
0.02517089843750001,1574479754.5736797
0.027693980823863637,1574479754.9458945
0.02606178977272727,1574479755.3178742
0.025144708806818176,1574479755.6897407
0.025116743607954562,1574479756.073733
0.02686878551136363,1574479756.4457378
0.02709383877840909,1574479756.818075
0.024341708096590916,1574479757.1897666
0.02529252485795455,1574479757.5737655
0.02587668678977272,1574479757.9458752
0.02756392045454543,1574479758.3179216
0.02522238991477272,1574479758.6898208
0.025771040482954543,1574479759.0737789
0.026397372159090892,1574479759.445831
0.027699307528409087,1574479759.81787
0.027630060369318175,1574479760.1898756
0.02612482244318182,1574479760.5739043
0.02653941761363637,1574479760.9459014
0.028270596590909088,1574479761.3179035
0.026172762784090916,1574479761.6900995
0.02527343749999999,1574479762.0739968
0.02453213778409092,1574479762.4458756
0.02701882102272727,1574479762.8178954
0.025581942471590926,1574479763.190023
0.029727006392045455,1574479763.5739882
0.02878107244318182,1574479763.9459336
0.026476384943181813,1574479764.317887
0.02952148437500002,1574479764.6899085
0.030676047585227302,1574479765.0738857
0.025831853693181805,1574479765.4459248
0.02595969460227272,1574479765.8179293
0.0263370028409091,1574479766.1899288
0.026462180397727277,1574479766.5739346
0.026895862926136375,1574479766.9459364
0.025811434659090925,1574479767.317945
0.024861949573863625,1574479767.689974
0.026641068892045438,1574479768.073938
0.02801491477272729,1574479768.4459643
0.025106090198863618,1574479768.8179865
0.026104403409090905,1574479769.190004
0.02760520241477273,1574479769.5739818
0.023331853693181817,1574479769.9460242
0.026437766335227268,1574479770.3180258
0.02581986860795454,1574479770.6900473
0.02571111505681817,1574479771.0740132
0.026455078124999996,1574479771.4460516
0.02711958451704546,1574479771.8180692
0.026607776988636377,1574479772.19009
0.02514692826704547,1574479772.5740666
0.025414151278409097,1574479772.946062
0.026677911931818173,1574479773.3181026
0.026079545454545446,1574479773.6901283
0.025299183238636367,1574479774.074098
0.024873490767045453,1574479774.4461045
0.027315784801136347,1574479774.8181322
0.028035333806818184,1574479775.1901186
0.024905450994318186,1574479775.5741005
0.025434570312499984,1574479775.946136
0.026541193181818176,1574479776.318181
0.026524325284090898,1574479776.6901634
0.026143909801136376,1574479777.0741487
0.025747070312499985,1574479777.4461823
0.026060458096590914,1574479777.8181698
0.027337535511363635,1574479778.1902013
0.026223810369318194,1574479778.5741746
0.02578746448863636,1574479778.9461837
0.02539373224431817,1574479779.318203
0.026571377840909082,1574479779.6902432
0.025650301846590923,1574479780.0741947
0.02549627130681818,1574479780.4462233
0.024864169034090892,1574479780.8182547
0.02593306107954543,1574479781.1902807
0.027259854403409094,1574479781.57423
0.026242009943181797,1574479781.946261
0.02542258522727273,1574479782.3183706
0.02454767400568181,1574479782.6903615
0.027265625000000005,1574479783.0743194
0.02676269531249999,1574479783.446327
0.0249041193181818,1574479783.818333
0.025423029119318194,1574479784.190325
0.025796786221590897,1574479784.574311
0.02444735440340909,1574479784.946343
0.02637695312499998,1574479785.3183463
0.025500266335227263,1574479785.6903644
0.0253662109375,1574479786.0743258
0.02597478693181818,1574479786.4463787
0.02900701349431819,1574479786.8183975
0.024609818892045467,1574479787.1904151
0.02524547230113636,1574479787.574364
0.025963689630681817,1574479787.9463978
0.02747203480113637,1574479788.3184097
0.025328480113636333,1574479788.6904213
0.025323597301136373,1574479789.0744088
0.026438210227272704,1574479789.4464352
0.026818625710227265,1574479789.8184462
0.026314364346590915,1574479790.190462
0.028747780539772748,1574479790.5744452
0.024391867897727283,1574479790.9464536
0.027138227982954545,1574479791.3184857
0.027693536931818176,1574479791.6905067
0.025011097301136355,1574479792.0744622
0.02535289417613638,1574479792.4464884
0.02664595170454546,1574479792.8185267
0.023577769886363644,1574479793.1905332
0.02576704545454544,1574479793.5744965
0.025308504971590904,1574479793.9465296
0.02571732954545455,1574479794.3185248
0.02965731534090908,1574479794.6905615
0.03014204545454545,1574479795.0745397
0.025616122159090902,1574479795.446563
0.029905894886363634,1574479795.8185582
0.027916370738636377,1574479796.1905951
0.026000976562499983,1574479796.5745773
0.027058771306818177,1574479796.9465845
0.025959250710227255,1574479797.3186047
0.025238813920454555,1574479797.6906455
0.025200195312499996,1574479798.0745854
0.02584650213068182,1574479798.4466424
0.02581498579545456,1574479798.8186526
0.025582830255681813,1574479799.1906507
0.024413618607954546,1574479799.5746324
0.028115234374999982,1574479799.9466603
0.028164950284090898,1574479800.3186994
0.02493741122159091,1574479800.6906867
0.024796253551136363,1574479801.0746837
0.025904208096590917,1574479801.4466906
0.02765580610795455,1574479801.818718
0.02561479048295455,1574479802.190736
0.024002574573863632,1574479802.5747063
0.02417302911931818,1574479802.9467106
0.027453835227272728,1574479803.3187459
0.026425337357954555,1574479803.6907847
0.024601828835227293,1574479804.0748239
0.024781605113636345,1574479804.4468348
0.02817205255681817,1574479804.8188345
0.02574751420454547,1574479805.1908326
0.02567249644886363,1574479805.574799
0.02528142755681819,1574479805.9468296
0.025826083096590895,1574479806.318859
0.02821022727272727,1574479806.6908855
0.025943714488636364,1574479807.074835
0.024892134232954555,1574479807.4468715
0.02429465553977273,1574479807.8188674
0.026574928977272698,1574479808.1908927
0.027424538352272727,1574479808.5748405
0.024742098721590916,1574479808.9468684
0.02548251065340907,1574479809.3188963
0.027415216619318186,1574479809.6909258
0.02674094460227271,1574479810.0748944
0.026176313920454528,1574479810.4469266
0.025642311789772745,1574479810.8189263
0.026302379261363636,1574479811.1909325
0.02484685724431817,1574479811.574938
0.025845170454545437,1574479811.946971
0.025684037642045434,1574479812.3189569
0.024393643465909057,1574479812.6909912
0.027163085937500008,1574479813.0749404
0.026055575284090915,1574479813.4470026
0.02621582031249999,1574479813.818988
0.025436345880681825,1574479814.1910484
0.025087446732954537,1574479814.5750103
0.027358842329545458,1574479814.9470258
0.02697798295454545,1574479815.3190398
0.024160156249999988,1574479815.6910713
0.025186878551136358,1574479816.075025
0.0265771484375,1574479816.447059
0.024699485085227256,1574479816.819059
0.02583673650568181,1574479817.1910675
0.026060458096590904,1574479817.5750597
0.024993785511363643,1574479817.9470546
0.026194513494318186,1574479818.3191192
0.02577104048295455,1574479818.6911278
0.02469593394886365,1574479819.075095
0.024829545454545455,1574479819.4471352
0.027191495028409104,1574479819.8191285
0.02521306818181817,1574479820.191162
0.025196644176136356,1574479820.5751476
0.024857954545454544,1574479820.947139
0.027352627840909093,1574479821.3191717
0.02533469460227272,1574479821.691168
0.025842507102272726,1574479822.075118
0.02528142755681819,1574479822.4471602
0.025026633522727288,1574479822.8191981
0.027171075994318186,1574479823.1912127
0.02594105113636362,1574479823.5751972
0.024704367897727276,1574479823.9472265
0.025711115056818182,1574479824.3192592
0.027092507102272716,1574479824.6912327
0.027948330965909086,1574479825.0752184
0.025658291903409083,1574479825.4472456
0.02566139914772728,1574479825.819262
0.025377752130681785,1574479826.1913545
0.027211026278409083,1574479826.5753186
0.03280983664772727,1574479826.9473028
0.025312056107954544,1574479827.3193026
0.030834073153409084,1574479827.6913168
0.02839311079545454,1574479828.0752957
0.026771573153409087,1574479828.4472995
0.02609330610795454,1574479828.8193347
0.025462979403409084,1574479829.1913674
0.02442604758522729,1574479829.5753126
0.027764115767045454,1574479829.9473302
0.027064541903409078,1574479830.31937
0.02527610085227272,1574479830.691368
0.024876154119318178,1574479831.075351
0.025737304687500014,1574479831.4474425
0.028026899857954563,1574479831.8193846
0.026698774857954535,1574479832.191421
0.024866388494318197,1574479832.5753841
0.026168323863636364,1574479832.9473953
0.02898925781249999,1574479833.3194442
0.025895330255681824,1574479833.6914575
0.02526722301136364,1574479834.0754366
0.02552645596590906,1574479834.4474328
0.029125976562499968,1574479834.819476
0.026201171875000005,1574479835.1915207
0.02545676491477273,1574479835.575476
0.02458318536931818,1574479835.94749
0.027614524147727266,1574479836.3195026
0.027027698863636367,1574479836.6915097
0.024777166193181814,1574479837.0754728
0.025416814630681798,1574479837.4475048
0.0269122869318182,1574479837.8195426
0.026852805397727282,1574479838.1915195
0.026285511363636375,1574479838.5755212
0.025170010653409087,1574479838.9475439
0.025442116477272715,1574479839.3195562
0.027017489346590918,1574479839.6915746
0.026419566761363648,1574479840.0755622
0.02566006747159091,1574479840.447552
0.024074485085227255,1574479840.8196113
0.025924183238636368,1574479841.1916249
0.027372602982954523,1574479841.5755756
0.02564675071022726,1574479841.947601
0.02522904829545456,1574479842.3196054
0.025587713068181812,1574479842.691618
0.0267178622159091,1574479843.0756073
0.02573730468750002,1574479843.4476357
0.02512251420454544,1574479843.8196616
0.02441938920454545,1574479844.1916745
0.027661132812500006,1574479844.5756528
0.027313565340909073,1574479844.94765
0.02469992897727272,1574479845.3196833
0.025243252840909072,1574479845.6917136
0.02663529829545455,1574479846.0756977
0.02613547585227273,1574479846.4477055
0.0260498046875,1574479846.8197129
0.025256569602272735,1574479847.191741
0.025702681107954543,1574479847.5757105
0.02645951704545456,1574479847.9477353
0.0262167080965909,1574479848.3198166
0.024571200284090905,1574479848.6918077
0.02400213068181816,1574479849.0757666
0.026910067471590908,1574479849.4477704
0.02771173650568181,1574479849.8197913
0.02463423295454545,1574479850.1918073
0.02537952769886362,1574479850.5757954
0.026467507102272726,1574479850.9477887
0.027297141335227267,1574479851.3198106
0.02786044034090906,1574479851.6918294
0.02566006747159089,1574479852.0757813
0.025866921164772735,1574479852.4478195
0.02775568181818182,1574479852.8198524
0.026116832386363625,1574479853.1918766
0.025469637784090896,1574479853.575842
0.02459783380681817,1574479853.9478707
0.025932617187499996,1574479854.3199043
0.025918412642045446,1574479854.6918855
0.025961026278409086,1574479855.075871
0.026010298295454547,1574479855.447887
0.02747514204545454,1574479855.8199031
0.026671697443181822,1574479856.1919456
0.026127041903409087,1574479856.5759172
0.025549094460227285,1574479856.9479163
0.02673117897727272,1574479857.3199518
0.02522327769886366,1574479857.691965
0.02638805042613636,1574479858.0759478
0.03352405894886365,1574479858.4479473
0.025337357954545444,1574479858.820006
0.030098100142045458,1574479859.192015
0.025484286221590897,1574479859.5759678
0.025146484375000003,1574479859.9479892
0.02680353338068182,1574479860.3199918
0.028473455255681807,1574479860.6919985
0.024998668323863625,1574479861.0759695
0.026913618607954527,1574479861.448005
0.027028142755681817,1574479861.820007
0.024743874289772736,1574479862.1920333
0.025135387073863622,1574479862.5760143
0.02575905539772725,1574479862.948032
0.02719105113636363,1574479863.3200507
0.02638538707386362,1574479863.692088
0.02549538352272724,1574479864.0760584
0.026938032670454522,1574479864.4480536
0.02533158735795456,1574479864.820081
0.025874911221590895,1574479865.19211
0.025307173295454524,1574479865.5760634
0.02501642400568182,1574479865.9480934
0.026253107244318164,1574479866.3201265
0.026323242187500012,1574479866.69212
0.02513183593749999,1574479867.0761015
0.024713245738636352,1574479867.4481378
0.02613236860795453,1574479867.8201394
0.027487571022727253,1574479868.1921644
0.024840642755681822,1574479868.5761456
0.025393288352272718,1574479868.9481518
0.026619318181818178,1574479869.3201768
0.025337357954545475,1574479869.6922655
0.026499467329545463,1574479870.0762303
0.025493607954545444,1574479870.4482253
0.025157581676136374,1574479870.8202364
0.025753284801136343,1574479871.192236
0.027605202414772715,1574479871.5762153
0.024525035511363622,1574479871.948227
0.025310724431818175,1574479872.3202446
0.02649724786931817,1574479872.6922824
0.025842063210227258,1574479873.0762303
0.025533558238636338,1574479873.448261
0.025487837357954533,1574479873.820266
0.02529252485795456,1574479874.1922853
0.025782581676136358,1574479874.5762787
0.02690696022727273,1574479874.9482636
0.02544877485795456,1574479875.3203042
0.024816228693181806,1574479875.692321
0.026035156249999965,1574479876.0762863
0.027235440340909065,1574479876.4483032
0.025864701704545443,1574479876.8203428
0.025071022727272727,1574479877.1923347
0.025422141335227265,1574479877.5763144
0.027206587357954528,1574479877.9483526
0.026232688210227277,1574479878.3203843
0.025113192471590894,1574479878.6923878
0.024923650568181823,1574479879.0763543
0.02729669744318182,1574479879.4483855
0.02746537642045453,1574479879.820389
0.025453213778409086,1574479880.1924279
0.024409179687499998,1574479880.5764048
0.024670188210227286,1574479880.9483995
0.0282120028409091,1574479881.3204298
0.025577059659090913,1574479881.6924582
0.025156249999999998,1574479882.076436
0.02871404474431817,1574479882.448441
0.02455255681818181,1574479882.8204708
0.0257803622159091,1574479883.192486
0.02571511008522725,1574479883.576445
0.025348899147727262,1574479883.9484677
0.025303622159090888,1574479884.320514
0.02673650568181816,1574479884.6925042
0.02629616477272728,1574479885.0764773
0.024851740056818186,1574479885.4485078
0.0258074396306818,1574479885.8205252
0.021624200994318173,1574479886.1925461
0.022079190340909088,1574479886.5765224
0.023379350142045455,1574479886.948528
0.0223291015625,1574479887.3205533
0.023793057528409108,1574479887.692584
0.02502974076704546,1574479888.0765479
0.025565074573863634,1574479888.4485683
0.024240944602272732,1574479888.8205981
0.02884676846590909,1574479889.1926167
0.028087713068181815,1574479889.5765684
0.019404740767045472,1574479889.9485998
0.014327947443181816,1574479890.320633
0.02134721235795453,1574479890.692633
0.017192826704545458,1574479891.0766106
0.018741566051136367,1574479891.4487133
0.026572265624999987,1574479891.8207219
0.02523615056818182,1574479892.1927278
0.022446289062500003,1574479892.5766711
0.024307528409090902,1574479892.9486763
0.022056551846590913,1574479893.3206747
0.020511363636363647,1574479893.6927142
0.023798828124999994,1574479894.0766652
0.026318803267045447,1574479894.4487174
0.028832563920454544,1574479894.820721
0.024018998579545457,1574479895.1927397
0.02608265269886365,1574479895.5766964
0.02689630681818184,1574479895.9487271
0.02503995028409089,1574479896.3207583
0.024574751420454552,1574479896.6927626
0.024904119318181827,1574479897.0767372
0.025656516335227274,1574479897.448769
0.02673961292613637,1574479897.8207786
0.02552778764204545,1574479898.192809
0.024641779119318186,1574479898.5767767
0.024255593039772712,1574479898.948778
0.026924715909090905,1574479899.3207989
0.026380504261363645,1574479899.6928325
0.02577947443181818,1574479900.0767937
0.02284845525568182,1574479900.4488232
0.025858043323863652,1574479900.8208675
0.02594549005681817,1574479901.1928737
0.02422407670454546,1574479901.5768268
0.023512073863636358,1574479901.948863
0.025052379261363632,1574479902.3208878
0.026281960227272725,1574479902.692888
0.025057262073863634,1574479903.0768595
0.02481001420454546,1574479903.4488995
0.02495383522727273,1574479903.820895
0.026485262784090923,1574479904.192924
0.026034268465909095,1574479904.5769064
0.02563876065340907,1574479904.9489133
0.02395951704545455,1574479905.320931
0.030070578835227287,1574479905.6929662
0.028894708806818176,1574479906.0769346
0.02611194957386363,1574479906.4489524
0.027584783380681842,1574479906.8209777
0.026513671875000012,1574479907.1929908
0.027021484374999984,1574479907.576959
0.038352716619318196,1574479907.948989
0.0422793856534091,1574479908.321014
0.03895862926136363,1574479908.6930118
0.03612349076704547,1574479909.0769916
0.0289510830965909,1574479909.4490259
0.03306374289772727,1574479909.8210316
0.03299094460227274,1574479910.193058
0.02585182883522727,1574479910.5770383
0.018648348721590893,1574479910.9490335
0.01902077414772727,1574479911.321066
0.01666681463068182,1574479911.6930978
0.018065962357954546,1574479912.0770655
0.018624822443181806,1574479912.4490771
0.017388139204545457,1574479912.8210945
0.017925692471590916,1574479913.1931922
0.018850319602272715,1574479913.5771508
0.018352716619318196,1574479913.9491596
0.01603826349431818,1574479914.321157
0.016313032670454548,1574479914.6931608
0.02016557173295456,1574479915.0771172
0.016253107244318173,1574479915.4491425
0.015166015625000008,1574479915.8211775
0.015243696732954547,1574479916.1931713
0.015033291903409091,1574479916.5771518
0.01736905184659092,1574479916.9491684
0.027899502840909095,1574479917.3211856
0.032326438210227265,1574479917.6932232
0.02528231534090908,1574479918.0771914
0.025359552556818186,1574479918.4491947
0.025949041193181834,1574479918.8212225
0.03438299005681818,1574479919.1932445
0.0319588955965909,1574479919.5772016
0.03662331321022723,1574479919.949237
0.031884765625000026,1574479920.3212616
0.02225807883522728,1574479920.693256
0.031603338068181816,1574479921.077243
0.031059126420454542,1574479921.4492655
0.029311967329545455,1574479921.8212745
0.026046697443181832,1574479922.193297
0.02048428622159091,1574479922.5772705
0.03308815696022726,1574479922.9493072
0.02700994318181819,1574479923.3213005
0.02189453125000001,1574479923.6933358
0.02551580255681819,1574479924.07733
0.0289959161931818,1574479924.449323
0.031518110795454544,1574479924.8213542
0.033965287642045455,1574479925.193372
0.032122691761363634,1574479925.5773325
0.03134543678977272,1574479925.949357
0.0316521661931818,1574479926.3214078
0.02665172230113636,1574479926.693383
0.026266867897727263,1574479927.0773678
0.026562499999999985,1574479927.449389
0.03384144176136365,1574479927.821399
0.03946688565340909,1574479928.193425
0.03225053267045456,1574479928.5774367
0.02892666903409089,1574479928.9494393
0.025774591619318176,1574479929.3214326
0.02952459161931819,1574479929.6934729
0.027731267755681813,1574479930.0774536
0.03442515980113636,1574479930.449474
0.03877352627840907,1574479930.8214774
0.024548561789772744,1574479931.1935318
0.023964399857954552,1574479931.5774903
0.02237837357954545,1574479931.949531
0.02196067116477273,1574479932.321544
0.02855513139204546,1574479932.693548
0.040319602272727295,1574479933.0775218
0.03962979403409091,1574479933.449551
0.039224076704545446,1574479933.8215597
0.026033824573863617,1574479934.1935668
0.028803267045454526,1574479934.5775669
0.026221147017045438,1574479934.9496672
0.02623224431818181,1574479935.321593
0.035677379261363655,1574479935.693645
0.0301531427556818,1574479936.0776324
0.028825017755681824,1574479936.4496336
0.028168501420454545,1574479936.8216317
0.028503639914772724,1574479937.1936605
0.03478204900568181,1574479937.5776453
0.03203080610795454,1574479937.9496412
0.029903231534090902,1574479938.3216696
0.02882412997159092,1574479938.6936781
0.02725763494318183,1574479939.0776515
0.031612659801136346,1574479939.4496922
0.026964222301136365,1574479939.8216631
0.028451260653409065,1574479940.1937137
0.028226651278409096,1574479940.5776958
0.027430752840909095,1574479940.949733
0.027028586647727275,1574479941.3217232
0.02464266690340912,1574479941.6937585
0.027575905539772724,1574479942.0777385
0.027698419744318175,1574479942.4497306
0.0272536399147727,1574479942.821757
0.02862393465909091,1574479943.1937945
0.029922762784090916,1574479943.5777414
0.02749955610795453,1574479943.9497776
0.027513316761363624,1574479944.3217902
0.027263405539772724,1574479944.6938052
0.026400479403409075,1574479945.077779
0.02797851562499999,1574479945.4498081
0.02691006747159089,1574479945.8218153
0.026809303977272735,1574479946.1938386
