amperes,timestamp
0.02796653053977272,1574481248.2179258
0.027109818892045452,1574481248.6019044
0.025903320312500012,1574481248.9738941
0.027101384943181796,1574481249.3459287
0.043470348011363645,1574481249.7179458
0.03812855113636365,1574481250.1019065
0.033892489346590914,1574481250.4739304
0.036650390624999994,1574481250.8459697
0.04457031249999999,1574481251.217969
0.03588112571022728,1574481251.6019382
0.03277254971590907,1574481251.9739645
0.032017045454545465,1574481252.3459976
0.024384765625,1574481252.7179878
0.019111328125,1574481253.101973
0.021516335227272726,1574481253.4739995
0.022782315340909073,1574481253.8459947
0.02226473721590909,1574481254.2180152
0.02206853693181818,1574481254.6020193
0.022214577414772715,1574481254.9740036
0.0211474609375,1574481255.3460276
0.022500443892045446,1574481255.7180555
0.021594904119318182,1574481256.1020129
0.019341708096590905,1574481256.4740298
0.022021928267045462,1574481256.8460567
0.021856800426136355,1574481257.2180629
0.022336203835227268,1574481257.6020386
0.021261985085227298,1574481257.9740744
0.02162553267045456,1574481258.3461077
0.020342240767045446,1574481258.718095
0.02229048295454545,1574481259.102072
0.021884321732954563,1574481259.4741006
0.019761186079545464,1574481259.8460946
0.0192245205965909,1574481260.2181213
0.018521839488636362,1574481260.6021054
0.018540039062499993,1574481260.9741151
0.018661665482954528,1574481261.3461316
0.018666992187499995,1574481261.7181573
0.019085582386363625,1574481262.1022243
0.019125088778409093,1574481262.474214
0.019074485085227265,1574481262.8462093
0.01854758522727272,1574481263.2182236
0.0192413884943182,1574481263.602179
0.01805220170454547,1574481263.974172
0.019489080255681825,1574481264.3462067
0.018456143465909104,1574481264.7182298
0.018965287642045452,1574481265.102178
0.018100142045454556,1574481265.4742143
0.01958673650568182,1574481265.8462045
0.019194335937499998,1574481266.218233
0.019144176136363638,1574481266.602218
0.017088512073863648,1574481266.9742355
0.017765891335227296,1574481267.346243
0.018395774147727282,1574481267.7182655
0.017206143465909096,1574481268.1022422
0.017704634232954545,1574481268.4742484
0.0167959872159091,1574481268.8462665
0.0181884765625,1574481269.2182949
0.015108753551136365,1574481269.6022599
0.01750754616477273,1574481269.974341
0.01595703125000001,1574481270.3463023
0.0167658025568182,1574481270.7183037
0.01705877130681818,1574481271.1022735
0.015756835937499995,1574481271.4743032
0.020540216619318187,1574481271.846308
0.01546653053977273,1574481272.21834
0.014835316051136362,1574481272.6023273
0.014520152698863632,1574481272.9743187
0.016011186079545464,1574481273.3463376
0.014291548295454542,1574481273.7183695
0.014389204545454552,1574481274.1023452
0.014808682528409084,1574481274.4743457
0.014942294034090912,1574481274.8463733
0.01531693892045454,1574481275.218397
0.014817116477272733,1574481275.6023479
0.014364790482954548,1574481275.9743805
0.014309747869318178,1574481276.3464127
0.014594726562500012,1574481276.7184007
0.014291992187500005,1574481277.1023936
0.01455122514204545,1574481277.47441
0.014495738636363636,1574481277.846415
0.014728338068181815,1574481278.2184384
0.015704456676136364,1574481278.6024082
0.014514825994318182,1574481278.9744534
0.015104758522727278,1574481279.3464556
0.01501198508522728,1574481279.7184772
0.01471990411931818,1574481280.1024783
0.013751775568181825,1574481280.474453
0.01470170454545455,1574481280.8464744
0.014662198153409085,1574481281.2185085
0.014669744318181823,1574481281.6024504
0.015097656249999989,1574481281.974482
0.014443359374999994,1574481282.3465128
0.014754971590909088,1574481282.7185102
0.014640003551136364,1574481283.102485
0.011857688210227275,1574481283.4745283
0.015148703835227276,1574481283.8465114
0.01531028053977273,1574481284.2186153
0.015688476562500005,1574481284.6025722
0.01515935724431817,1574481284.9745743
0.014566317471590913,1574481285.3465781
0.015038618607954553,1574481285.7185707
0.014424715909090908,1574481286.1025507
0.014736328124999988,1574481286.4745789
0.01385919744318182,1574481286.8465838
0.014948064630681813,1574481287.2186189
0.015239701704545455,1574481287.6025574
0.016101296164772728,1574481287.9745889
0.01588156960227272,1574481288.3466132
0.015425692471590917,1574481288.7186155
0.015132279829545462,1574481289.1025987
0.015263227982954536,1574481289.4746268
0.01615323153409091,1574481289.8466544
0.015225053267045456,1574481290.2186463
0.015241033380681815,1574481290.6026273
0.015979669744318185,1574481290.9746602
0.015321377840909096,1574481291.3466496
0.012727272727272728,1574481291.718673
0.0158682528409091,1574481292.1026697
0.028036221590909075,1574481292.4746687
0.03177112926136364,1574481292.8466964
0.02541859019886361,1574481293.2187223
0.027112926136363628,1574481293.6026635
0.028398881392045463,1574481293.9746993
0.029999556107954545,1574481294.3467255
0.0352197265625,1574481294.7187147
0.03460715553977274,1574481295.1026993
0.03349964488636364,1574481295.4747236
0.03817160866477274,1574481295.8467257
0.031976207386363635,1574481296.2187426
0.02990456321022724,1574481296.6027284
0.0316779119318182,1574481296.9747515
0.026803977272727292,1574481297.346768
0.016886541193181812,1574481297.7187946
0.015089222301136369,1574481298.1027641
0.016168767755681823,1574481298.474766
0.02021928267045454,1574481298.8468053
0.015245472301136365,1574481299.218814
0.01550470525568182,1574481299.602769
0.01606312144886364,1574481299.974804
0.01894575639204544,1574481300.3468285
0.03321377840909092,1574481300.718833
0.03596368963068184,1574481301.1028087
0.03402876420454545,1574481301.4748297
0.03611239346590911,1574481301.8468654
0.040628995028409116,1574481302.2188616
0.035183327414772717,1574481302.6028342
0.036932262073863645,1574481302.9748611
0.031450639204545466,1574481303.346855
0.017276278409090903,1574481303.7188745
0.016859463778409092,1574481304.1028652
0.017455610795454542,1574481304.474862
0.017772549715909084,1574481304.8468888
0.017565696022727274,1574481305.2189143
0.015796786221590906,1574481305.6028888
0.016835049715909094,1574481305.9749672
0.014665305397727273,1574481306.346969
0.015225497159090906,1574481306.718965
0.015304509943181808,1574481307.1029282
0.015822531960227287,1574481307.4749267
0.015459428267045452,1574481307.8469467
0.015622336647727263,1574481308.2189736
0.016435546875,1574481308.602932
0.014996448863636366,1574481308.974962
0.015571732954545447,1574481309.346992
0.01523259943181818,1574481309.718979
0.01585671164772727,1574481310.1029696
0.015544211647727263,1574481310.4749916
0.015498046874999998,1574481310.8469899
0.015101651278409088,1574481311.2190323
0.015429243607954538,1574481311.603001
0.015533114346590911,1574481311.9750016
0.015681374289772725,1574481312.347029
0.01908780184659091,1574481312.7190468
0.022273615056818182,1574481313.1030147
0.023095259232954548,1574481313.4750352
0.022146661931818187,1574481313.8470528
0.021779563210227254,1574481314.2190583
0.02217729048295455,1574481314.6030354
0.023841885653409108,1574481314.975068
0.024853515625000013,1574481315.347144
0.024717684659090897,1574481315.7190945
0.024545010653409072,1574481316.103071
0.034493519176136356,1574481316.475106
0.0406658380681818,1574481316.8471024
0.03829634232954547,1574481317.2191184
0.02929998224431815,1574481317.6030998
0.024479314630681818,1574481317.9751065
0.026095525568181798,1574481318.3471231
0.024480646306818194,1574481318.7191558
0.026654829545454534,1574481319.103117
0.03140269886363636,1574481319.4751382
0.03963955965909094,1574481319.8471618
0.03857555042613638,1574481320.2191808
0.04169877485795455,1574481320.6031425
0.038180042613636354,1574481320.9751742
0.030657848011363648,1574481321.347202
0.03325461647727272,1574481321.7191927
0.03011585582386362,1574481322.1031857
0.02175071022727272,1574481322.4751928
0.015425692471590898,1574481322.8471959
0.016629527698863642,1574481323.2192235
0.017692205255681815,1574481323.6032054
0.029295543323863627,1574481323.9752123
0.02996493252840909,1574481324.347246
0.025868252840909097,1574481324.719265
0.02490944602272727,1574481325.1032228
0.02508655894886363,1574481325.4752338
0.03081187855113638,1574481325.8472757
0.02551136363636362,1574481326.2192879
0.025977450284090903,1574481326.6032782
0.024185014204545465,1574481326.9752896
0.025233043323863634,1574481327.3473253
0.027988281249999993,1574481327.719404
0.02774636008522727,1574481328.1033483
0.026277521306818152,1574481328.4753554
0.024553000710227268,1574481328.8473663
0.02616787997159091,1574481329.2193267
0.027261186079545464,1574481329.6033268
0.02549360795454543,1574481329.975348
0.024842862215909083,1574481330.3473716
0.027326438210227254,1574481330.7194235
0.026619762073863625,1574481331.103341
0.025824751420454557,1574481331.4753683
0.025061257102272746,1574481331.8474138
0.024620472301136353,1574481332.219448
0.02758034446022729,1574481332.6033752
0.02588955965909088,1574481332.9754062
0.025413263494318182,1574481333.3473969
0.025542879971590906,1574481333.719432
0.02554953835227273,1574481334.103422
0.026847922585227287,1574481334.4754653
0.02496448863636363,1574481334.8474336
0.024462890624999987,1574481335.2194963
0.02660245028409092,1574481335.6034527
0.025899325284090925,1574481335.9754703
0.02506613991477272,1574481336.3474815
0.02398304332386362,1574481336.7195077
0.024716352982954545,1574481337.103437
0.02755282315340909,1574481337.4754858
0.02571732954545454,1574481337.847483
0.025288529829545454,1574481338.2194824
0.02514293323863636,1574481338.603457
0.02576127485795453,1574481338.9755647
0.027421875,1574481339.3475316
0.025169566761363626,1574481339.7195365
0.024423384232954523,1574481340.1035295
0.026212713068181813,1574481340.4755473
0.026294833096590912,1574481340.847542
0.02560901988636362,1574481341.2195795
0.024408735795454554,1574481341.6035516
0.02505859374999999,1574481341.9755497
0.028075284090909074,1574481342.3475556
0.025371093749999997,1574481342.7195961
0.02524769176136363,1574481343.103559
0.026919833096590913,1574481343.4755876
0.028265713778409113,1574481343.8475978
0.02503018465909091,1574481344.219609
0.024536132812499993,1574481344.6035957
0.02472301136363638,1574481344.9756126
0.02545587713068182,1574481345.3476374
0.024909446022727266,1574481345.7196183
0.025374644886363623,1574481346.1036055
0.02524591619318181,1574481346.475649
0.0238662997159091,1574481346.84765
0.027312233664772728,1574481347.2196803
0.026520330255681825,1574481347.6036437
0.024070933948863654,1574481347.9756358
0.02489435369318181,1574481348.3476765
0.028282137784090902,1574481348.7197056
0.023732244318181817,1574481349.103762
0.026027610085227266,1574481349.475754
0.024926313920454555,1574481349.8477528
0.02466486150568183,1574481350.2197623
0.027037908380681822,1574481350.6037126
0.02575106534090908,1574481350.9757152
0.024916992187499997,1574481351.3477266
0.02365012428977271,1574481351.719737
0.02721191406250002,1574481352.1037152
0.026035600142045458,1574481352.4757588
0.024546786221590896,1574481352.8477492
0.024542791193181836,1574481353.2197702
0.027609641335227263,1574481353.6037471
0.031406693892045465,1574481353.9757385
0.031022283380681814,1574481354.3479996
0.025144264914772736,1574481354.719814
0.026450639204545455,1574481355.1037607
0.03250577059659091,1574481355.4757786
0.02786576704545455,1574481355.847802
0.023189364346590895,1574481356.2198172
0.025483842329545477,1574481356.6038013
0.02531649502840911,1574481356.975815
0.028453480113636354,1574481357.3478446
0.030586381392045447,1574481357.7198503
0.02335937500000001,1574481358.1038313
0.026039151278409077,1574481358.4758632
0.026480823863636375,1574481358.84785
0.024805131392045463,1574481359.2198753
0.02694202769886363,1574481359.6038651
0.024686168323863632,1574481359.975871
0.025541992187499998,1574481360.347884
0.024805131392045467,1574481360.7199044
0.026160333806818196,1574481361.1038694
0.03231045809659092,1574481361.475898
0.028148970170454556,1574481361.8479154
0.025155362215909086,1574481362.219932
0.027643821022727284,1574481362.6038966
0.02619895241477273,1574481362.9759145
0.02613547585227272,1574481363.3479462
0.0301962002840909,1574481363.7199588
0.026942915482954546,1574481364.1039355
0.02578080610795453,1574481364.4759536
0.025122958096590892,1574481364.8479645
0.02669566761363638,1574481365.219982
0.02534978693181818,1574481365.6039593
0.025223721590909094,1574481365.9759946
0.02511363636363637,1574481366.347979
0.02430530894886365,1574481366.7200203
0.02466619318181819,1574481367.1039987
0.026645063920454532,1574481367.476
0.025687144886363648,1574481367.8480241
0.0247305575284091,1574481368.2200558
0.024682173295454544,1574481368.604
0.025476740056818194,1574481368.976035
0.025852716619318192,1574481369.3480196
0.024848188920454543,1574481369.7200518
0.024101118607954556,1574481370.1040323
0.024580078125000005,1574481370.4760573
0.028239080255681812,1574481370.8480663
0.025422141335227286,1574481371.220167
0.024863725142045438,1574481371.604117
0.02394886363636364,1574481371.9761248
0.025770596590909092,1574481372.3481252
0.025825639204545444,1574481372.7201195
0.024157936789772724,1574481373.104108
0.025387073863636377,1574481373.4761317
0.025822531960227255,1574481373.8481188
0.02516379616477272,1574481374.2201574
0.024222745028409074,1574481374.6040998
0.024792258522727272,1574481374.976128
0.025619229403409098,1574481375.3481672
0.025125621448863635,1574481375.7201598
0.024605379971590898,1574481376.1041412
0.024462446732954553,1574481376.476162
0.025621448863636345,1574481376.8481684
0.02550470525568183,1574481377.2201986
0.025548650568181813,1574481377.6041675
0.025043945312500013,1574481377.9761996
0.02420365767045456,1574481378.3481746
0.027258078835227267,1574481378.7202227
0.024748757102272728,1574481379.104204
0.024197443181818195,1574481379.4762197
0.024701704545454537,1574481379.8482158
0.026052024147727292,1574481380.2202458
0.02529518821022727,1574481380.6041965
0.024021661931818164,1574481380.9762313
0.024924094460227284,1574481381.3482633
0.02504216974431818,1574481381.7202618
0.025575284090909093,1574481382.1042395
0.023583984375,1574481382.4762714
0.025108753551136353,1574481382.8482783
0.026737393465909105,1574481383.220295
0.026022727272727253,1574481383.6042778
0.024675514914772736,1574481383.9762776
0.02481711647727274,1574481384.3482978
0.026174538352272722,1574481384.7203255
0.026142578124999996,1574481385.104304
0.031797762784090904,1574481385.476309
0.02858709161931819,1574481385.8483353
0.025321377840909085,1574481386.220365
0.026887428977272722,1574481386.6043139
0.027519975142045447,1574481386.9763188
0.024466885653409085,1574481387.3483686
0.026734730113636373,1574481387.7203646
0.02531915838068181,1574481388.104351
0.02654252485795451,1574481388.4763842
0.026483043323863618,1574481388.8483744
0.024667080965909086,1574481389.2203743
0.024804243607954548,1574481389.6043804
0.025581942471590898,1574481389.9764078
0.02582563920454545,1574481390.3484015
0.02440873579545456,1574481390.720433
0.02457830255681819,1574481391.10441
0.025572620738636344,1574481391.476405
0.024788263494318195,1574481391.8484395
0.02418634588068182,1574481392.2204607
0.024840198863636344,1574481392.6044133
0.026297496448863655,1574481392.9765177
0.02516956676136362,1574481393.3485098
0.026218483664772738,1574481393.7205074
0.024747869318181813,1574481394.104454
0.0246337890625,1574481394.4764755
0.026503462357954557,1574481394.8485017
0.025033291903409093,1574481395.220508
0.024680397727272728,1574481395.6044593
0.024708806818181814,1574481395.9765148
0.026996182528409112,1574481396.3485124
0.024980024857954548,1574481396.720527
0.02438964843750001,1574481397.1045132
0.0243692294034091,1574481397.476524
0.026330788352272722,1574481397.8485358
0.02548073508522725,1574481398.2205672
0.0243035333806818,1574481398.604525
0.024944957386363636,1574481398.9765327
0.025564186789772732,1574481399.348581
0.025648526278409106,1574481399.7205968
0.024613813920454544,1574481400.104552
0.02610973011363635,1574481400.4765863
0.02588334517045453,1574481400.8485947
0.024920543323863634,1574481401.220604
0.02443492542613635,1574481401.6045854
0.025162020596590937,1574481401.9765887
0.025236150568181837,1574481402.3486125
0.025448330965909077,1574481402.720629
0.02486772017045454,1574481403.1046102
0.025068803267045463,1574481403.4766066
0.025201083096590887,1574481403.8486755
0.025769264914772712,1574481404.2206686
0.025199751420454566,1574481404.604684
0.024609818892045467,1574481404.9766574
0.024554332386363648,1574481405.3486712
0.027538618607954545,1574481405.720695
0.025735085227272744,1574481406.1046512
0.024227627840909094,1574481406.4766765
0.024544566761363643,1574481406.8487048
0.025841175426136346,1574481407.2206914
0.025303178267045458,1574481407.6046836
0.024179243607954547,1574481407.9767106
0.02479669744318181,1574481408.348723
0.024552556818181817,1574481408.7207444
0.024913441051136364,1574481409.104717
0.024920543323863634,1574481409.476742
0.02478604403409091,1574481409.8487377
0.02631392045454546,1574481410.220768
0.024506835937499995,1574481410.6047447
0.025846502130681813,1574481410.9767473
0.024879261363636357,1574481411.348776
0.025308504971590904,1574481411.7208004
0.024155273437499993,1574481412.1047304
0.025205522017045463,1574481412.47679
0.024742098721590902,1574481412.8488038
0.02387872869318181,1574481413.220812
0.02632901278409092,1574481413.6047826
0.025993430397727266,1574481413.976827
0.024803799715909097,1574481414.348802
0.02415793678977271,1574481414.7208407
0.02446999289772728,1574481415.1048787
0.02717995383522727,1574481415.4768753
0.025793235085227264,1574481415.8488445
0.02858132102272728,1574481416.2208824
0.02846546519886364,1574481416.6048646
0.02840687144886362,1574481416.9768622
0.028685635653409085,1574481417.3488784
0.02577281605113636,1574481417.7209008
0.025181551846590905,1574481418.104867
0.02503728693181817,1574481418.476863
0.026538085937499987,1574481418.8488915
0.024772283380681836,1574481419.220899
0.024647549715909083,1574481419.6048932
0.025860262784090912,1574481419.976913
0.02773126775568181,1574481420.3489218
0.02561523437500001,1574481420.7209373
0.02492054332386364,1574481421.104931
0.02523881392045454,1574481421.4769566
0.02574129971590908,1574481421.8489444
0.025171786221590924,1574481422.220978
0.024727006392045454,1574481422.6049526
0.02462446732954545,1574481422.9769466
0.025700905539772733,1574481423.3489792
0.026459073153409094,1574481423.7210085
0.02502175071022729,1574481424.1049707
0.02467418323863635,1574481424.4769952
0.023866743607954544,1574481424.8490257
0.026685901988636376,1574481425.221017
0.02468749999999999,1574481425.605006
0.02449351917613637,1574481425.977026
0.02524946732954547,1574481426.3490522
0.025946377840909092,1574481426.721052
0.02562056107954545,1574481427.105028
0.023732244318181803,1574481427.477028
0.025492276278409092,1574481427.849032
0.0276913174715909,1574481428.2210896
0.02644708806818181,1574481428.605073
0.025351562500000008,1574481428.9770744
0.023961292613636363,1574481429.3490937
0.026784889914772732,1574481429.7211158
0.025919300426136355,1574481430.1050706
0.026016512784090916,1574481430.4770954
0.02499733664772728,1574481430.8491142
0.025216175426136352,1574481431.2211204
0.025693359374999985,1574481431.6050992
0.025858487215909075,1574481431.9771268
0.024722567471590903,1574481432.349136
0.02443137428977272,1574481432.7211552
0.02576882102272728,1574481433.1051285
0.026856356534090922,1574481433.4771388
0.025392844460227264,1574481433.8491545
0.024794921874999987,1574481434.2211866
0.024700816761363625,1574481434.6051698
0.02779252485795455,1574481434.9771664
0.026313476562499986,1574481435.3491986
0.024935191761363638,1574481435.7212112
0.02401899857954548,1574481436.1051826
0.0271320134943182,1574481436.4772801
0.02661754261363638,1574481436.8492754
0.024842862215909086,1574481437.2212756
0.02508433948863636,1574481437.6052384
0.025854492187500022,1574481437.9772346
0.028600408380681817,1574481438.3492556
0.025603693181818186,1574481438.721273
0.025420809659090916,1574481439.1052442
0.027471147017045453,1574481439.4772623
0.026744939630681815,1574481439.8492553
0.0253693181818182,1574481440.2212906
0.024970259232954536,1574481440.6052704
0.02485706676136363,1574481440.9772797
0.026103071732954536,1574481441.349293
0.026293501420454543,1574481441.7213247
0.024987571022727275,1574481442.1052842
0.024327059659090898,1574481442.4773076
0.025563299005681814,1574481442.8493516
0.028516068892045447,1574481443.221338
0.025487393465909086,1574481443.6053052
0.025483398437499992,1574481443.9773085
0.026844371448863633,1574481444.3493624
0.024108220880681815,1574481444.7213695
0.02554066051136366,1574481445.1053457
0.024837091619318206,1574481445.4773679
0.024268465909090906,1574481445.8493383
0.026043146306818178,1574481446.2213953
0.02570667613636363,1574481446.6053782
0.03173872514204547,1574481446.9773803
0.025930397727272715,1574481447.3494022
0.028916459517045474,1574481447.721428
0.028534268465909087,1574481448.1053514
0.027649147727272717,1574481448.477407
0.025443004261363634,1574481448.8494287
0.02502397017045454,1574481449.2214093
0.026420898437499972,1574481449.605409
0.029991122159090916,1574481449.9774334
0.024794034090909075,1574481450.3494604
0.024741654829545476,1574481450.7214696
0.025909090909090916,1574481451.1054401
0.026431107954545445,1574481451.4774704
0.02590820312500002,1574481451.849453
0.02519753196022727,1574481452.2214878
0.024523703835227284,1574481452.6054943
0.026431995738636378,1574481452.9774764
0.02658558238636363,1574481453.3495011
0.025332031250000022,1574481453.7215028
0.02435901988636365,1574481454.1054683
0.025925958806818174,1574481454.4774978
0.028053977272727265,1574481454.8495042
0.025079456676136355,1574481455.2215025
0.025298739346590913,1574481455.6054845
0.026499911221590913,1574481455.9775085
0.026555841619318187,1574481456.3495295
0.02565207741477273,1574481456.7215364
0.024762073863636366,1574481457.105507
0.0243758877840909,1574481457.4775326
0.0247784978693182,1574481457.8495345
0.02541148792613635,1574481458.2216475
0.025659623579545456,1574481458.6056
0.025051047585227266,1574481458.977594
0.02672096946022726,1574481459.3495948
0.023177823153409098,1574481459.7216327
0.0256307705965909,1574481460.1055768
0.02541415127840908,1574481460.477583
0.024025656960227265,1574481460.8496048
0.02613148082386363,1574481461.2216392
0.027052556818181816,1574481461.60559
0.02544167258522728,1574481461.9776113
0.024870383522727257,1574481462.3496318
0.02503817471590908,1574481462.7216516
0.025838512073863642,1574481463.105613
0.025931285511363637,1574481463.4776468
0.025830522017045447,1574481463.8496356
0.02455921519886364,1574481464.2216673
0.02571022727272728,1574481464.6056607
0.0266082208806818,1574481464.9776814
0.02461203835227275,1574481465.3496737
0.024779385653409085,1574481465.7217152
0.026212269176136355,1574481466.105653
0.026650390624999992,1574481466.4776874
0.02518332741477273,1574481466.8497066
0.02495028409090907,1574481467.2217393
0.025411931818181813,1574481467.6056805
0.026931818181818175,1574481467.9777179
0.025912198153409092,1574481468.349735
0.02542480468749999,1574481468.7217467
0.024454012784090897,1574481469.105739
0.025203302556818172,1574481469.4777434
0.024633789062500012,1574481469.849746
0.02503462357954546,1574481470.22177
0.02395907315340906,1574481470.6057482
0.025220170454545443,1574481470.9778194
0.0258993252840909,1574481471.3497934
0.02612792968750001,1574481471.721814
0.024770951704545456,1574481472.1057918
0.02513405539772727,1574481472.4777799
0.025577947443181828,1574481472.8498044
0.027187499999999986,1574481473.22184
0.024589399857954553,1574481473.6057982
0.026283735795454538,1574481473.9778132
0.02606312144886364,1574481474.3502152
0.02627086292613637,1574481474.7218342
0.025254350142045447,1574481475.1058183
0.025257457386363646,1574481475.477852
0.02624023437499999,1574481475.8498518
0.025925958806818184,1574481476.2218828
0.026602450284090917,1574481476.605854
0.024845081676136367,1574481476.977862
0.023991921164772702,1574481477.349888
0.027091619318181815,1574481477.7219133
0.03415394176136366,1574481478.1058862
0.027048561789772732,1574481478.4778872
0.02658957741477273,1574481478.849914
0.02954989346590909,1574481479.221938
0.025840287642045462,1574481479.6059136
0.025358664772727267,1574481479.9779947
0.02611017400568182,1574481480.3499923
0.025209517045454558,1574481480.7219868
0.026613991477272732,1574481481.1059558
0.02673828125000001,1574481481.4779446
0.02581143465909089,1574481481.8499904
0.024932084517045462,1574481482.2220738
0.02559747869318181,1574481482.6059532
0.026414240056818177,1574481482.9779897
0.02588467684659092,1574481483.3499756
0.025714222301136354,1574481483.722018
0.024183238636363628,1574481484.1060107
0.027165749289772716,1574481484.4780138
0.027835582386363637,1574481484.8500202
0.024412286931818187,1574481485.222039
0.02526322798295454,1574481485.6060238
0.02788840553977273,1574481485.9780211
0.024124200994318182,1574481486.3500435
0.02589311079545453,1574481486.7220478
0.024833096590909074,1574481487.1060293
0.025081676136363633,1574481487.4780452
0.027025923295454543,1574481487.8500595
0.025874023437500004,1574481488.2220752
0.024952947443181807,1574481488.6060565
0.024884144176136366,1574481488.978084
0.02596635298295456,1574481489.3500886
0.0276677911931818,1574481489.7221203
0.024465110085227258,1574481490.1060963
0.02484241832386366,1574481490.4780893
0.025483842329545467,1574481490.8501258
0.025727982954545463,1574481491.2221515
0.02634943181818181,1574481491.606098
0.024801580255681795,1574481491.9781318
0.023535600142045452,1574481492.350152
0.026558948863636352,1574481492.7221537
0.027602982954545472,1574481493.10614
0.02412286931818183,1574481493.4781454
0.02551091974431818,1574481493.8501854
0.026248224431818176,1574481494.2221806
0.026549183238636382,1574481494.6061594
0.02536354758522725,1574481494.978188
0.024915660511363635,1574481495.350202
0.02595569957386364,1574481495.7222176
0.024646218039772745,1574481496.1061993
0.02553311434659092,1574481496.478218
0.02599387428977272,1574481496.8502305
0.024618696732954554,1574481497.222251
0.02626420454545454,1574481497.606238
0.02615589488636363,1574481497.978225
0.023767311789772743,1574481498.3502648
0.025661843039772713,1574481498.7222562
0.02664728338068182,1574481499.1062396
0.02335804332386364,1574481499.478264
0.025837624289772723,1574481499.8502553
0.024480646306818184,1574481500.2222762
0.02501598011363634,1574481500.6062715
0.02554554332386364,1574481500.9783237
0.027250088778409082,1574481501.3503556
0.024922762784090915,1574481501.7224033
0.02508433948863636,1574481502.1063917
0.02490456321022728,1574481502.4783957
0.026433327414772733,1574481502.8503635
0.025039950284090895,1574481503.2223825
0.024766512784090915,1574481503.6063747
0.0270427911931818,1574481503.9783754
0.025973011363636358,1574481504.350403
0.026590909090909092,1574481504.7223923
0.025002663352272716,1574481505.1063838
0.023849431818181794,1574481505.4784093
0.026000976562499997,1574481505.8504288
0.025241477272727273,1574481506.2224278
0.024859730113636375,1574481506.6064036
0.02464533025568181,1574481506.9784265
0.02515447443181817,1574481507.3504367
0.02760964133522726,1574481507.7225764
0.025288529829545464,1574481508.1064346
0.024888583096590904,1574481508.4784505
0.025352450284090906,1574481508.850492
0.02744140625,1574481509.2224867
0.03742587002840911,1574481509.606486
0.028393110795454538,1574481509.9784567
0.028056196732954557,1574481510.3505719
0.028309215198863643,1574481510.7225168
0.029185458096590917,1574481511.1065047
0.024936079545454532,1574481511.4784994
0.02486816406250002,1574481511.8505173
0.024317294034090907,1574481512.2225173
0.02492542613636362,1574481512.6064954
0.026022727272727298,1574481512.9785318
0.026446644176136357,1574481513.3505294
0.024575195312499985,1574481513.722634
0.024788707386363625,1574481514.1065438
0.025265447443181818,1574481514.4785898
0.02764825994318182,1574481514.8505344
0.02460759943181817,1574481515.2225578
0.024726562499999983,1574481515.6065364
0.026902077414772744,1574481515.9785428
0.025240145596590918,1574481516.3505652
0.02581809303977273,1574481516.7225888
0.025219282670454563,1574481517.1065397
0.02413396661931817,1574481517.4785664
0.025241921164772734,1574481517.8506005
0.024741210937500015,1574481518.2226
0.024443803267045455,1574481518.60663
0.025985884232954556,1574481518.9786
0.025239701704545446,1574481519.3506148
0.02542791193181818,1574481519.7226608
0.02549671519886363,1574481520.1066198
0.024937855113636363,1574481520.4786048
0.02377840909090908,1574481520.850634
0.025795898437499996,1574481521.2226584
0.026336558948863633,1574481521.6066258
0.025189541903409086,1574481521.9786398
0.024708362926136356,1574481522.35067
0.026003639914772718,1574481522.7227023
0.02480024857954547,1574481523.1066513
0.025459428267045458,1574481523.4787529
0.02524369673295454,1574481523.8507574
0.0244890802556818,1574481524.222749
0.02501020951704547,1574481524.6067076
0.025717773437500008,1574481524.9787066
0.024422940340909083,1574481525.3507423
0.02485218394886365,1574481525.7227337
0.02510520241477275,1574481526.106714
0.026423117897727257,1574481526.478722
0.024231622869318174,1574481526.8507462
0.02462801846590908,1574481527.2227669
0.023896484374999992,1574481527.6067479
0.02553977272727272,1574481527.9787588
0.026757812500000006,1574481528.3507645
0.024286665482954554,1574481528.7228231
0.025737304687500007,1574481529.1067555
0.02525834517045454,1574481529.4787924
0.026496360085227273,1574481529.850802
0.02547940340909092,1574481530.2228086
0.02486727627840908,1574481530.6067843
0.025829190340909105,1574481530.978807
0.02714976917613637,1574481531.3508122
0.02537109375,1574481531.7229338
0.024897904829545462,1574481532.1068246
0.024766068892045454,1574481532.4788156
0.028551136363636362,1574481532.8508368
0.025703568892045444,1574481533.2228708
0.024620028409090902,1574481533.6068592
0.025953924005681823,1574481533.978893
0.02548561789772727,1574481534.35088
0.024874378551136368,1574481534.7228944
0.024442471590909082,1574481535.1068625
0.025149147727272735,1574481535.478888
0.025579279119318173,1574481535.850906
0.024277787642045457,1574481536.2229111
0.02504660866477274,1574481536.6068804
0.025445667613636366,1574481536.9789197
0.024021218039772724,1574481537.3509476
0.025889559659090913,1574481537.7229455
0.025392400568181824,1574481538.1069386
0.025480735085227264,1574481538.4789515
0.02527388139204546,1574481538.850954
0.0242325106534091,1574481539.2229724
0.026277965198863634,1574481539.6069512
0.02589799360795457,1574481539.9789472
0.027034357244318182,1574481540.3509736
0.025461647727272718,1574481540.72301
0.03202459161931819,1574481541.106966
0.026544744318181834,1574481541.4789824
0.03005149147727273,1574481541.8510036
0.028050426136363646,1574481542.2230167
0.02558904474431819,1574481542.6069915
0.026260209517045458,1574481542.979015
0.02547540838068179,1574481543.3510404
0.025686257102272736,1574481543.723041
0.025807439630681817,1574481544.107024
0.024722123579545462,1574481544.4790635
0.025591264204545452,1574481544.8510787
0.027143110795454537,1574481545.2231581
0.025117631392045463,1574481545.6071088
0.025099875710227284,1574481545.9791126
0.026363636363636377,1574481546.3511086
0.025541104403409093,1574481546.7231135
0.025900213068181813,1574481547.1071057
0.02478870738636361,1574481547.4790878
0.025051491477272748,1574481547.851111
0.02598810369318181,1574481548.2231314
0.025729758522727273,1574481548.607102
0.025265447443181807,1574481548.9791207
0.02411754261363636,1574481549.351147
0.026399147727272736,1574481549.723145
0.023889382102272722,1574481550.107134
0.0250088778409091,1574481550.4791548
0.02503950639204545,1574481550.8511515
0.02487571022727272,1574481551.223177
0.027658469460227285,1574481551.607165
0.0273934659090909,1574481551.97917
0.024662642045454545,1574481552.3511853
0.025200639204545443,1574481552.7232044
0.027122247869318168,1574481553.107199
0.025773259943181834,1574481553.4791887
0.025500266335227277,1574481553.8512154
0.025539328835227266,1574481554.223227
0.024720791903409103,1574481554.6072013
0.026563831676136372,1574481554.979226
0.025474520596590902,1574481555.3512418
0.025015980113636375,1574481555.723254
0.02411487926136363,1574481556.1072328
0.02676225142045455,1574481556.4792528
0.025117187499999995,1574481556.8512728
0.024613370028409087,1574481557.223281
0.025168678977272745,1574481557.607268
0.024888583096590904,1574481557.9792535
0.028876065340909092,1574481558.3512852
0.02503417968750001,1574481558.7233148
0.025981445312500007,1574481559.1073177
0.024665305397727263,1574481559.479288
0.02720259232954545,1574481559.851343
0.026056019176136383,1574481560.2233157
0.02448153409090908,1574481560.607309
0.02501775568181817,1574481560.979326
0.026084428267045455,1574481561.3513556
0.026725852272727283,1574481561.723361
0.02538441051136364,1574481562.107334
0.025331143465909093,1574481562.4793575
0.027056995738636385,1574481562.8513615
0.02488325639204546,1574481563.2233808
0.025373757102272708,1574481563.6073606
0.025730646306818178,1574481563.979372
0.02539018110795456,1574481564.35162
0.02593261718749999,1574481564.723431
0.025452325994318167,1574481565.1073859
0.025024414062499983,1574481565.479419
0.024394531249999987,1574481565.8514404
0.026934481534090927,1574481566.2234373
0.025783469460227255,1574481566.6074238
0.024450017755681813,1574481566.9794989
0.025866033380681823,1574481567.3515234
0.025440340909090895,1574481567.7235107
0.024956054687500014,1574481568.1074648
0.025045276988636372,1574481568.479481
0.024949396306818195,1574481568.8514938
0.0264697265625,1574481569.2235088
0.02588068181818181,1574481569.607472
0.02469149502840911,1574481569.979496
0.02447709517045455,1574481570.3515208
0.02371493252840908,1574481570.7235172
0.026495916193181823,1574481571.1074963
0.03361416903409091,1574481571.4795196
0.030265891335227287,1574481571.8515234
0.0315926846590909,1574481572.2235498
0.02832075639204546,1574481572.6075072
0.025332031249999987,1574481572.9795382
0.025822975852272747,1574481573.351565
0.02589266690340909,1574481573.723588
0.0255388849431818,1574481574.1075277
0.02633744673295453,1574481574.479573
0.024233398437500008,1574481574.8515854
0.025755948153409074,1574481575.2235885
0.026301047585227274,1574481575.6075664
0.02445090553977271,1574481575.9795961
0.0261083984375,1574481576.3515937
0.026359641335227255,1574481576.723619
0.02441139914772729,1574481577.1075966
0.025404829545454546,1574481577.479609
0.02640580610795453,1574481577.8516257
0.0291170987215909,1574481578.223658
0.02511363636363637,1574481578.6076064
0.026321022727272738,1574481578.9796302
0.02737748579545454,1574481579.3516662
0.02737659801136362,1574481579.7236607
0.02554776278409092,1574481580.1076496
0.02477317116477273,1574481580.4796734
0.026198952414772717,1574481580.8516846
0.02651988636363638,1574481581.2236915
0.025802112926136347,1574481581.6076727
0.024960937500000002,1574481581.9796946
0.02477894176136363,1574481582.3516994
0.026346324573863638,1574481582.7237265
0.026930486505681802,1574481583.1076977
0.024268465909090924,1574481583.4797096
0.02472123579545455,1574481583.851728
0.027365500710227284,1574481584.2237556
0.025876686789772726,1574481584.6077085
0.025444335937499996,1574481584.9797397
0.024937411221590912,1574481585.3517652
0.025023526278409085,1574481585.7237847
0.02627885298295454,1574481586.107739
0.026293501420454526,1574481586.4797745
0.024850852272727285,1574481586.8518274
0.02438432173295454,1574481587.2238257
0.026877219460227253,1574481587.6077976
0.027224343039772732,1574481587.9798312
0.02481090198863635,1574481588.3518279
0.02516557173295454,1574481588.7238548
0.027222123579545465,1574481589.107903
0.02500266335227273,1574481589.479904
0.025236594460227264,1574481589.851917
0.024849520596590898,1574481590.2239044
0.024984019886363642,1574481590.6078503
0.024216530539772733,1574481590.9798653
0.02572443181818181,1574481591.3518913
0.02555220170454546,1574481591.7239034
0.025117631392045453,1574481592.1078796
0.02544122869318184,1574481592.4798949
0.02800159801136361,1574481592.8519163
0.026999733664772745,1574481593.223928
0.024616477272727273,1574481593.6079237
0.024991122159090884,1574481593.9799209
0.025808771306818183,1574481594.35194
0.02791503906249999,1574481594.7239738
0.02432839133522727,1574481595.1079516
0.026133256392045452,1574481595.4799516
0.026100852272727283,1574481595.8519707
0.026624200994318177,1574481596.224
0.02588512073863637,1574481596.6079714
0.02518377130681815,1574481596.9799922
0.025506924715909103,1574481597.3520222
0.02763227982954546,1574481597.7240524
0.025541104403409075,1574481598.1080034
0.024643998579545467,1574481598.4800334
0.023837446732954546,1574481598.8520582
0.02717595880681817,1574481599.224061
0.025514026988636352,1574481599.6080306
0.023762872869318167,1574481599.9800296
0.02638893821022727,1574481600.3520591
0.02712713068181817,1574481600.7240944
0.025906871448863635,1574481601.108087
0.024937411221590898,1574481601.4800806
0.02536310369318182,1574481601.852094
0.026691228693181822,1574481602.2241297
0.025785688920454533,1574481602.608126
0.034200106534090925,1574481602.9801269
0.025950816761363623,1574481603.3521442
0.025874467329545455,1574481603.7241478
0.02978693181818182,1574481604.1081316
0.02705965909090907,1574481604.4801638
0.025582386363636352,1574481604.8521879
0.025759499289772742,1574481605.2241702
0.02524991122159091,1574481605.608161
0.024684836647727266,1574481605.9801888
0.0256183416193182,1574481606.3521798
0.025401722301136367,1574481606.7242124
0.02493607954545455,1574481607.108199
0.025299183238636367,1574481607.4802117
0.026573597301136367,1574481607.85223
0.02552334872159091,1574481608.224259
0.02553577769886363,1574481608.6082287
0.024383433948863623,1574481608.980248
0.02568048650568181,1574481609.3522632
0.025893110795454536,1574481609.7242694
0.024704811789772737,1574481610.108219
0.02460626775568181,1574481610.480336
0.0262167080965909,1574481610.8523388
0.0258025568181818,1574481611.2243373
0.02599165482954545,1574481611.6082885
0.025235262784090908,1574481611.980286
0.024260475852272707,1574481612.352317
0.027357954545454526,1574481612.724325
0.025708451704545467,1574481613.1083121
0.02489834872159091,1574481613.4803367
0.025059481534090895,1574481613.8523421
0.025661843039772734,1574481614.2243657
0.02537642045454545,1574481614.608326
0.024512606534090906,1574481614.9803545
0.024992009943181816,1574481615.3523679
0.026071555397727268,1574481615.724396
0.026899414062500012,1574481616.108358
0.02568536931818182,1574481616.48039
0.024929865056818185,1574481616.8524094
0.02427867542613636,1574481617.2244053
0.027828036221590902,1574481617.6084006
0.025971679687499975,1574481617.9804146
0.024850408380681838,1574481618.3524141
0.025100763494318192,1574481618.724452
0.02744007457386364,1574481619.1084285
0.026071555397727257,1574481619.4804516
0.025045720880681823,1574481619.8524637
0.02503639914772725,1574481620.2244792
0.025827858664772718,1574481620.6084733
0.027126686789772713,1574481620.9804678
0.025046164772727274,1574481621.3524995
0.02501775568181817,1574481621.7245255
0.026263316761363634,1574481622.1085422
0.026982865767045446,1574481622.4805062
0.025500710227272714,1574481622.852535
0.024925870028409083,1574481623.2245421
0.025432350852272745,1574481623.6085274
0.026202059659090917,1574481623.9805555
0.02582386363636364,1574481624.3525763
0.025575727982954523,1574481624.724564
0.024565429687499994,1574481625.1085663
0.027699307528409076,1574481625.4805553
0.025921075994318168,1574481625.852594
0.02498757102272724,1574481626.2246008
0.024052290482954545,1574481626.6085858
0.026419122869318187,1574481626.9805906
0.027825816761363625,1574481627.352622
0.02500355113636365,1574481627.7246373
0.02493874289772728,1574481628.108632
0.025795010653409115,1574481628.4806678
0.026866122159090903,1574481628.852657
0.026107510653409095,1574481629.2246768
0.0249822443181818,1574481629.608669
0.026064009232954554,1574481629.9806862
0.026227805397727275,1574481630.3527138
0.025201970880681813,1574481630.7247224
0.024949840198863635,1574481631.108691
0.024817116477272708,1574481631.4807355
0.02731312144886365,1574481631.85273
0.025720436789772726,1574481632.224855
0.02522283380681816,1574481632.6087596
0.024398526278409084,1574481632.9807885
0.026778231534090913,1574481633.3527753
0.02617054332386364,1574481633.7247992
0.030423916903409082,1574481634.1087768
0.030530894886363652,1574481634.4807806
0.02638183593749999,1574481634.8527925
0.029750976562500007,1574481635.224824
0.028333185369318194,1574481635.608806
0.02694380326704545,1574481635.9808166
0.025416814630681826,1574481636.3528495
0.02876287286931818,1574481636.724837
0.028492542613636377,1574481637.1088119
0.02402476917613637,1574481637.4808571
0.02579279119318181,1574481637.8528628
0.026255326704545442,1574481638.2248926
0.02419211647727272,1574481638.608858
0.02582830255681818,1574481638.9808536
0.0264306640625,1574481639.3528862
0.024367009943181802,1574481639.7249105
0.025625887784090907,1574481640.1089046
0.027040127840909103,1574481640.4808936
0.02426979758522727,1574481640.8529062
0.024667080965909086,1574481641.2249305
0.02620117187499999,1574481641.608917
0.026300603693181813,1574481641.980903
0.02500532670454547,1574481642.3529677
0.02498268821022728,1574481642.724966
0.02621537642045453,1574481643.108949
0.026226917613636356,1574481643.4809825
0.02563831676136363,1574481643.852973
0.025728426846590904,1574481644.225013
0.02411088423295455,1574481644.608968
0.025535777698863615,1574481644.9809802
0.02781028053977274,1574481645.3529866
0.024551669034090916,1574481645.7250462
0.025087446732954547,1574481646.1090078
0.027890181107954545,1574481646.4810307
0.027495117187499998,1574481646.8530474
0.025842950994318173,1574481647.2250705
0.025020419034090916,1574481647.6090326
0.024840198863636358,1574481647.981077
0.030411044034090905,1574481648.3530931
0.025154474431818195,1574481648.725084
0.028256835937499978,1574481649.1090672
0.026765802556818184,1574481649.4810839
0.026452414772727254,1574481649.8531046
0.03412819602272725,1574481650.2251382
0.04108620383522728,1574481650.609113
0.04086115056818182,1574481650.9811392
0.035328924005681786,1574481651.3531277
0.029533469460227252,1574481651.7251694
0.02770596590909092,1574481652.10915
0.03491965553977276,1574481652.481146
0.03574263139204544,1574481652.8531635
0.025536221590909094,1574481653.225201
0.018309659090909085,1574481653.6091626
0.018195134943181823,1574481653.9812565
0.017135120738636354,1574481654.3532631
0.017757013494318175,1574481654.7252688
0.029264470880681816,1574481655.109212
0.02995205965909088,1574481655.4812076
0.034923206676136354,1574481655.853251
0.02284978693181818,1574481656.225286
0.026278409090909075,1574481656.6092193
0.02578879616477274,1574481656.9812505
0.03441184303977273,1574481657.3532727
0.03174050071022728,1574481657.7252965
0.03996138139204545,1574481658.1092877
0.0334317294034091,1574481658.4812875
0.027459161931818177,1574481658.853294
0.03261718750000002,1574481659.2253087
0.036274857954545464,1574481659.6093106
0.026987304687500005,1574481659.9813159
0.02787286931818182,1574481660.353318
0.03785555752840912,1574481660.7253118
0.030069247159090918,1574481661.109303
0.026630859374999993,1574481661.481323
0.026201171875,1574481661.853357
0.030529119318181797,1574481662.2253776
0.03272993607954545,1574481662.6093364
0.03259721235795455,1574481662.9813716
0.0310213955965909,1574481663.3533814
0.036416903409090914,1574481663.7253878
0.03377219460227272,1574481664.109381
0.030870916193181826,1574481664.4813967
0.026847478693181808,1574481664.8534029
0.02687633167613636,1574481665.22542
0.0231658380681818,1574481665.6094108
0.019687056107954546,1574481665.9814072
0.01815829190340909,1574481666.3534317
0.016772904829545462,1574481666.7254612
0.01605246803977273,1574481667.1094284
0.02400213068181818,1574481667.4814363
0.03869096235795457,1574481667.8534782
0.0307958984375,1574481668.2254996
0.025193536931818188,1574481668.6094592
0.025981445312499983,1574481668.981488
0.031491477272727275,1574481669.3535054
0.025620117187499996,1574481669.7255094
0.030727982954545464,1574481670.109498
0.03692915482954542,1574481670.4815168
0.027617187500000015,1574481670.8535297
0.025176225142045434,1574481671.2255692
0.02485884232954546,1574481671.6095252
0.02457563920454545,1574481671.9815414
0.02838734019886364,1574481672.3535528
0.03860884232954546,1574481672.725585
0.04125621448863636,1574481673.109563
0.042117365056818186,1574481673.4815688
0.035000887784090905,1574481673.8535907
0.02697931463068181,1574481674.225625
0.026700106534090908,1574481674.6095886
0.025673828124999992,1574481674.9816
0.022865323153409094,1574481675.3536184
0.01784845525568181,1574481675.72571
0.017794744318181812,1574481676.109666
0.02215065696022728,1574481676.4816704
0.03747025923295454,1574481676.8536615
0.02779252485795457,1574481677.225667
0.028382013494318178,1574481677.6096535
0.027779651988636377,1574481677.9816494
0.02966441761363636,1574481678.3536763
0.03838068181818183,1574481678.725718
0.02773259943181818,1574481679.1096919
0.030449218749999993,1574481679.4816885
0.027150656960227306,1574481679.8537204
0.027789861505681825,1574481680.2257404
0.02987748579545454,1574481680.609706
0.027724609374999983,1574481680.981734
0.02694025213068182,1574481681.3537648
0.026855912642045465,1574481681.7257533
0.030556640625000003,1574481682.1097367
0.026202503551136357,1574481682.4817646
0.02869850852272727,1574481682.8537621
0.027775213068181825,1574481683.225792
0.027247869318181815,1574481683.609775
0.029244051846590915,1574481683.9818017
0.028003373579545455,1574481684.3538096
0.02734863281249999,1574481684.7258203
0.027366832386363636,1574481685.1098018
0.028132546164772735,1574481685.481816
0.028370028409090902,1574481685.8538373
0.027637606534090916,1574481686.225863
0.027302468039772727,1574481686.609821
0.026329012784090895,1574481686.9818535
