amperes,timestamp
0.08067072088068185,1575344426.6060863
0.08509632457386365,1575344426.9780853
0.07102627840909098,1575344427.350083
0.08535067471590907,1575344427.7220798
0.10063742897727278,1575344428.1060348
0.07843217329545454,1575344428.4780755
0.08396084872159089,1575344428.8500705
0.09073064630681814,1575344429.2220986
0.0954194779829545,1575344429.6060681
0.08988858309659092,1575344429.9780762
0.08435946377840907,1575344430.3500962
0.06348943536931816,1575344430.7221167
0.0821519886363636,1575344431.1060781
0.08132501775568186,1575344431.4780974
0.0823686079545454,1575344431.8501291
0.0941823508522727,1575344432.2221313
0.07763494318181814,1575344432.6061084
0.05562189275568185,1575344432.9781282
0.048706498579545496,1575344433.3501556
0.05176802201704548,1575344433.7221553
0.05694779829545457,1575344434.1061351
0.05057350852272731,1575344434.4781744
0.05560901988636368,1575344434.8501658
0.06171164772727272,1575344435.222195
0.06973677201704544,1575344435.6061687
0.05910289417613639,1575344435.978166
0.0593732244318182,1575344436.350177
0.06023659446022725,1575344436.7222192
0.060032404119318206,1575344437.1061969
0.06392578125000001,1575344437.4781954
0.06889870383522725,1575344437.8502276
0.06922895951704551,1575344438.222248
0.07865278764204545,1575344438.6062067
0.06998979048295453,1575344438.9782412
0.06252175071022725,1575344439.3502529
0.052594549005681814,1575344439.7222593
0.06630282315340907,1575344440.1062365
0.05898126775568179,1575344440.4782665
0.05845658735795454,1575344440.850269
0.059525479403409104,1575344441.222291
0.060836736505681804,1575344441.6062472
0.05887562144886366,1575344441.9782953
0.05926225142045456,1575344442.3502939
0.06792480468750006,1575344442.7223294
0.06313210227272727,1575344443.106311
0.06867853338068182,1575344443.4783127
0.08222079190340918,1575344443.8503351
0.07940518465909091,1575344444.2223656
0.07299627130681816,1575344444.6063168
0.08264648437500002,1575344444.9783313
0.08137961647727272,1575344445.35037
0.053511186079545504,1575344445.7223456
0.07598277698863641,1575344446.1063492
0.0605557528409091,1575344446.4783728
0.060601029829545454,1575344446.850376
0.051303710937500045,1575344447.2224002
0.05091574928977274,1575344447.6063795
0.057453391335227276,1575344447.9784758
0.05668412642045454,1575344448.3504817
0.05711381392045451,1575344448.7224784
0.056435546875000034,1575344449.1063998
0.05695578835227273,1575344449.4784274
0.05646395596590913,1575344449.8504372
0.05747691761363637,1575344450.222455
0.048835671164772755,1575344450.6064427
0.05605246803977272,1575344450.9784389
0.05654918323863638,1575344451.3504663
0.0563520951704546,1575344451.722494
0.052026811079545425,1575344452.1064377
0.056587801846590915,1575344452.478467
0.05642356178977276,1575344452.8504996
0.06098410866477272,1575344453.2224958
0.06375443892045454,1575344453.606476
0.06476207386363633,1575344453.978498
0.0659015447443182,1575344454.3504996
0.08382146661931818,1575344454.7225235
0.07466574928977278,1575344455.1065054
0.09185546874999993,1575344455.4785135
0.10922274502840915,1575344455.8505287
0.10874378551136364,1575344456.2225568
0.10114257812499998,1575344456.6065454
0.09625754616477275,1575344456.97854
0.10314142400568184,1575344457.3505661
0.09204101562499997,1575344457.7225883
0.07533291903409094,1575344458.1065404
0.07904119318181822,1575344458.478569
0.08083673650568178,1575344458.8505962
0.09658780184659091,1575344459.222598
0.09451083096590909,1575344459.6065793
0.09964000355113639,1575344459.9786024
0.10457341974431815,1575344460.3506057
0.11299760298295451,1575344460.7226317
0.11572354403409084,1575344461.1065938
0.09787686434659092,1575344461.4786034
0.11519087357954542,1575344461.850636
0.10551846590909084,1575344462.2226586
0.09943403764204546,1575344462.6066377
0.08007990056818186,1575344462.9786487
0.07901056463068182,1575344463.3506641
0.08141867897727274,1575344463.7226806
0.0819557883522727,1575344464.1066487
0.08801713423295453,1575344464.4786716
0.0923486328125,1575344464.850697
0.06202947443181821,1575344465.2226968
0.05222123579545457,1575344465.6066775
0.08828302556818182,1575344465.9786997
0.024816228693181827,1575344466.3507001
0.0789515269886364,1575344466.722726
0.13393732244318188,1575344467.106699
0.10653364701704539,1575344467.4787333
0.10587668678977273,1575344467.8507342
0.1201167436079545,1575344468.2227347
0.11119762073863639,1575344468.6067355
0.09295321377840907,1575344468.9787374
0.04290438565340907,1575344469.3507628
0.08460981889204537,1575344469.7228622
0.03192160866477266,1575344470.1068146
0.07969060724431824,1575344470.4788158
0.11228204900568182,1575344470.8508189
0.11746582031250001,1575344471.2228143
0.10043812144886367,1575344471.6067953
0.10882723721590902,1575344471.9788024
0.10626598011363633,1575344472.3508263
0.1079190340909091,1575344472.722825
0.10615145596590905,1575344473.1068065
0.10692871093750002,1575344473.4788325
0.11195978338068187,1575344473.8508255
0.0974804687500001,1575344474.2228642
0.10326837713068185,1575344474.606834
0.10140047940340909,1575344474.9788752
0.1070525568181818,1575344475.350859
0.10339666193181825,1575344475.7228816
0.09840287642045446,1575344476.1068418
0.09673961292613636,1575344476.4788673
0.10288041548295444,1575344476.8508935
0.10170143821022729,1575344477.222915
0.10948552911931811,1575344477.6068711
0.0989901455965909,1575344477.9789588
0.10114479758522722,1575344478.3509262
0.11791015625000004,1575344478.7229192
0.09791548295454545,1575344479.1069005
0.10168279474431816,1575344479.478913
0.10759277343749998,1575344479.8509564
0.09968350497159084,1575344480.2229507
0.11932084517045458,1575344480.6069348
0.11410378196022729,1575344480.9789314
0.10190740411931813,1575344481.3509595
0.10996182528409093,1575344481.7229795
0.10301624644886363,1575344482.1069603
0.1131831498579546,1575344482.4789586
0.10220392400568183,1575344482.8509862
0.10822709517045452,1575344483.2230182
0.10174183238636351,1575344483.606975
0.10941628196022724,1575344483.9789891
0.101259765625,1575344484.35102
0.10792968749999997,1575344484.723042
0.10342507102272731,1575344485.1069937
0.10591841264204539,1575344485.4790256
0.1081476384943182,1575344485.851059
0.1022478693181818,1575344486.2230492
0.11096102627840916,1575344486.607036
0.10281072443181818,1575344486.979053
0.11575550426136365,1575344487.3510573
0.09502530184659091,1575344487.7230844
0.10698464133522725,1575344488.10705
0.09981445312499998,1575344488.4790633
0.09898881392045454,1575344488.8510916
0.10164195667613636,1575344489.2231123
0.09920365767045448,1575344489.6070688
0.09646218039772728,1575344489.9790976
0.098077059659091,1575344490.351119
0.09977849786931825,1575344490.723143
0.09694868607954546,1575344491.1070983
0.10671209161931822,1575344491.4791927
0.09649902343749994,1575344491.8512008
0.10186789772727275,1575344492.2232015
0.0799245383522727,1575344492.607158
0.0844819779829545,1575344492.9791558
0.07870205965909088,1575344493.3511784
0.0737393465909091,1575344493.7231832
0.07563343394886361,1575344494.1071253
0.05960493607954545,1575344494.4791918
0.06244850852272725,1575344494.8511915
0.062440074573863594,1575344495.2232084
0.06205788352272727,1575344495.6071956
0.05998268821022725,1575344495.9791949
0.05862349076704544,1575344496.351218
0.0469802024147727,1575344496.7232409
0.061984641335227304,1575344497.1071973
0.049784268465909026,1575344497.4792204
0.060997425426136384,1575344497.8512497
0.060009765624999996,1575344498.2232533
0.056336558948863656,1575344498.6072233
0.05113902698863638,1575344498.9792528
0.06037952769886362,1575344499.3512557
0.06486949573863635,1575344499.7232776
0.07384765625000002,1575344500.1072607
0.07151278409090908,1575344500.479283
0.08317072088068182,1575344500.8512938
0.05997247869318181,1575344501.2233074
0.05944380326704544,1575344501.6072876
0.053185813210227285,1575344501.9792907
0.05699795809659091,1575344502.3513188
0.055943714488636345,1575344502.7233427
0.059463334517045476,1575344503.107297
0.06198109019886362,1575344503.4793217
0.0534903231534091,1575344503.8513467
0.05902343749999996,1575344504.2233458
0.051240234375000006,1575344504.6073294
0.05886008522727274,1575344504.979348
0.05620827414772722,1575344505.351375
0.07430087002840909,1575344505.7233722
0.08098055752840908,1575344506.1073606
0.06655406605113635,1575344506.4793856
0.07557794744318187,1575344506.8513706
0.0716162109375,1575344507.223412
0.07998180042613638,1575344507.6073925
0.06911443536931816,1575344507.979386
0.0855113636363636,1575344508.3514183
0.08725186434659096,1575344508.7234464
0.08161931818181822,1575344509.1074152
0.08234552556818184,1575344509.479416
0.08968128551136355,1575344509.8514476
0.0723956853693182,1575344510.2234697
0.07462579900568184,1575344510.607422
0.07805664062500003,1575344510.9794574
0.07143199573863637,1575344511.3514736
0.08132279829545451,1575344511.7234817
0.07173650568181822,1575344512.1074586
0.07588023792613638,1575344512.4794884
0.06585759943181814,1575344512.8514836
0.07964799360795452,1575344513.2235844
0.07226518110795456,1575344513.6075385
0.0808567116477273,1575344513.9795396
0.07184303977272721,1575344514.3515244
0.08014382102272732,1575344514.7235434
0.07537242542613645,1575344515.1075187
0.07387384588068176,1575344515.4795156
0.07803222656250007,1575344515.851541
0.0736754261363636,1575344516.2235658
0.06949351917613635,1575344516.6075277
0.06785333806818185,1575344516.9795487
0.07344859730113634,1575344517.3515742
0.06619406960227277,1575344517.7235732
0.0773348721590909,1575344518.1075535
0.07076349431818181,1575344518.4795794
0.07935236150568184,1575344518.8516047
0.06923606178977273,1575344519.2236054
0.07931285511363635,1575344519.6075878
0.07480779474431816,1575344519.9796104
0.07482466264204547,1575344520.3516119
0.0804616477272727,1575344520.7236419
0.0799742542613636,1575344521.1076171
0.06636141690340913,1575344521.4796126
0.07056596235795455,1575344521.8516405
0.07272949218750004,1575344522.2236729
0.0664004794034091,1575344522.6076229
0.07474653764204545,1575344522.9796486
0.06755814985795457,1575344523.351678
0.07917879971590909,1575344523.7236693
0.06915704900568181,1575344524.1076717
0.08248268821022726,1575344524.4796772
0.07122736150568179,1575344524.8517082
0.06812943892045456,1575344525.2237089
0.08069291548295457,1575344525.6076887
0.07366166548295461,1575344525.9797125
0.0740664950284091,1575344526.3517082
0.08295632102272728,1575344526.723737
0.0754097123579545,1575344527.107712
0.07178977272727274,1575344527.4797132
0.08196244673295457,1575344527.8517375
0.07584738991477273,1575344528.223776
0.08217906605113645,1575344528.60772
0.0705899325284091,1575344528.9797463
0.08098055752840906,1575344529.351772
0.0714737215909091,1575344529.7237968
0.07967329545454543,1575344530.1077528
0.07382590553977277,1575344530.4797835
0.07850097656250006,1575344530.8518147
0.07712713068181815,1575344531.2238045
0.0737366832386363,1575344531.6077812
0.08341930042613636,1575344531.9798083
0.08976828835227275,1575344532.3518121
0.0796932705965909,1575344532.7238402
0.07568980823863637,1575344533.107817
0.08436434659090904,1575344533.4798124
0.049118874289772754,1575344533.851846
0.062472922585227283,1575344534.2238636
0.05339311079545454,1575344534.6079192
0.060711115056818185,1575344534.9799342
0.05751997514204542,1575344535.351925
0.057981622869318204,1575344535.723919
0.060434570312499984,1575344536.107877
0.05140003551136365,1575344536.4798775
0.05300159801136366,1575344536.8519075
0.06173739346590914,1575344537.2239015
0.06180264559659094,1575344537.607883
0.06074307528409092,1575344537.9799125
0.05320223721590908,1575344538.3519394
0.07005326704545453,1575344538.7239323
0.08492276278409086,1575344539.1079073
0.05102006392045458,1575344539.4799457
0.06605468750000004,1575344539.8519313
0.056684126420454554,1575344540.223964
0.057076970880681845,1575344540.607945
0.04955122514204545,1575344540.9799614
0.05026899857954544,1575344541.3519714
0.05775568181818181,1575344541.723995
0.05197176846590904,1575344542.1079452
0.060680930397727297,1575344542.479981
0.0744264914772728,1575344542.8520138
0.0834827769886364,1575344543.2240024
0.07508212002840911,1575344543.6079843
0.08230069247159089,1575344543.980011
0.07794522372159096,1575344544.3520288
0.07670809659090905,1575344544.7240348
0.08161532315340908,1575344545.1080086
0.07496360085227269,1575344545.480035
0.0816903409090909,1575344545.852042
0.07424538352272732,1575344546.2240648
0.08977450284090913,1575344546.6080313
0.07651988636363638,1575344546.9800413
0.08153941761363634,1575344547.3520672
0.07722745028409093,1575344547.7240968
0.08283913352272725,1575344548.108075
0.07394575639204547,1575344548.480079
0.07909534801136364,1575344548.8521004
0.07718572443181822,1575344549.2241302
0.08149147727272728,1575344549.6080835
0.07862926136363638,1575344549.9801087
0.07607555042613642,1575344550.3521256
0.07770241477272725,1575344550.724131
0.07780894886363639,1575344551.1081145
0.08442915482954547,1575344551.4801345
0.07368874289772727,1575344551.8521373
0.08445445667613638,1575344552.2241693
0.07582208806818183,1575344552.6081386
0.08287730823863641,1575344552.980173
0.07442338423295451,1575344553.3521738
0.08505504261363636,1575344553.7241952
0.0757639382102273,1575344554.1081777
0.0835702237215909,1575344554.4801772
0.07781560724431814,1575344554.852205
0.07596724076704543,1575344555.2242231
0.08277388139204547,1575344555.6081781
0.07975408380681817,1575344555.9802043
0.08383567116477275,1575344556.3523052
0.07280983664772722,1575344556.7243118
0.08312322443181816,1575344557.1082506
0.07533957741477276,1575344557.4802608
0.07962446732954545,1575344557.8522646
0.07517711292613638,1575344558.2242603
0.08190784801136361,1575344558.6082375
0.07431640625000002,1575344558.9802706
0.0826154119318182,1575344559.3522651
0.07623623934659093,1575344559.7242916
0.07971324573863632,1575344560.1082752
0.07866743607954542,1575344560.48027
0.07707697088068181,1575344560.852305
0.08363680752840902,1575344561.2243207
0.075199307528409,1575344561.6082761
0.08102361505681817,1575344561.9803052
0.07533647017045447,1575344562.35233
0.08005814985795455,1575344562.7243772
0.07496182528409084,1575344563.1083071
0.0818181818181818,1575344563.4803424
0.07438742897727274,1575344563.8523612
0.08563476562499998,1575344564.2243786
0.07522549715909094,1575344564.60834
0.08206720525568181,1575344564.9803698
0.07651544744318185,1575344565.352369
0.07679731889204547,1575344565.7243938
0.0832479580965909,1575344566.1083736
0.06893821022727273,1575344566.4803717
0.08580344460227274,1575344566.8523984
0.07838822798295454,1575344567.224415
0.08173117897727271,1575344567.6083784
0.07515935724431817,1575344567.980404
0.0825173117897728,1575344568.3524277
0.07457830255681813,1575344568.7244537
0.08237571022727275,1575344569.1084006
0.07601340553977275,1575344569.4804385
0.08455655184659094,1575344569.852462
0.0765420809659091,1575344570.2244556
0.07971413352272726,1575344570.6084409
0.07767356178977278,1575344570.9804652
0.07262428977272728,1575344571.3524706
0.08489169034090908,1575344571.7244933
0.07062588778409089,1575344572.108481
0.07577015269886364,1575344572.480506
0.08018998579545454,1575344572.8524961
0.09749378551136358,1575344573.2245243
0.07939453124999996,1575344573.6085002
0.09324884588068176,1575344573.9805017
0.08513716264204543,1575344574.3524938
0.08138893821022722,1575344574.7245517
0.07660511363636364,1575344575.1085107
0.08157448508522722,1575344575.4805334
0.07861816406249995,1575344575.8525617
0.07666725852272724,1575344576.2245564
0.07962624289772731,1575344576.6085365
0.07708096590909091,1575344576.9805717
0.08265314275568185,1575344577.3525639
0.07581898082386365,1575344577.7245858
0.0845028409090909,1575344578.1086385
0.07027299360795457,1575344578.480638
0.09109774502840913,1575344578.8526437
0.08244318181818182,1575344579.2246468
0.08080566406250002,1575344579.6085978
0.0774112215909091,1575344579.980622
0.10241921164772731,1575344580.3526258
0.10693093039772726,1575344580.7246568
0.11014825994318184,1575344581.1086116
0.08752796519886374,1575344581.4806266
0.08828391335227276,1575344581.8526616
0.09085848721590907,1575344582.2246816
0.08162064985795453,1575344582.6086397
0.053642578125,1575344582.9806576
0.07815962357954541,1575344583.3526883
0.05326216264204548,1575344583.7246966
0.0555224609375,1575344584.1086595
0.05378151633522724,1575344584.4806962
0.050378196022727265,1575344584.852694
0.060154030539772745,1575344585.2247226
0.051795987215909105,1575344585.608698
0.052165749289772724,1575344585.980698
0.05540971235795456,1575344586.3527277
0.04774014559659088,1575344586.7247472
0.055824751420454496,1575344587.1087284
0.05701393821022731,1575344587.480732
0.0473450816761364,1575344587.852749
0.05679554332386368,1575344588.2247717
0.056810635653409096,1575344588.6087377
0.05711692116477273,1575344588.98076
0.05679021661931822,1575344589.35279
0.056381392045454524,1575344589.724788
0.06517711292613637,1575344590.1087716
0.058501420454545455,1575344590.4807978
0.057010387073863696,1575344590.8527958
0.05741876775568179,1575344591.2248247
0.05689852627840912,1575344591.608789
0.05663352272727273,1575344591.980825
0.056932705965909144,1575344592.352826
0.056870561079545474,1575344592.7248528
0.07059126420454545,1575344593.1088278
0.09211692116477267,1575344593.48083
0.07017267400568178,1575344593.8528543
0.06837846235795456,1575344594.2248776
0.07168545809659091,1575344594.6088367
0.0709836647727273,1575344594.980875
0.05328924005681817,1575344595.3528821
0.05767001065340907,1575344595.7248878
0.060832297585227284,1575344596.108861
0.06665216619318177,1575344596.4808881
0.07667347301136361,1575344596.8529134
0.07723588423295458,1575344597.2249157
0.09531072443181823,1575344597.608901
0.08426402698863636,1575344597.9809244
0.07392400568181817,1575344598.352923
0.08106445312500002,1575344598.7249436
0.06861505681818181,1575344599.108924
0.059490855823863584,1575344599.4809296
0.05949795809659091,1575344599.8530273
0.0590980113636364,1575344600.2250264
0.0670929509943182,1575344600.6089842
0.07196422230113639,1575344600.9809885
0.07076393821022725,1575344601.3529818
0.07449573863636365,1575344601.7250028
0.0867413884943182,1575344602.1089644
0.053091708096590924,1575344602.480993
0.06110129616477273,1575344602.853019
0.06359508167613634,1575344603.225016
0.0637224786931818,1575344603.6089892
0.05898215553977273,1575344603.9810264
0.05940118963068184,1575344604.3530283
0.05929554332386365,1575344604.7250454
0.05929687500000003,1575344605.1090295
0.05967862215909093,1575344605.4810307
0.0594713245738636,1575344605.8530564
0.05943448153409091,1575344606.225082
0.059516601562500014,1575344606.6090355
0.05926846590909094,1575344606.9810588
0.05946732954545454,1575344607.3530886
0.05973277698863635,1575344607.725106
0.05955477627840905,1575344608.1090677
0.062417436079545446,1575344608.4810908
0.07140491832386359,1575344608.853118
0.06973233309659087,1575344609.2251167
0.0659037642045455,1575344609.6090863
0.07574174360795453,1575344609.9811232
0.07941628196022729,1575344610.3531256
0.07985129616477277,1575344610.7251508
0.06455122514204545,1575344611.1091013
0.059332386363636344,1575344611.4811559
0.06718172940340907,1575344611.8531492
0.06291859019886367,1575344612.2251759
0.05940163352272734,1575344612.6091626
0.059476651278409065,1575344612.9811525
0.06008611505681819,1575344613.3531888
0.05877885298295454,1575344613.7252078
0.058857865767045464,1575344614.1091683
0.05997425426136363,1575344614.4811842
0.05929687500000003,1575344614.8532126
0.0694327059659091,1575344615.225219
0.07086159446022734,1575344615.6091843
0.07059126420454546,1575344615.981221
0.08892001065340908,1575344616.3532455
0.08389382102272729,1575344616.7252429
0.08252485795454545,1575344617.109222
0.05152299360795453,1575344617.4812562
0.05830788352272728,1575344617.8532565
0.07328702059659087,1575344618.2252767
0.04906250000000002,1575344618.6092525
0.0560515802556818,1575344618.981258
0.07144176136363631,1575344619.3532796
0.06319335937500005,1575344619.7253127
0.06832253196022729,1575344620.1092782
0.07770063920454541,1575344620.4812837
0.07708540482954555,1575344620.8533027
0.04862304687500001,1575344621.2254183
0.06516113281250001,1575344621.6093683
0.050671164772727255,1575344621.9813657
0.05717196377840906,1575344622.3533638
0.04761940696022726,1575344622.7253647
0.05629128196022729,1575344623.1093202
0.05897638494318178,1575344623.4813545
0.05849698153409091,1575344623.853348
0.05839000355113636,1575344624.225361
0.059649769176136354,1575344624.6093476
0.05883389559659091,1575344624.981361
0.05889959161931816,1575344625.3533864
0.0627796519886364,1575344625.7253978
0.06522993607954543,1575344626.109376
0.0584210759943182,1575344626.4813786
0.059351029829545474,1575344626.8534107
0.06439808238636366,1575344627.2254393
0.06290438565340906,1575344627.6093788
0.07003151633522725,1575344627.9814146
0.0920423473011363,1575344628.3534358
0.03652299360795461,1575344628.7254407
0.07464266690340905,1575344629.1094127
0.10700594815340914,1575344629.481435
0.0934139737215909,1575344629.8534615
0.10527876420454553,1575344630.225468
0.10439985795454547,1575344630.6094744
0.10470170454545454,1575344630.981466
0.11217373934659089,1575344631.353468
0.12150967684659089,1575344631.725512
0.12397283380681812,1575344632.1094706
0.1257444069602273,1575344632.481492
0.1032643821022727,1575344632.8534954
0.10482111150568185,1575344633.2255173
0.10424760298295453,1575344633.609465
0.10579190340909086,1575344633.9814937
0.10511052911931817,1575344634.3535218
0.10297895951704546,1575344634.72552
0.10390935724431807,1575344635.1094954
0.10157981178977268,1575344635.4815407
0.10294344815340907,1575344635.8535442
0.10312011718749999,1575344636.2255523
0.10258389559659083,1575344636.6095395
0.10314763849431821,1575344636.9815514
0.10432705965909092,1575344637.3535497
0.12020108309659094,1575344637.7255683
0.12173117897727265,1575344638.1095479
0.12706143465909092,1575344638.4815578
0.08847123579545452,1575344638.8535762
0.07786665482954541,1575344639.225597
0.0799800248579546,1575344639.6095538
0.08077015269886365,1575344639.9815784
0.08146573153409092,1575344640.353603
0.07554598721590909,1575344640.7256234
0.08021484374999999,1575344641.10958
0.0821657492897727,1575344641.4816017
0.07258256392045458,1575344641.853628
0.04310591264204555,1575344642.2256277
0.06283691406249997,1575344642.6096606
0.10440962357954543,1575344642.981711
0.11960537997159089,1575344643.3537083
0.12474431818181819,1575344643.7257016
0.11013982599431821,1575344644.1096623
0.11774946732954547,1575344644.4816637
