amperes,timestamp
0.02833229758522727,1574492154.5270562
0.027736594460227276,1574492154.89913
0.028399769176136368,1574492155.2830572
0.028056196732954543,1574492155.6551063
0.04708629261363641,1574492156.0271862
0.03766557173295457,1574492156.3993814
0.038609730113636366,1574492156.7830799
0.04148481889204545,1574492157.155099
0.037819602272727265,1574492157.5272193
0.042002840909090906,1574492157.8993087
0.04601207386363636,1574492158.283075
0.037945667613636366,1574492158.6551275
0.023558238636363648,1574492159.0272074
0.021099076704545455,1574492159.3991516
0.018135209517045458,1574492159.7830997
0.018507191051136383,1574492160.1551092
0.018691850142045455,1574492160.5271256
0.016813299005681816,1574492160.899159
0.019371892755681817,1574492161.2831447
0.023821466619318186,1574492161.6551673
0.01954545454545454,1574492162.0271852
0.02337757457386363,1574492162.3992085
0.022361505681818203,1574492162.7831614
0.019247159090909086,1574492163.1551747
0.019998668323863652,1574492163.5272143
0.01834916548295454,1574492163.899218
0.019553888494318182,1574492164.2832036
0.017838245738636366,1574492164.6551974
0.02000355113636366,1574492165.0272028
0.01845791903409091,1574492165.3992374
0.017700639204545468,1574492165.7832217
0.01780761718750001,1574492166.1552386
0.01754039417613637,1574492166.5272472
0.018040216619318174,1574492166.8992853
0.018375355113636367,1574492167.283304
0.017909712357954553,1574492167.65525
0.018685191761363643,1574492168.0272691
0.018819691051136355,1574492168.3992946
0.01887384588068182,1574492168.7832682
0.019009232954545454,1574492169.1552892
0.017373490767045457,1574492169.5273225
0.018900479403409096,1574492169.8993003
0.01672096946022727,1574492170.2833219
0.01715731534090908,1574492170.6553335
0.017298916903409095,1574492171.0273137
0.015248579545454546,1574492171.3993428
0.014256480823863635,1574492171.7833295
0.012573242187500005,1574492172.1553206
0.015285866477272736,1574492172.5273533
0.014969815340909094,1574492172.8993647
0.014471768465909092,1574492173.2833526
0.015124733664772742,1574492173.6553726
0.015238813920454545,1574492174.0273685
0.011165660511363631,1574492174.3994172
0.01585493607954545,1574492174.7834628
0.016383611505681822,1574492175.155428
0.014823330965909098,1574492175.527439
0.014753639914772729,1574492175.8994417
0.015088334517045452,1574492176.2834334
0.014915216619318182,1574492176.6555297
0.015045720880681814,1574492177.0276234
0.01492720170454545,1574492177.3995738
0.015056818181818187,1574492177.783488
0.014940962357954543,1574492178.1554906
0.03282004616477275,1574492178.5276504
0.02988014914772727,1574492178.8995538
0.02647860440340908,1574492179.2834685
0.02628284801136364,1574492179.6555114
0.027310458096590898,1574492180.0276997
0.03315252130681819,1574492180.3995373
0.032403675426136355,1574492180.7834928
0.02694646661931819,1574492181.1555076
0.027723721590909075,1574492181.527829
0.024539683948863623,1574492181.8995786
0.02489834872159093,1574492182.2835262
0.0324658203125,1574492182.6555502
0.04237881747159091,1574492183.0276423
0.03788618607954544,1574492183.3995829
0.026858575994318172,1574492183.7835686
0.02700417258522727,1574492184.1555474
0.02650568181818182,1574492184.5276496
0.027003728693181826,1574492184.8998168
0.027512428977272716,1574492185.2835782
0.016500799005681823,1574492185.6556003
0.021937144886363644,1574492186.027833
0.03875221946022727,1574492186.3996634
0.04097700639204543,1574492186.78373
0.0308038884943182,1574492187.1557586
0.027236772017045448,1574492187.5277698
0.027583895596590934,1574492187.8998182
0.026737393465909084,1574492188.2836058
0.034309303977272755,1574492188.655749
0.02908203124999998,1574492189.0278904
0.024605823863636363,1574492189.399748
0.025955699573863632,1574492189.78368
0.02641379616477272,1574492190.1556659
0.032434303977272726,1574492190.5277698
0.029420276988636366,1574492190.8997471
0.024829545454545462,1574492191.2836714
0.025272105823863644,1574492191.6558564
0.02521573153409091,1574492192.0278242
0.025760830965909094,1574492192.399779
0.03368563565340911,1574492192.783706
0.02566184303977273,1574492193.1558168
0.02879483309659092,1574492193.5278208
0.026235795454545463,1574492193.899794
0.031390713778409116,1574492194.2837412
0.03383833451704544,1574492194.6557674
0.02540216619318183,1574492195.027785
0.02563343394886361,1574492195.399805
0.024665749289772738,1574492195.7837954
0.0262353515625,1574492196.155803
0.03276278409090909,1574492196.527808
0.025308948863636355,1574492196.8998442
0.02550470525568181,1574492197.2838361
0.0255850497159091,1574492197.6558309
0.027155095880681834,1574492198.0278735
0.03606756036931815,1574492198.3998404
0.026676580255681818,1574492198.7839122
0.026001420454545465,1574492199.1559026
0.025364435369318192,1574492199.527903
0.025343572443181802,1574492199.8999028
0.032931906960227256,1574492200.2838728
0.02565917968750002,1574492200.6558793
0.02551846590909093,1574492201.0279152
0.025549982244318183,1574492201.3999226
0.025878018465909078,1574492201.7839174
0.033239968039772715,1574492202.155921
0.025040838068181807,1574492202.5279257
0.025624112215909083,1574492202.9000049
0.024963156960227263,1574492203.2839022
0.027350408380681826,1574492203.6559458
0.02727539062499999,1574492204.0279586
0.025701349431818187,1574492204.3999522
0.02565829190340909,1574492204.7839508
0.026246004971590905,1574492205.1559777
0.03246271306818181,1574492205.5279946
0.02681640625000001,1574492205.8999872
0.024237393465909095,1574492206.2839952
0.025839399857954554,1574492206.6560261
0.025798117897727273,1574492207.0279975
0.03195534446022727,1574492207.400028
0.03059836647727273,1574492207.784031
0.023113014914772734,1574492208.156017
0.02504261363636363,1574492208.5280201
0.0247647372159091,1574492208.9000497
0.027949662642045466,1574492209.284026
0.031834605823863625,1574492209.6560752
0.024913884943181818,1574492210.0280719
0.02609019886363636,1574492210.400109
0.02447798295454545,1574492210.7840512
0.02722700639204545,1574492211.156216
0.031860351562499986,1574492211.5282404
0.023615056818181813,1574492211.900114
0.025266779119318197,1574492212.2840889
0.024907670454545443,1574492212.6561315
0.027712624289772732,1574492213.0282097
0.031011186079545457,1574492213.4001448
0.0244402521306818,1574492213.784134
0.025248579545454543,1574492214.1561723
0.024931640625,1574492214.5283048
0.02729225852272728,1574492214.9001827
0.02904962713068183,1574492215.2841182
0.025330255681818188,1574492215.6561854
0.025248135653409085,1574492216.028339
0.024361683238636363,1574492216.400195
0.03057705965909092,1574492216.7841754
0.026113281249999995,1574492217.1562107
0.025464311079545464,1574492217.5283911
0.02535200639204546,1574492217.9002419
0.025518909801136355,1574492218.2842014
0.030070134943181826,1574492218.6562562
0.024961825284090893,1574492219.0284326
0.027605202414772715,1574492219.4002695
0.025275656960227284,1574492219.7842317
0.02917746803977274,1574492220.1562622
0.030510031960227276,1574492220.5283458
0.025720436789772715,1574492220.90034
0.02516246448863638,1574492221.284282
0.024897460937499994,1574492221.6564
0.02933993252840912,1574492222.0285015
0.026465731534090896,1574492222.4003234
0.024467773437499996,1574492222.784286
0.025379971590909087,1574492223.1563168
0.024820223721590904,1574492223.528404
0.03156871448863635,1574492223.9003463
0.027488902698863626,1574492224.2843068
0.025774147727272732,1574492224.65648
0.02681640624999999,1574492225.0285368
0.02552334872159092,1574492225.400383
0.03140625000000001,1574492225.7843387
0.025772816051136366,1574492226.1564095
0.02620783025568183,1574492226.5285668
0.025660067471590914,1574492226.9005792
0.025290749289772728,1574492227.2843843
0.040713778409090906,1574492227.6563704
0.044831764914772705,1574492228.028416
0.041026278409090934,1574492228.4004297
0.04475363991477271,1574492228.784393
0.04230335582386362,1574492229.15642
0.029114435369318174,1574492229.5284348
0.02815518465909093,1574492229.9004526
0.0335431463068182,1574492230.2844343
0.021123490767045457,1574492230.6564367
0.020463423295454544,1574492231.0284386
0.01741876775568183,1574492231.4004738
0.015984108664772727,1574492231.7844455
0.016717418323863635,1574492232.1564453
0.015020419034090897,1574492232.5284634
0.017059215198863643,1574492232.9005044
0.01678844105113638,1574492233.284478
0.017293146306818188,1574492233.6564705
0.01568847656250001,1574492234.0284972
0.015901544744318187,1574492234.4005432
0.016050692471590914,1574492234.7844942
0.019261363636363635,1574492235.1565297
0.018381569602272732,1574492235.52853
0.017648259943181817,1574492235.900549
0.01829101562500001,1574492236.2845578
0.017473366477272736,1574492236.6565497
0.017067649147727276,1574492237.0285625
0.017820046164772736,1574492237.4006007
0.019240056818181826,1574492237.7845674
0.018681640624999996,1574492238.1565495
0.01685591264204546,1574492238.528581
0.017473810369318197,1574492238.9006264
0.019027876420454524,1574492239.2845721
0.019035866477272723,1574492239.6566236
0.018201349431818198,1574492240.028632
0.018300337357954548,1574492240.4006386
0.015852716619318186,1574492240.7846076
0.015644087357954535,1574492241.1566458
0.015968128551136364,1574492241.5286548
0.016666814630681818,1574492241.900668
0.01749778053977272,1574492242.284729
0.01687278053977274,1574492242.6567132
0.015602805397727277,1574492243.0287168
0.015768377130681837,1574492243.400707
0.015913973721590913,1574492243.7846978
0.01606756036931819,1574492244.1567168
0.016304154829545444,1574492244.5287113
0.015478071732954544,1574492244.9007235
0.0172665127840909,1574492245.2847297
0.015925958806818186,1574492245.656744
0.016406249999999997,1574492246.0289865
0.015497159090909091,1574492246.400792
0.01637162642045455,1574492246.784718
0.01599742542613636,1574492247.1567435
0.016698774857954544,1574492247.528948
0.016415127840909094,1574492247.900789
0.016335227272727276,1574492248.2847483
0.016333895596590896,1574492248.6568036
0.016280184659090913,1574492249.028989
0.017815607244318184,1574492249.4008195
0.01627441406250001,1574492249.7848277
0.017285600142045447,1574492250.1568055
0.019295099431818192,1574492250.5290217
0.01698819247159092,1574492250.9008527
0.018637695312499987,1574492251.2847898
0.018125887784090914,1574492251.6568484
0.01767533735795454,1574492252.0289748
0.036776899857954536,1574492252.4008622
0.034810901988636365,1574492252.7848399
0.0368172940340909,1574492253.156918
0.04094682173295452,1574492253.5289116
0.04130814985795455,1574492253.9009042
0.0317129794034091,1574492254.2849128
0.02583140980113636,1574492254.6569216
0.025931729403409085,1574492255.029114
0.019742986505681806,1574492255.4009337
0.016763139204545443,1574492255.7848964
0.015253462357954543,1574492256.1569145
0.015501154119318182,1574492256.5291834
0.016630415482954543,1574492256.900972
0.01477361505681818,1574492257.2849
0.014595614346590914,1574492257.6569436
0.01568670099431817,1574492258.0291982
0.017468039772727255,1574492258.4009867
0.015373313210227267,1574492258.784922
0.014371004971590894,1574492259.157025
0.014779829545454547,1574492259.5289812
0.014209872159090907,1574492259.9010062
0.016273970170454545,1574492260.2849777
0.01606889204545455,1574492260.6570768
0.014900124289772729,1574492261.029112
0.01587535511363637,1574492261.4010475
0.01644575639204545,1574492261.7850132
0.016010298295454552,1574492262.1570327
0.016181196732954553,1574492262.529028
0.016563387784090902,1574492262.9010663
0.015336914062500012,1574492263.2850118
0.012465376420454536,1574492263.6570573
0.01557439630681818,1574492264.0291402
0.015529119318181826,1574492264.401161
0.015427911931818188,1574492264.7851121
0.014849964488636373,1574492265.1571028
0.016566938920454553,1574492265.5291033
0.014975142045454545,1574492265.9011137
0.014940074573863638,1574492266.2851076
0.030978781960227266,1574492266.6570935
0.036991299715909094,1574492267.0291257
0.036962890625000015,1574492267.4011436
0.037151100852272745,1574492267.7851322
0.03733176491477274,1574492268.1571302
0.03638006036931819,1574492268.529142
0.029188565340909103,1574492268.90119
0.031104403409090896,1574492269.2851398
0.02482954545454548,1574492269.6571574
0.026060014204545456,1574492270.0291874
0.0340749289772727,1574492270.4011915
0.037477805397727264,1574492270.7851937
0.03693581321022726,1574492271.1572008
0.03752352627840911,1574492271.5292099
0.037498668323863636,1574492271.9012277
0.03573242187500001,1574492272.2852266
0.028039772727272733,1574492272.657223
0.030447887073863644,1574492273.0292137
0.024576526988636372,1574492273.4012477
0.02485484730113636,1574492273.7852576
0.0375723544034091,1574492274.1572878
0.03499422940340907,1574492274.5292368
0.03853160511363634,1574492274.9012659
0.03120960582386361,1574492275.2852645
0.02848943536931818,1574492275.6572573
0.0249667080965909,1574492276.0292962
0.025062588778409105,1574492276.401303
0.02473588423295453,1574492276.7852752
0.029518821022727276,1574492277.1572828
0.03595969460227273,1574492277.5292978
0.03279518821022729,1574492277.901322
0.02972123579545455,1574492278.2853327
0.02848854758522727,1574492278.6573122
0.028413085937499992,1574492279.029334
0.02468394886363636,1574492279.4014504
0.025011541193181833,1574492279.7853658
0.03090731534090908,1574492280.1573448
0.039604936079545454,1574492280.5295074
0.03743297230113637,1574492280.9014134
0.03762917258522726,1574492281.2853692
0.037378817471590886,1574492281.6574304
0.0372864879261364,1574492282.0296435
0.03703657670454546,1574492282.401421
0.03741122159090909,1574492282.785392
0.03734286221590909,1574492283.1574345
0.037571466619318164,1574492283.529643
0.0374112215909091,1574492283.9014814
0.037319335937500024,1574492284.285407
0.03837180397727273,1574492284.6574607
0.0352707741477273,1574492285.0296035
0.02956054687500001,1574492285.401501
0.03047718394886364,1574492285.7855272
0.025475852272727265,1574492286.1575558
0.024909889914772707,1574492286.529832
0.03377618963068182,1574492286.901582
0.03764248934659091,1574492287.2855074
0.03741743607954545,1574492287.6575112
0.03145419034090909,1574492288.0296764
0.035658735795454574,1574492288.4015732
0.026747602982954536,1574492288.7854884
0.024413618607954535,1574492289.1575367
0.026855024857954525,1574492289.5298038
0.03554421164772729,1574492289.9015467
0.02547185724431818,1574492290.2855196
0.026638405539772717,1574492290.657652
0.025164240056818186,1574492291.0297594
0.025382634943181808,1574492291.4016151
0.03339976917613636,1574492291.7855515
0.042258522727272735,1574492292.157626
0.03568004261363635,1574492292.529804
0.029517045454545445,1574492292.9016159
0.02786798650568181,1574492293.2855659
0.031380504261363636,1574492293.6576118
0.025443448153409088,1574492294.0299597
0.02588911576704545,1574492294.4016607
0.019993341619318192,1574492294.78558
0.015186434659090918,1574492295.1576583
0.017075195312499993,1574492295.5298495
0.015935280539772726,1574492295.9016657
0.01712846235795456,1574492296.2856429
0.01609596946022728,1574492296.6577888
0.016782670454545463,1574492297.0296695
0.01544344815340908,1574492297.4016986
0.016388050426136353,1574492297.785683
0.015737304687500002,1574492298.1576605
0.01572487571022728,1574492298.5297139
0.015941495028409094,1574492298.9017394
0.015901988636363645,1574492299.2856867
0.01509410511363638,1574492299.6576972
0.014899236505681817,1574492300.029783
0.015451882102272722,1574492300.4017444
0.015640980113636366,1574492300.7857208
0.014620916193181828,1574492301.1577601
0.014722123579545448,1574492301.529739
0.01491432883522727,1574492301.9017642
0.014070933948863629,1574492302.2857792
0.014550337357954546,1574492302.657771
0.01478338068181818,1574492303.02978
0.015159801136363633,1574492303.4018312
0.015094992897727264,1574492303.785802
0.01429509943181818,1574492304.1577888
0.013817471590909082,1574492304.529818
0.014118874289772721,1574492304.9018323
0.014143732244318172,1574492305.2858176
0.015014648437499997,1574492305.6577966
0.013876953125000003,1574492306.0298457
0.014166370738636353,1574492306.4018588
0.01569912997159091,1574492306.785854
0.014454900568181817,1574492307.1578524
0.014537020596590915,1574492307.5298862
0.014231622869318181,1574492307.901983
0.013985706676136352,1574492308.2859464
0.015028409090909087,1574492308.6579435
0.014247602982954537,1574492309.0299048
0.01402565696022727,1574492309.4019067
0.014068270596590899,1574492309.785909
0.014184570312499992,1574492310.1579764
0.014822887073863636,1574492310.529931
0.01377485795454545,1574492310.9019957
0.01403497869318179,1574492311.2859156
0.01456542968749999,1574492311.6580455
0.01414462002840909,1574492312.029961
0.01425115411931818,1574492312.4019618
0.014818448153409094,1574492312.78595
0.013253728693181817,1574492313.1579633
0.014022105823863628,1574492313.529978
0.014016779119318184,1574492313.9020207
0.014049627130681815,1574492314.285968
0.01400568181818182,1574492314.658046
0.013950195312499998,1574492315.0301526
0.014265802556818181,1574492315.402055
0.015105646306818184,1574492315.786011
0.01409978693181818,1574492316.158047
0.0140909090909091,1574492316.5303068
0.013991477272727263,1574492316.9020844
0.014541459517045448,1574492317.2860556
0.015376420454545459,1574492317.6580563
0.014825550426136367,1574492318.0302258
0.015935280539772737,1574492318.402096
0.014485973011363635,1574492318.7860777
0.015041725852272727,1574492319.1580875
0.01423561789772727,1574492319.530351
0.014741210937499997,1574492319.9021327
0.013875621448863635,1574492320.286101
0.015023970170454542,1574492320.658155
0.014016779119318173,1574492321.030272
0.014076260653409098,1574492321.4021757
0.014272017045454534,1574492321.7861102
0.01411399147727272,1574492322.1581295
0.014149502840909095,1574492322.5303905
0.014444247159090913,1574492322.902197
0.014036754261363641,1574492323.2861383
0.014662642045454548,1574492323.6581788
0.014029208096590903,1574492324.0303807
0.014165039062500006,1574492324.4022093
0.01416947798295454,1574492324.786182
0.013968838778409083,1574492325.1582806
0.014748757102272738,1574492325.530381
0.0141610440340909,1574492325.9022336
0.013681196732954535,1574492326.2861989
0.014039861505681818,1574492326.6582077
0.014102450284090899,1574492327.0303774
0.013816139914772721,1574492327.4022832
0.014506835937500006,1574492327.7862093
0.015775035511363642,1574492328.1582315
0.015640092329545465,1574492328.5305254
0.014331942471590909,1574492328.902294
0.013914683948863629,1574492329.2862382
0.014153053977272732,1574492329.6583562
0.014556107954545457,1574492330.0305855
0.01411354758522726,1574492330.4023745
0.014707475142045455,1574492330.7863252
0.013801047585227261,1574492331.1583095
0.01416947798295455,1574492331.5303092
0.014183238636363633,1574492331.9023209
0.01390713778409091,1574492332.286317
0.01435546875,1574492332.658334
0.014668856534090908,1574492333.0303314
0.013612393465909084,1574492333.402357
0.014807794744318188,1574492333.7863553
0.014041193181818169,1574492334.158346
0.013199573863636358,1574492334.5303593
0.014762517755681827,1574492334.9023879
0.014931196732954548,1574492335.286381
0.015250799005681817,1574492335.658379
0.014620028409090895,1574492336.0303848
0.014881480823863641,1574492336.4023943
0.01490500710227273,1574492336.7864108
0.014901455965909081,1574492337.1584313
0.014713245738636362,1574492337.530405
0.014687943892045464,1574492337.9024312
0.014722567471590918,1574492338.2864504
0.015845170454545462,1574492338.6584144
0.01623712713068181,1574492339.0304391
0.014869495738636369,1574492339.4024704
0.015078568892045464,1574492339.7864804
0.01728915127840909,1574492340.1584344
0.03557262073863637,1574492340.5304801
0.03703080610795456,1574492340.9025776
0.02536576704545453,1574492341.2864797
0.025229936079545445,1574492341.65849
0.024565429687499987,1574492342.0308444
0.022723277698863634,1574492342.4027073
0.02538574218750001,1574492342.786503
0.024780273437499993,1574492343.1585178
0.016201171875,1574492343.5305204
0.01601740056818182,1574492343.9026513
0.015663618607954538,1574492344.2865357
0.016314364346590914,1574492344.6585712
0.02014781605113637,1574492345.0305357
0.03554066051136364,1574492345.4026272
0.038795276988636336,1574492345.7865388
0.04189364346590908,1574492346.1585655
0.03166503906249998,1574492346.5305896
0.029142400568181816,1574492346.902628
0.02714932528409092,1574492347.2865944
0.026690784801136357,1574492347.6586607
0.030610795454545446,1574492348.0308678
0.036554509943181795,1574492348.4026446
0.02901100852272727,1574492348.786609
0.028466796874999985,1574492349.1586847
0.02888006036931818,1574492349.530962
0.03058904474431818,1574492349.9026709
0.03531427556818182,1574492350.286631
0.026961115056818186,1574492350.6586459
0.02948641690340909,1574492351.0308683
0.02827814275568181,1574492351.4027774
0.026660156250000008,1574492351.78673
0.03271972656249999,1574492352.1587098
0.028262606534090903,1574492352.5309117
0.02781471946022728,1574492352.902939
0.02780317826704546,1574492353.2867346
0.02724476207386363,1574492353.6588197
0.028598188920454543,1574492354.0311263
0.027273615056818183,1574492354.4030452
0.027448064630681814,1574492354.7868366
0.02728160511363636,1574492355.1588402
0.02920942826704546,1574492355.53089
0.028693181818181798,1574492355.9029489
0.027763671874999993,1574492356.286914
0.02732865767045453,1574492356.658872
0.027512872869318184,1574492357.0310178
0.028762872869318192,1574492357.402809
0.027559037642045457,1574492357.7868073
0.027053000710227273,1574492358.1589
0.02778009588068182,1574492358.5310197
0.028972833806818175,1574492358.902856
0.029062499999999998,1574492359.2867775
0.02705877130681817,1574492359.6589296
0.027197265625000012,1574492360.031061
0.026582475142045436,1574492360.4028468
