amperes,timestamp
0.02761097301136364,1574497094.8742807
0.027867542613636363,1574497095.2462554
0.026546963778409104,1574497095.6183696
0.027337091619318177,1574497095.9903376
0.0468936434659091,1574497096.374299
0.037787642045454525,1574497096.7463205
0.037495561079545464,1574497097.118316
0.04079101562500001,1574497097.490342
0.03577947443181818,1574497097.8743281
0.038987926136363656,1574497098.246357
0.045782581676136386,1574497098.6183767
0.03808371803977276,1574497098.9903755
0.022592329545454568,1574497099.3744323
0.021360085227272715,1574497099.7464113
0.017635830965909084,1574497100.1184232
0.01735973011363636,1574497100.4904842
0.017650035511363637,1574497100.874365
0.02040838068181819,1574497101.246413
0.02270774147727272,1574497101.6183765
0.018825461647727294,1574497101.9904408
0.01810458096590909,1574497102.3743854
0.023373135653409084,1574497102.7464037
0.02209339488636362,1574497103.1184068
0.019786044034090913,1574497103.4904478
0.0191122159090909,1574497103.8744292
0.017027254971590917,1574497104.2464168
0.01986283735795456,1574497104.61847
0.017346857244318187,1574497104.9904742
0.018380681818181827,1574497105.3744533
0.016978870738636367,1574497105.7464564
0.017267844460227288,1574497106.1184397
0.018243963068181823,1574497106.4905233
0.016890092329545463,1574497106.8744948
0.017590110085227276,1574497107.2464478
0.016942915482954565,1574497107.618514
0.018612393465909087,1574497107.9905396
0.01651899857954547,1574497108.3744857
0.016356534090909085,1574497108.7465181
0.017316228693181834,1574497109.118573
0.016098632812499996,1574497109.4905338
0.017585671164772724,1574497109.8745592
0.017063210227272738,1574497110.2465684
0.017037464488636352,1574497110.6185634
0.017222123579545456,1574497110.9908285
0.018223987926136366,1574497111.374561
0.01555841619318181,1574497111.7465746
0.015855823863636362,1574497112.1186025
0.015304509943181818,1574497112.4907815
0.01455832741477273,1574497112.8747277
0.014780273437500008,1574497113.246697
0.01392045454545454,1574497113.6185985
0.013971502130681813,1574497113.9913723
0.014810458096590907,1574497114.374625
0.013793945312499997,1574497114.7467427
0.014803799715909088,1574497115.1192822
0.013916015625000002,1574497115.491213
0.014811789772727282,1574497115.8746717
0.014677290482954557,1574497116.2469907
0.014882368607954551,1574497116.61896
0.01483620383522727,1574497116.9911382
0.014833984375,1574497117.3747354
0.01472167968749999,1574497117.7467573
0.014931196732954554,1574497118.1187277
0.014766512784090923,1574497118.4907775
0.014893909801136368,1574497118.8747358
0.014855291193181826,1574497119.24668
0.015333806818181821,1574497119.61887
0.014408735795454554,1574497119.9908707
0.014535688920454539,1574497120.37492
0.014512606534090904,1574497120.7467752
0.028731800426136368,1574497121.1188874
0.03014204545454545,1574497121.4912367
0.026188299005681818,1574497121.874843
0.025117187500000002,1574497122.2468662
0.025110529119318194,1574497122.6195276
0.032068980823863634,1574497122.9913387
0.030217950994318187,1574497123.3748505
0.025287198153409105,1574497123.7471745
0.025561523437500018,1574497124.1196241
0.025045276988636362,1574497124.490936
0.023851207386363628,1574497124.874848
0.030629438920454544,1574497125.2468796
0.04018288352272729,1574497125.6189713
0.035801669034090884,1574497125.9909725
0.026554509943181807,1574497126.3748257
0.026289950284090934,1574497126.7468395
0.025699573863636367,1574497127.118963
0.025973899147727273,1574497127.491131
0.031471502130681825,1574497127.874833
0.040274325284090896,1574497128.2468886
0.03616210937500001,1574497128.618918
0.026914506392045453,1574497128.9913173
0.02646706321022728,1574497129.374906
0.02566805752840908,1574497129.7470393
0.027923916903409087,1574497130.1189861
0.03469415838068182,1574497130.4912415
0.026316583806818172,1574497130.874909
0.023775301846590918,1574497131.2469115
0.025967240767045444,1574497131.6190093
0.02738636363636364,1574497131.991666
0.029065163352272702,1574497132.3749294
0.02882590553977273,1574497132.7469437
0.024564541903409093,1574497133.1190221
0.025599254261363655,1574497133.4910429
0.027737926136363635,1574497133.8751729
0.02426757812500002,1574497134.2469993
0.03218394886363636,1574497134.619068
0.024743430397727275,1574497134.9910057
0.025079456676136355,1574497135.3750331
0.026043146306818168,1574497135.7469983
0.02462269176136363,1574497136.1189866
0.033287908380681804,1574497136.4910333
0.025479403409090908,1574497136.8750262
0.025113192471590884,1574497137.2470827
0.02518554687499999,1574497137.6190252
0.024673739346590902,1574497137.9911325
0.032004616477272714,1574497138.3750691
0.028661665482954533,1574497138.7470965
0.027107155539772727,1574497139.1190531
0.025322709517045464,1574497139.4911015
0.025090110085227258,1574497139.8750832
0.031034268465909103,1574497140.2470717
0.030026633522727292,1574497140.6190689
0.025544211647727275,1574497140.991088
0.025134055397727256,1574497141.3751523
0.02475053267045453,1574497141.7471075
0.03059925426136363,1574497142.1191921
0.02693625710227273,1574497142.4911375
0.024398082386363644,1574497142.8751278
0.02463467684659093,1574497143.2473285
0.024186789772727292,1574497143.6194265
0.030813654119318176,1574497143.991192
0.024771395596590893,1574497144.3754663
0.025042613636363634,1574497144.7472038
0.023548473011363633,1574497145.1197834
0.025001331676136374,1574497145.4912157
0.028857865767045455,1574497145.8751426
0.02342950994318181,1574497146.247305
0.02540971235795457,1574497146.6191695
0.024817116477272708,1574497146.9915438
0.028852982954545456,1574497147.3756268
0.028563565340909095,1574497147.7474887
0.024616921164772706,1574497148.1197782
0.025284978693181807,1574497148.4914958
0.024171697443181834,1574497148.8751695
0.028829456676136386,1574497149.2472303
0.027769886363636382,1574497149.6195688
0.02400967684659091,1574497149.9917772
0.02442782315340909,1574497150.3753436
0.023979936079545447,1574497150.7475846
0.028742009943181806,1574497151.1192741
0.02594282670454545,1574497151.4913547
0.02395596590909092,1574497151.8753328
0.02406028053977273,1574497152.2473354
0.024126864346590893,1574497152.6200535
0.03235440340909092,1574497152.991409
0.026317027698863644,1574497153.375276
0.023908025568181803,1574497153.7473087
0.02361727627840909,1574497154.1194391
0.023741566051136368,1574497154.491577
0.030675159801136376,1574497154.8756661
0.0244482421875,1574497155.2473376
0.024807794744318153,1574497155.619487
0.024627574573863643,1574497155.9913404
0.02626908735795455,1574497156.3757043
0.030539772727272735,1574497156.747907
0.02295942826704544,1574497157.11944
0.02525435014204546,1574497157.491423
0.02471946022727272,1574497157.8754385
0.027379261363636363,1574497158.24742
0.02929820667613637,1574497158.6193755
0.025260120738636357,1574497158.991402
0.02521173650568182,1574497159.3755481
0.025047496448863643,1574497159.7475007
0.028998579545454543,1574497160.1194315
0.025489612926136357,1574497160.4914787
0.025770596590909075,1574497160.875681
0.02426136363636365,1574497161.2477436
0.02481578480113636,1574497161.61952
0.030897993607954543,1574497161.9917612
0.024260031960227267,1574497162.3759189
0.024498845880681828,1574497162.7474964
0.024777610085227286,1574497163.1198094
0.025449662642045467,1574497163.4918408
0.032179953835227273,1574497163.8754907
0.024631569602272727,1574497164.2474818
0.025046608664772735,1574497164.6195652
0.02477494673295455,1574497164.9916599
0.02528719815340907,1574497165.3758013
0.029902787642045438,1574497165.747598
0.023344282670454547,1574497166.119649
0.025183327414772725,1574497166.49189
0.02403764204545454,1574497166.8757286
0.027428977272727282,1574497167.247519
0.02614701704545455,1574497167.6195638
0.025870028409090907,1574497167.9915948
0.025530450994318176,1574497168.3760045
0.024698153409090918,1574497168.7475648
0.03128817471590909,1574497169.1195922
0.04507768110795455,1574497169.4916694
0.04507501775568179,1574497169.8757849
0.0390891335227273,1574497170.2476065
0.046259321732954536,1574497170.6196196
0.036982421875000004,1574497170.9920416
0.02778098366477273,1574497171.3758628
0.03155140269886362,1574497171.7476306
0.029256924715909103,1574497172.1196847
0.022091175426136374,1574497172.4917405
0.01640269886363636,1574497172.8758106
0.017676669034090913,1574497173.2478251
0.017554154829545438,1574497173.6196811
0.016997070312499994,1574497173.991687
0.015490500710227265,1574497174.3758385
0.01655539772727272,1574497174.7477307
0.016403142755681818,1574497175.119678
0.015804332386363647,1574497175.4917068
0.015591708096590919,1574497175.8757071
0.01537775213068182,1574497176.2476962
0.018376242897727282,1574497176.6196895
0.017938565340909093,1574497176.9917858
0.016799538352272728,1574497177.3758385
0.01569779829545455,1574497177.747729
0.01574440696022728,1574497178.119728
0.01624200994318181,1574497178.4917564
0.016156782670454548,1574497178.875881
0.017949662642045467,1574497179.2479737
0.019022549715909096,1574497179.6197927
0.017654030539772714,1574497179.9917855
0.01708362926136364,1574497180.3759167
0.017057439630681816,1574497180.7477803
0.01714266690340909,1574497181.1197872
0.015857155539772724,1574497181.4918056
0.01736283735795454,1574497181.875831
0.0173868075284091,1574497182.247773
0.016649502840909092,1574497182.6197774
0.01690207741477273,1574497182.991822
0.017887073863636343,1574497183.375984
0.017535955255681825,1574497183.7477984
0.01725008877840909,1574497184.119821
0.01765580610795456,1574497184.4918659
0.017295809659090902,1574497184.876058
0.01761541193181817,1574497185.2479033
0.01851296164772727,1574497185.6198797
0.01827059659090907,1574497185.9919612
0.01724698153409092,1574497186.375865
0.017535511363636343,1574497186.7479632
0.017509321732954546,1574497187.1200533
0.017086292613636353,1574497187.4919705
0.01683194247159091,1574497187.8759518
0.018028675426136367,1574497188.2479186
0.01753240411931818,1574497188.6199708
0.01593039772727273,1574497188.991983
0.017173739346590902,1574497189.3759325
0.0170068359375,1574497189.7479236
0.016779119318181813,1574497190.1199558
0.01666992187500001,1574497190.4921405
0.017481800426136368,1574497190.8759248
0.016963334517045466,1574497191.2479568
0.01694469105113636,1574497191.6200273
0.017455166903409088,1574497191.9921832
0.01695312499999999,1574497192.3759577
0.016314808238636385,1574497192.7479885
0.016144797585227265,1574497193.1200442
0.017209250710227265,1574497193.4921615
0.01696511008522727,1574497193.8760853
0.016322798295454542,1574497194.2479916
0.01543368252840911,1574497194.6201282
0.015382191051136347,1574497194.992244
0.015639648437500004,1574497195.3759744
0.015802112926136352,1574497195.7480335
0.01581321022727273,1574497196.1201446
0.01561035156249999,1574497196.4921863
0.01670321377840909,1574497196.8759954
0.015572176846590909,1574497197.2480748
0.015342684659090918,1574497197.6202352
0.015503817471590912,1574497197.992206
0.015626775568181827,1574497198.3760352
0.015503373579545445,1574497198.7480812
0.015211736505681821,1574497199.120635
0.015747514204545458,1574497199.4921162
0.01696910511363636,1574497199.8760822
0.017721946022727274,1574497200.2482111
0.017570578835227276,1574497200.6206915
0.015925071022727277,1574497200.9921646
0.016933593749999996,1574497201.3761585
0.01633433948863636,1574497201.7481296
0.015649857954545463,1574497202.1204731
0.016340553977272732,1574497202.4924395
0.015603693181818193,1574497202.8762808
0.015735973011363633,1574497203.2481787
0.016756036931818166,1574497203.620212
0.015429243607954538,1574497203.9928656
0.015585937499999996,1574497204.3761718
0.015419477982954538,1574497204.7481992
0.015396839488636366,1574497205.1208587
0.015572176846590895,1574497205.4922297
0.01512384588068181,1574497205.8763046
0.015669833096590917,1574497206.2482033
0.015179776278409083,1574497206.6204293
0.016072443181818177,1574497206.992555
0.015675603693181814,1574497207.376218
0.016130149147727264,1574497207.7482452
0.016380504261363633,1574497208.1202734
0.01543678977272728,1574497208.4925845
0.015372425426136347,1574497208.8762474
0.015658291903409085,1574497209.2483072
0.015402166193181821,1574497209.6204176
0.014099343039772713,1574497209.9925134
0.013909357244318174,1574497210.3762772
0.013933771306818186,1574497210.7482765
0.014037198153409099,1574497211.12056
0.014073153409090903,1574497211.492568
0.01583851207386364,1574497211.8763204
0.015059481534090905,1574497212.2483106
0.014300870028409095,1574497212.620457
0.014320845170454542,1574497212.9923615
0.01472656250000001,1574497213.3763292
0.015861594460227262,1574497213.7483375
0.014739435369318182,1574497214.1203806
0.014971590909090905,1574497214.4923751
0.013760653409090905,1574497214.8763545
0.014943625710227275,1574497215.2483637
0.01475363991477273,1574497215.6205256
0.015579723011363636,1574497215.9924138
0.01456276633522727,1574497216.3763793
0.014828657670454545,1574497216.7483974
0.014732776988636363,1574497217.1205187
0.015381303267045452,1574497217.4925237
0.01563654119318182,1574497217.8764317
0.015088334517045462,1574497218.2483969
0.015666725852272724,1574497218.6204412
0.014766068892045459,1574497218.9925973
0.017641601562499994,1574497219.3763816
0.03718261718749999,1574497219.748489
0.030113636363636384,1574497220.120546
0.03724431818181816,1574497220.4926457
0.037797407670454565,1574497220.876523
0.037064098011363636,1574497221.2485163
0.0268439275568182,1574497221.6204906
0.0243692294034091,1574497221.9926493
0.022923473011363625,1574497222.3764904
0.016438654119318174,1574497222.748484
0.01662020596590909,1574497223.1209345
0.015430575284090906,1574497223.492738
0.014475763494318183,1574497223.8766627
0.016646395596590896,1574497224.2485223
0.01421209161931818,1574497224.6205506
0.014178799715909088,1574497224.9925928
0.014351917613636352,1574497225.3765233
0.014185458096590898,1574497225.7486598
0.014033647017045455,1574497226.1206036
0.014862837357954548,1574497226.492571
0.014272904829545451,1574497226.8765488
0.013702503551136369,1574497227.24871
0.01316361860795453,1574497227.6205804
0.015295188210227266,1574497227.9929786
0.014110440340909096,1574497228.3767173
0.014837979403409094,1574497228.7486167
0.015268998579545457,1574497229.1207404
0.0159765625,1574497229.4926581
0.013948863636363645,1574497229.8766398
0.015368430397727282,1574497230.2486553
0.014905007102272737,1574497230.6209817
0.015029296875000002,1574497230.9928002
0.014904119318181816,1574497231.3766892
0.014429154829545453,1574497231.748673
0.014689719460227289,1574497232.120736
0.014755859375000005,1574497232.492918
0.014830877130681815,1574497232.876715
0.014435813210227275,1574497233.2487266
0.015368874289772726,1574497233.6207724
0.014778497869318178,1574497233.9928784
0.014779385653409085,1574497234.3771055
0.0326091974431818,1574497234.7487178
0.03623446377840911,1574497235.1208086
0.03730335582386367,1574497235.4927778
0.03731312144886365,1574497235.8768609
0.03634232954545453,1574497236.2487288
0.03349298650568181,1574497236.6207943
0.02814453125,1574497236.9927502
0.028352716619318163,1574497237.3768976
0.024050514914772735,1574497237.7487664
0.02443403764204543,1574497238.1207998
0.032550603693181815,1574497238.4927897
0.03662153764204545,1574497238.8767695
0.036617098721590906,1574497239.248816
0.03778053977272725,1574497239.620822
0.03715110085227273,1574497239.992818
0.0352938565340909,1574497240.37685
0.02746138139204545,1574497240.7487922
0.031103071732954565,1574497241.1208496
0.024041193181818188,1574497241.4928482
0.024501509232954535,1574497241.8770425
0.03612215909090908,1574497242.2488413
0.03241299715909093,1574497242.6208782
0.031858132102272715,1574497242.992966
0.02666148792613635,1574497243.3769975
0.03172274502840907,1574497243.7488842
0.024110884232954537,1574497244.1208713
0.02472878196022726,1574497244.4929311
0.033685635653409075,1574497244.8768818
0.033643465909090904,1574497245.248935
0.0324422940340909,1574497245.6209145
0.02610795454545455,1574497245.992926
0.0326553622159091,1574497246.377031
0.024455788352272727,1574497246.7489023
0.023882723721590914,1574497247.1209118
0.025020862926136374,1574497247.49295
0.035928178267045446,1574497247.876923
0.03708140980113637,1574497248.2489245
0.03640047940340909,1574497248.6209476
0.036395152698863634,1574497248.9929662
0.03681196732954546,1574497249.3770483
0.03703258167613636,1574497249.7489727
0.03895241477272727,1574497250.1209614
0.03991787997159089,1574497250.4929733
0.037140447443181804,1574497250.8771334
0.038132990056818174,1574497251.2489731
0.03658868963068181,1574497251.620983
0.03798739346590911,1574497251.9930513
0.03887428977272729,1574497252.377342
0.027492453835227266,1574497252.749074
0.03271218039772728,1574497253.121077
0.025184215198863626,1574497253.4932601
0.02502574573863637,1574497253.8770375
0.02717063210227271,1574497254.24906
0.03696644176136364,1574497254.621263
0.03771795099431816,1574497254.9932914
0.0347185724431818,1574497255.3770554
0.02963512073863636,1574497255.749078
0.02727583451704546,1574497256.1212852
0.024675514914772732,1574497256.4931803
0.02451704545454545,1574497256.8770761
0.024252929687500018,1574497257.249098
0.02843350497159093,1574497257.621218
0.03588423295454547,1574497257.9932613
0.02387295809659091,1574497258.3771307
0.025768377130681797,1574497258.7490995
0.023978160511363648,1574497259.1212623
0.025250355113636363,1574497259.493267
0.03746004971590907,1574497259.8771152
0.03847079190340909,1574497260.2492027
0.035979225852272735,1574497260.6215417
0.028261718749999994,1574497260.993181
0.027484463778409098,1574497261.3771951
0.029575195312499997,1574497261.7491794
0.025492276278409078,1574497262.1211817
0.025059481534090926,1574497262.4934223
0.01743208451704546,1574497262.8772106
0.015549094460227262,1574497263.2491868
0.015771928267045453,1574497263.6212668
0.016210937499999994,1574497263.9934258
0.01583185369318182,1574497264.3771996
0.016887872869318192,1574497264.749223
0.01610351562499999,1574497265.121336
0.015824307528409097,1574497265.4934053
0.01621226917613636,1574497265.8772147
0.01467595880681818,1574497266.2492511
0.015412819602272728,1574497266.621444
0.014831764914772724,1574497266.9934087
0.01454944957386364,1574497267.3772602
0.014592950994318177,1574497267.7492886
0.014861949573863633,1574497268.1213362
0.01488281249999999,1574497268.4934936
0.03131924715909093,1574497268.8772697
0.03669034090909091,1574497269.2492962
0.024770951704545446,1574497269.6214173
0.025011985085227267,1574497269.993537
0.02690340909090909,1574497270.3772888
0.026707652698863632,1574497270.7493176
0.034717240767045465,1574497271.121354
0.0405060369318182,1574497271.493366
0.04346857244318183,1574497271.8773212
0.04088512073863634,1574497272.2493665
0.027550159801136363,1574497272.6213884
0.03568892045454545,1574497272.9933913
0.03350142045454544,1574497273.377361
0.02900035511363636,1574497273.7493887
0.02713778409090908,1574497274.1214125
0.027953657670454556,1574497274.4935071
0.030199307528409085,1574497274.877552
0.03491521661931819,1574497275.2494578
0.027999378551136364,1574497275.6214278
0.028915127840909098,1574497275.9934797
0.026843039772727274,1574497276.3774197
0.026968217329545463,1574497276.7494545
0.03052423650568181,1574497277.1214545
0.027724609374999987,1574497277.4934735
0.026781338778409096,1574497277.877585
0.026334339488636366,1574497278.2494771
0.027823597301136357,1574497278.6215053
0.028666992187500007,1574497278.9934947
0.027373490767045452,1574497279.3774915
0.02664373224431817,1574497279.7495043
0.027669122869318174,1574497280.121508
0.027058327414772727,1574497280.493535
0.027378373579545444,1574497280.877519
0.026319247159090925,1574497281.2495189
0.02727317116477274,1574497281.6215303
0.028715820312500008,1574497281.9935408
0.027313565340909104,1574497282.377684
0.02707031250000003,1574497282.7495608
0.026606889204545462,1574497283.1216042
0.028766424005681804,1574497283.4935489
0.02948064630681821,1574497283.8778007
0.026722301136363633,1574497284.249594
0.026337002840909087,1574497284.6216114
0.026851029829545438,1574497284.9936018
