amperes,timestamp
0.027562144886363635,1574493690.1815634
0.027997602982954527,1574493690.5535712
0.027579900568181815,1574493690.9255693
0.027589666193181817,1574493691.30953
0.03319335937500001,1574493691.6815863
0.04693536931818184,1574493692.0537703
0.0341446200284091,1574493692.4255672
0.04039062500000003,1574493692.809559
0.0379150390625,1574493693.1816964
0.03768776633522729,1574493693.5537612
0.04354403409090909,1574493693.9255936
0.04255237926136363,1574493694.3096244
0.029410511363636378,1574493694.6816146
0.023576882102272722,1574493695.0538373
0.02028852982954547,1574493695.425642
0.01961958451704545,1574493695.8096023
0.01858931107954546,1574493696.1817942
0.018097478693181818,1574493696.5538213
0.01887872869318181,1574493696.925671
0.020574840198863638,1574493697.3096175
0.02227938565340909,1574493697.6816385
0.018063742897727292,1574493698.0536828
0.02016468394886362,1574493698.4256694
0.022991388494318175,1574493698.8096507
0.020331587357954557,1574493699.18168
0.01956720525568181,1574493699.5536835
0.018173828125,1574493699.9257104
0.018883167613636353,1574493700.3096864
0.01871892755681819,1574493700.6816854
0.01717462713068182,1574493701.0537233
0.018660777698863637,1574493701.425751
0.017954545454545435,1574493701.8097014
0.017670010653409094,1574493702.1817238
0.017650479403409094,1574493702.553765
0.018397993607954556,1574493702.9257987
0.017783203124999997,1574493703.3097074
0.018081498579545455,1574493703.681737
0.01852761008522725,1574493704.0537846
0.01819779829545455,1574493704.425808
0.017138227982954553,1574493704.8097444
0.018148970170454543,1574493705.1818476
0.017600763494318186,1574493705.553847
0.017260298295454547,1574493705.9258537
0.016550958806818183,1574493706.309791
0.019637340198863637,1574493706.681799
0.017632279829545457,1574493707.05401
0.016969105113636366,1574493707.4258418
0.01133167613636364,1574493707.8098156
0.015601029829545438,1574493708.181806
0.015028852982954543,1574493708.5538306
0.01429154829545453,1574493708.9258797
0.015326260653409089,1574493709.3098712
0.014309303977272715,1574493709.681845
0.014660422585227274,1574493710.0538523
0.014668856534090904,1574493710.4258993
0.014625355113636369,1574493710.8098383
0.01432173295454545,1574493711.1818628
0.015046608664772716,1574493711.553864
0.014543678977272732,1574493711.9260976
0.014320845170454548,1574493712.3098745
0.014546342329545455,1574493712.6818593
0.014555220170454554,1574493713.0538843
0.01437855113636364,1574493713.425911
0.014411843039772726,1574493713.809917
0.014628018465909104,1574493714.181906
0.014993341619318182,1574493714.5539832
0.014138405539772731,1574493714.9259756
0.01430087002840909,1574493715.3098853
0.014669744318181813,1574493715.6819766
0.014671963778409089,1574493716.0540185
0.014438920454545449,1574493716.4259992
0.016040039062500008,1574493716.809932
0.015185102982954543,1574493717.1819859
0.015238813920454545,1574493717.5541499
0.015325816761363636,1574493717.9259923
0.015139825994318186,1574493718.3099859
0.015410156249999996,1574493718.6822085
0.015190873579545457,1574493719.0540566
0.01535866477272727,1574493719.4260576
0.014872602982954548,1574493719.8099918
0.015052379261363633,1574493720.18209
0.016526544744318195,1574493720.5540922
0.015189098011363644,1574493720.9260902
0.015213512073863636,1574493721.3100445
0.01598100142045454,1574493721.6820872
0.01569513494318182,1574493722.0542035
0.031183416193181837,1574493722.426074
0.029739879261363636,1574493722.8100557
0.02711736505681819,1574493723.1820896
0.02794611150568182,1574493723.5541248
0.026633966619318186,1574493723.9261193
0.032596324573863626,1574493724.3101058
0.030846058238636374,1574493724.682138
0.026299715909090905,1574493725.0541332
0.027654918323863645,1574493725.4261398
0.025517578125000023,1574493725.810106
0.024669300426136347,1574493726.1821826
0.02751509232954546,1574493726.554237
0.03388139204545454,1574493726.9261644
0.0426251775568182,1574493727.3101602
0.028552468039772717,1574493727.682434
0.026523881392045458,1574493728.0545304
0.02626420454545455,1574493728.4261966
0.025920632102272724,1574493728.8101454
0.02781028053977272,1574493729.1823702
0.037208362926136336,1574493729.5543857
0.04398970170454546,1574493729.9262047
0.031689897017045485,1574493730.310177
0.027306019176136353,1574493730.6822152
0.027569247159090902,1574493731.0543704
0.027651367187500008,1574493731.42624
0.03204767400568182,1574493731.8101735
0.032096946022727266,1574493732.18225
0.02505548650568181,1574493732.5542433
0.026247780539772732,1574493732.9262488
0.025905983664772734,1574493733.3102078
0.03153053977272728,1574493733.6822562
0.027328213778409095,1574493734.0542734
0.029482421875,1574493734.4262857
0.02554687499999999,1574493734.8102417
0.02609375,1574493735.1822681
0.025155806107954554,1574493735.5543382
0.030224609375000003,1574493735.9262917
0.027092063210227283,1574493736.3102686
0.025779474431818196,1574493736.6822648
0.025907315340909086,1574493737.054332
0.02580122514204546,1574493737.4263377
0.03266734730113637,1574493737.810292
0.02635875355113637,1574493738.1823049
0.025522904829545442,1574493738.5543418
0.025707563920454528,1574493738.9263449
0.02643954190340909,1574493739.3103127
0.03303666548295453,1574493739.682338
0.025829190340909094,1574493740.0543785
0.02559392755681818,1574493740.4263754
0.026621537642045456,1574493740.810349
0.025589932528409087,1574493741.1823664
0.03594060724431819,1574493741.554389
0.024396750710227257,1574493741.9264195
0.0267733487215909,1574493742.3103724
0.025730202414772727,1574493742.6823635
0.027156427556818182,1574493743.0543857
0.03165882457386364,1574493743.4264555
0.024497514204545476,1574493743.8103685
0.025789240056818184,1574493744.1823862
0.025505593039772734,1574493744.5544252
0.02735662286931819,1574493744.9264889
0.03240722656250001,1574493745.310415
0.024573863636363664,1574493745.6824222
0.025327592329545453,1574493746.0544527
0.024637340198863638,1574493746.4264944
0.027377929687499997,1574493746.8104393
0.028215997869318173,1574493747.18246
0.02569291548295454,1574493747.5544572
0.025773703835227285,1574493747.926483
0.02568137428977272,1574493748.3104877
0.03006480823863638,1574493748.6824737
0.024130859374999997,1574493749.0545905
0.026160777698863644,1574493749.426591
0.024540571732954528,1574493749.810521
0.02573464133522727,1574493750.182666
0.0343488103693182,1574493750.5545433
0.026940696022727285,1574493750.9265637
0.025047940340909087,1574493751.3104966
0.025079456676136352,1574493751.682666
0.02528453480113638,1574493752.0547423
0.0322403231534091,1574493752.4265573
0.025828746448863626,1574493752.8105767
0.02546431107954545,1574493753.182667
0.025564630681818194,1574493753.5547156
0.025529563210227275,1574493753.9265985
0.03459605823863636,1574493754.3106043
0.025059925426136366,1574493754.6827888
0.025261896306818184,1574493755.0546277
0.02487038352272726,1574493755.4266222
0.026435546874999993,1574493755.8105943
0.029893465909090918,1574493756.1828108
0.026035600142045454,1574493756.5546467
0.025968572443181803,1574493756.9266365
0.02583318536931819,1574493757.3106353
0.029097123579545466,1574493757.682841
0.026985085227272734,1574493758.054866
0.025936168323863633,1574493758.4266596
0.02548961292613638,1574493758.8106909
0.025177556818181828,1574493759.182906
0.03197620738636363,1574493759.5546901
0.025780806107954544,1574493759.9267056
0.025638760653409084,1574493760.3107393
0.025419034090909093,1574493760.6828969
0.026825727982954545,1574493761.0547593
0.03020862926136366,1574493761.426729
0.025406161221590912,1574493761.8106763
0.025594371448863625,1574493762.1829822
0.02675559303977273,1574493762.554778
0.029797141335227255,1574493762.9267282
0.024741654829545486,1574493763.3107362
0.025680930397727265,1574493763.682959
0.02539062499999999,1574493764.0548325
0.027997602982954548,1574493764.4267812
0.03157093394886365,1574493764.8107426
0.02408291903409092,1574493765.1830244
0.025290305397727267,1574493765.555192
0.023520507812499994,1574493765.9268107
0.028334960937499997,1574493766.3108037
0.02898259943181819,1574493766.682819
0.025670276988636356,1574493767.0548608
0.025290749289772714,1574493767.4268386
0.025341796874999982,1574493767.8108006
0.030078568892045444,1574493768.182817
0.026443093039772724,1574493768.5548618
0.02584738991477274,1574493768.9268553
0.025557528409090903,1574493769.3108237
0.02533425071022729,1574493769.682888
0.038037109374999996,1574493770.0548418
0.04790926846590911,1574493770.4268878
0.04060813210227271,1574493770.8109176
0.04129572088068182,1574493771.1829476
0.04324928977272728,1574493771.554933
0.03158025568181817,1574493771.9269557
0.0313662997159091,1574493772.310878
0.03652388139204546,1574493772.6829157
0.021450195312499993,1574493773.0549188
0.016780894886363643,1574493773.4269574
0.016446644176136366,1574493773.8109038
0.01678577769886364,1574493774.1829298
0.015953480113636374,1574493774.5549555
0.015981889204545456,1574493774.926955
0.016696111505681812,1574493775.3109064
0.01733753551136364,1574493775.6829178
0.015474964488636372,1574493776.0549762
0.016243341619318178,1574493776.4270012
0.01719593394886365,1574493776.8109388
0.016912730823863645,1574493777.1829565
0.01967018821022726,1574493777.5549958
0.02063787286931818,1574493777.9270205
0.0185342684659091,1574493778.3109858
0.018458362926136365,1574493778.6829925
0.018207563920454556,1574493779.054991
0.017766335227272726,1574493779.4270365
0.016942027698863635,1574493779.811004
0.01904252485795454,1574493780.183022
0.019181906960227247,1574493780.5550182
0.01767533735795454,1574493780.92715
0.01770862926136364,1574493781.311005
0.017075195312499996,1574493781.683029
0.017171519886363628,1574493782.0550432
0.018548473011363645,1574493782.427068
0.017843128551136365,1574493782.8110309
0.017189275568181825,1574493783.183315
0.018433061079545475,1574493783.5551345
0.01840553977272728,1574493783.9271054
0.01827148437499999,1574493784.31112
0.018857865767045453,1574493784.6831243
0.017867986505681825,1574493785.0551536
0.01673694957386364,1574493785.427179
0.017770330255681817,1574493785.811149
0.01788707386363638,1574493786.1833227
0.017694424715909093,1574493786.5551705
0.01994584517045454,1574493786.9271383
0.01765980113636363,1574493787.3111234
0.0168701171875,1574493787.6842737
0.015793678977272727,1574493788.055177
0.015150923295454541,1574493788.42719
0.015844726562499998,1574493788.8111854
0.015716441761363626,1574493789.1835384
0.017036132812500014,1574493789.5552046
0.015803888494318182,1574493789.9272377
0.016613991477272733,1574493790.3112218
0.016638849431818183,1574493790.683418
0.016307705965909098,1574493791.055229
0.016729403409090904,1574493791.4272373
0.017821821732954553,1574493791.8112123
0.016781338778409094,1574493792.1837082
0.017694424715909082,1574493792.5553164
0.016408913352272715,1574493792.9273372
0.015876686789772734,1574493793.3112757
0.01631702769886363,1574493793.6839652
0.0158740234375,1574493794.055293
0.017277610085227275,1574493794.4273167
0.016082208806818175,1574493794.8112915
0.016558948863636368,1574493795.1836114
0.01646883877840909,1574493795.5552883
0.017773437500000006,1574493795.9273818
0.03972079190340911,1574493796.31134
0.0338836115056818,1574493796.6836505
0.03976695667613637,1574493797.0553222
0.03557350852272722,1574493797.4273226
0.030872691761363667,1574493797.8113592
0.0269939630681818,1574493798.1836123
0.025436789772727255,1574493798.555663
0.02608043323863636,1574493798.9273446
0.01655450994318181,1574493799.3113706
0.016073330965909086,1574493799.6836667
0.016201615767045433,1574493800.0556512
0.017572354403409103,1574493800.4273634
0.01740500710227273,1574493800.8113627
0.015466086647727272,1574493801.1833725
0.015150479403409094,1574493801.555373
0.015050159801136356,1574493801.9273849
0.01488148082386364,1574493802.3113766
0.015122514204545457,1574493802.6834385
0.015079900568181823,1574493803.055416
0.015081232244318175,1574493803.4274297
0.014666637073863632,1574493803.8113723
0.015917968750000008,1574493804.183426
0.015825639204545463,1574493804.5554347
0.014770951704545458,1574493804.9274998
0.015042169744318181,1574493805.3114169
0.014791370738636365,1574493805.6834614
0.01449573863636363,1574493806.0554957
0.01572576349431818,1574493806.4275193
0.015178000710227268,1574493806.811445
0.01449662642045455,1574493807.1834567
0.015362215909090912,1574493807.555472
0.015103870738636359,1574493807.9275415
0.014891246448863632,1574493808.3114805
0.014037642045454539,1574493808.6834679
0.015059037642045471,1574493809.0555074
0.01507013494318182,1574493809.4275312
0.015534446022727272,1574493809.811502
0.01502574573863636,1574493810.1835096
0.015498934659090906,1574493810.5555446
0.015048384232954546,1574493810.9276736
0.014785156249999997,1574493811.3115287
0.015496715198863647,1574493811.6835427
0.015545987215909095,1574493812.0555308
0.015490056818181809,1574493812.4275923
0.015155362215909084,1574493812.811559
0.01513316761363636,1574493813.1835341
0.0162433416193182,1574493813.5555534
0.014976029829545453,1574493813.9276426
0.015311612215909097,1574493814.3116372
0.01582386363636363,1574493814.683569
0.01859552556818182,1574493815.0556452
0.037325106534090914,1574493815.4277751
0.036866122159090936,1574493815.8116038
0.03752530184659091,1574493816.1835868
0.03689364346590907,1574493816.5556293
0.037401455965909075,1574493816.9276605
0.030730646306818203,1574493817.3116066
0.030967240767045438,1574493817.6838703
0.02632812500000001,1574493818.05566
0.024536576704545447,1574493818.4276617
0.025127840909090888,1574493818.8116639
0.03566983309659092,1574493819.1839042
0.03976562499999999,1574493819.555677
0.04132901278409093,1574493819.9276962
0.041534090909090896,1574493820.3116972
0.04058238636363636,1574493820.683936
0.03662863991477272,1574493821.0557272
0.029583185369318178,1574493821.4277303
0.029662642045454553,1574493821.8117135
0.0229043856534091,1574493822.18393
0.023827681107954527,1574493822.5557466
0.024331054687499996,1574493822.9277396
0.024190340909090908,1574493823.3117366
0.02357333096590908,1574493823.6839714
0.017659357244318188,1574493824.0557408
0.015405273437499992,1574493824.4277706
0.01592729048295455,1574493824.8117797
0.01552201704545456,1574493825.1839578
0.015304953835227269,1574493825.5557752
0.015063032670454543,1574493825.9277885
0.015109641335227263,1574493826.3118067
0.015336914062499991,1574493826.684033
0.015146928267045454,1574493827.0558112
0.014821999289772743,1574493827.427827
0.015780362215909085,1574493827.8118463
0.015479403409090903,1574493828.1840947
0.015531338778409093,1574493828.5558448
0.015341352982954547,1574493828.9278307
0.014778497869318181,1574493829.3118677
0.015539772727272737,1574493829.6840687
0.01464666193181818,1574493830.055868
0.015316938920454541,1574493830.4278622
0.016111061789772733,1574493830.811886
0.01504616477272726,1574493831.1840835
0.014832208806818183,1574493831.5558968
0.01467551491477274,1574493831.9278858
0.014985795454545457,1574493832.3119307
0.014821999289772734,1574493832.6841643
0.015465198863636358,1574493833.0559416
0.014801580255681837,1574493833.4279306
0.014774502840909101,1574493833.8119252
0.01514781605113636,1574493834.1841683
0.015271661931818187,1574493834.5559583
0.01530539772727273,1574493834.927941
0.01473277698863636,1574493835.3119102
0.01440207741477272,1574493835.683975
0.016221147017045454,1574493836.055951
0.014832652698863635,1574493836.4280622
0.014672851562499999,1574493836.8119996
0.014912109375000003,1574493837.18402
0.014662198153409085,1574493837.5560048
0.015111860795454544,1574493837.9280176
0.015102539062500005,1574493838.3119743
0.01494318181818182,1574493838.6839855
0.015716441761363636,1574493839.0560246
0.015166903409090916,1574493839.4280713
0.015723987926136364,1574493839.81199
0.014878373579545462,1574493840.1840062
0.01745738636363635,1574493840.5560517
0.014800692471590915,1574493840.9281323
0.015629882812500002,1574493841.312005
0.015545099431818168,1574493841.6840198
0.015742631392045455,1574493842.056053
0.016160777698863635,1574493842.4280896
0.014982688210227276,1574493842.8120348
0.01557972301136365,1574493843.1840646
0.015686257102272727,1574493843.5561073
0.015272105823863645,1574493843.9281287
0.014665305397727278,1574493844.3120823
0.015597922585227261,1574493844.684399
0.013703835227272717,1574493845.0562556
0.013687411221590905,1574493845.4281583
0.014039861505681817,1574493845.8121083
0.014115323153409078,1574493846.184295
0.014050514914772707,1574493846.5561864
0.014082031249999988,1574493846.9281752
0.015185102982954548,1574493847.3124692
0.0157559481534091,1574493847.6843045
0.01535955255681818,1574493848.0563161
0.014154385653409094,1574493848.4282413
0.0142236328125,1574493848.8121393
0.01438920454545455,1574493849.184168
0.015897549715909086,1574493849.5561693
0.01478471235795453,1574493849.928226
0.014692826704545461,1574493850.3121736
0.014157049005681818,1574493850.6841764
0.014113991477272719,1574493851.0562136
0.01414728338068182,1574493851.4282575
0.01416503906249998,1574493851.8121789
0.014108664772727262,1574493852.184201
0.014132634943181809,1574493852.5562582
0.0144620028409091,1574493852.9282615
0.014340376420454543,1574493853.3122058
0.01431329900568181,1574493853.6842287
0.01441317471590908,1574493854.056251
0.014216974431818174,1574493854.428303
0.01564142400568181,1574493854.812242
0.01410422585227273,1574493855.1842704
0.014175692471590907,1574493855.5562959
0.013719371448863616,1574493855.9283547
0.014759854403409088,1574493856.312493
0.014837091619318192,1574493856.6842804
0.014761629971590912,1574493857.0563085
0.014834428267045464,1574493857.4288652
0.014998224431818167,1574493857.8122988
0.014864169034090902,1574493858.1845033
0.01487437855113636,1574493858.556376
0.014977361505681817,1574493858.9284017
0.015144708806818181,1574493859.3123362
0.01599209872159092,1574493859.6843455
0.01453302556818183,1574493860.056378
0.01562633167613636,1574493860.4283874
0.014826882102272726,1574493860.8123584
0.014699041193181826,1574493861.184401
0.015169566761363633,1574493861.5563982
0.01483220880681818,1574493861.9284651
0.03072443181818182,1574493862.3124142
0.03320445667613637,1574493862.6844025
0.032141779119318196,1574493863.0565698
0.026981090198863616,1574493863.4284406
0.032227006392045454,1574493863.812403
0.024227627840909118,1574493864.1845996
0.02446644176136363,1574493864.5564606
0.031012961647727277,1574493864.9284503
0.034631125710227306,1574493865.3124657
0.032261186079545465,1574493865.6847384
0.0278182705965909,1574493866.056472
0.030239701704545437,1574493866.4284818
0.026767578124999993,1574493866.8124669
0.024303977272727272,1574493867.184816
0.02477894176136361,1574493867.5564923
0.034755859375000024,1574493867.9285324
0.03760387073863632,1574493868.3125453
0.03669921875000001,1574493868.684782
0.03655806107954543,1574493869.0565178
0.036588245738636345,1574493869.428551
0.03766290838068183,1574493869.8125215
0.03641779119318182,1574493870.1848326
0.03739746093750002,1574493870.5565858
0.03672762784090906,1574493870.928618
0.03700816761363634,1574493871.3125122
0.03682084517045454,1574493871.6845522
0.038867187500000004,1574493872.0566504
0.03737038352272727,1574493872.428744
0.03001154119318183,1574493872.8125618
0.03203080610795455,1574493873.1845822
0.026267311789772704,1574493873.556574
0.024360795454545458,1574493873.9286005
0.02752663352272727,1574493874.3126144
0.037243430397727276,1574493874.6845636
0.037299804687499986,1574493875.0565968
0.035236594460227276,1574493875.428621
0.03052734375,1574493875.8125913
0.0313809481534091,1574493876.1846068
0.024559215198863633,1574493876.5566382
0.02449529474431817,1574493876.9286242
0.02641912286931819,1574493877.312602
0.035438121448863644,1574493877.6846392
0.02507768110795454,1574493878.0566375
0.025219282670454528,1574493878.4286666
0.024410067471590902,1574493878.8126507
0.024707919034090912,1574493879.1846519
0.03630504261363637,1574493879.5566678
0.04207208806818183,1574493879.928758
0.03395463423295453,1574493880.3127034
0.02818403764204547,1574493880.6847446
0.026666814630681827,1574493881.0567496
0.030923739346590907,1574493881.4287274
0.02531693892045456,1574493881.8127253
0.025306729403409105,1574493882.1847184
0.0187198153409091,1574493882.5569994
0.015038174715909097,1574493882.928811
0.015320046164772724,1574493883.3127217
0.015029296874999995,1574493883.6848934
0.015027521306818187,1574493884.057008
0.015245028409090896,1574493884.428789
0.016765802556818178,1574493884.8127954
0.015184659090909098,1574493885.184825
0.01774591619318181,1574493885.556842
0.016147460937500004,1574493885.9290843
0.015994762073863644,1574493886.3130996
0.01617542613636363,1574493886.684855
0.015949041193181822,1574493887.0568762
0.016116388494318186,1574493887.4289086
0.016102183948863633,1574493887.8129215
0.01596368963068182,1574493888.184924
0.016436878551136368,1574493888.5570145
0.016187855113636358,1574493888.9289258
0.015992542613636376,1574493889.3129103
0.01638494318181819,1574493889.6849937
0.015372425426136356,1574493890.0570445
0.015562855113636366,1574493890.4290664
0.015576615767045448,1574493890.8129623
0.015632990056818185,1574493891.1849768
0.015594815340909098,1574493891.5569975
0.013875621448863625,1574493891.9290898
0.014206764914772714,1574493892.313079
0.013156960227272724,1574493892.6850443
0.014001686789772715,1574493893.0573106
0.01414373224431818,1574493893.4293418
0.014204545454545454,1574493893.8130305
0.014124200994318183,1574493894.1852367
0.014108220880681817,1574493894.557179
0.015373313210227255,1574493894.9293962
0.014384765624999997,1574493895.3132715
0.014369673295454537,1574493895.6851733
0.014716796874999995,1574493896.0573573
0.014152610085227285,1574493896.4301486
0.014557439630681816,1574493896.8136625
0.014140181107954545,1574493897.1854436
0.01428355823863636,1574493897.5575252
0.014257812500000005,1574493897.929211
0.014150390625,1574493898.3135877
0.014268909801136365,1574493898.6852198
0.014174804687499997,1574493899.0573437
0.01416148792613635,1574493899.429259
0.014453568892045446,1574493899.8132195
0.014406072443181824,1574493900.1852598
0.01642178622159091,1574493900.5573633
0.015427468039772737,1574493900.9293041
0.015091441761363629,1574493901.313255
0.015358220880681834,1574493901.6853573
0.015435458096590906,1574493902.0572946
0.015319158380681824,1574493902.4293854
0.015086558948863649,1574493902.8133616
0.014936967329545477,1574493903.1853456
0.015226828835227269,1574493903.5573492
0.015092329545454556,1574493903.9293504
0.014988014914772732,1574493904.3133287
0.015481178977272735,1574493904.6853309
0.015907315340909094,1574493905.057419
0.015435014204545447,1574493905.4293823
0.014667968749999982,1574493905.813369
0.015562411221590914,1574493906.1854308
0.01528409090909091,1574493906.557419
0.015344460227272727,1574493906.9294279
0.014986239346590909,1574493907.3134353
0.01491521661931818,1574493907.6854525
0.014121981534090909,1574493908.0575478
0.014173029119318172,1574493908.4295306
0.014108220880681822,1574493908.8135223
0.014655983664772722,1574493909.1855595
0.01417036576704546,1574493909.5578175
0.014995117187499993,1574493909.9295607
0.014167258522727266,1574493910.3135555
0.014353693181818181,1574493910.6860094
0.014393643465909095,1574493911.057993
0.014763849431818176,1574493911.4296381
0.01501376065340909,1574493911.8136184
0.014873046875000004,1574493912.185853
0.014083362926136355,1574493912.5580163
0.014363014914772735,1574493912.930403
0.014256036931818185,1574493913.3141298
0.014177468039772736,1574493913.6861293
0.014189897017045445,1574493914.0582361
0.014056729403409081,1574493914.4304686
0.015098987926136363,1574493914.8141057
0.014234286221590904,1574493915.186244
0.014187677556818186,1574493915.557978
0.014012784090909088,1574493915.9298973
0.014054509943181805,1574493916.3141742
0.014618696732954541,1574493916.6859732
0.014151722301136354,1574493917.0577724
0.014093572443181806,1574493917.4301896
0.014692826704545452,1574493917.814104
0.014764293323863626,1574493918.186121
0.01452459161931818,1574493918.5579696
0.015736860795454534,1574493918.9305916
0.015434126420454537,1574493919.3140526
0.015046164772727274,1574493919.6861145
0.01583274147727273,1574493920.0579708
0.01526766690340908,1574493920.4305854
0.01515802556818182,1574493920.8140702
0.015192205255681828,1574493921.1860034
0.014342595880681812,1574493921.5584984
0.014002574573863625,1574493921.9301026
0.014120649857954547,1574493922.3143997
0.015347123579545468,1574493922.686423
0.015308504971590916,1574493923.0584323
0.015247247869318185,1574493923.4306657
0.01431329900568181,1574493923.8139687
0.014302201704545457,1574493924.1859932
0.014585848721590902,1574493924.557996
0.015403941761363636,1574493924.9299848
0.014070490056818175,1574493925.3140585
0.014155273437499992,1574493925.686141
0.014230735085227271,1574493926.0581553
0.014389648437500001,1574493926.4306931
0.014165039062499987,1574493926.8141189
0.014034534801136353,1574493927.186201
0.0139754971590909,1574493927.5584447
0.01461780894886364,1574493927.930336
0.014059836647727262,1574493928.3144188
0.013947088068181816,1574493928.686651
0.014474431818181822,1574493929.0590024
0.014100674715909086,1574493929.4308836
0.014751420454545461,1574493929.8146527
0.014355468749999996,1574493930.1866362
0.014102006392045445,1574493930.558243
0.014218306107954534,1574493930.930823
0.014081587357954535,1574493931.314648
0.014202769886363646,1574493931.6862917
0.014017666903409092,1574493932.058621
0.014013671875000007,1574493932.4304588
0.014117986505681806,1574493932.8143072
0.014726562499999993,1574493933.1863525
0.014534801136363636,1574493933.558937
0.014090021306818185,1574493933.9308043
0.014147283380681821,1574493934.3148582
0.014569424715909093,1574493934.6869361
0.015310280539772726,1574493935.0589204
0.01393510298295455,1574493935.4322007
0.01429731889204545,1574493935.8148105
0.014121537642045458,1574493936.1871717
0.014109552556818174,1574493936.5585022
0.014077148437499989,1574493936.9305208
0.014744762073863639,1574493937.314506
0.014212979403409076,1574493937.6868453
0.01469859730113636,1574493938.058914
0.01418634588068181,1574493938.4310641
0.014458451704545443,1574493938.8162034
0.014062056107954555,1574493939.1865513
0.014430486505681822,1574493939.5585246
0.015149147727272737,1574493939.9309669
0.013886274857954543,1574493940.3144534
0.013782404119318166,1574493940.6869843
0.014610262784090909,1574493941.0593646
0.014889914772727282,1574493941.4306743
0.01539462002840909,1574493941.814534
0.015626775568181824,1574493942.186921
0.015860262784090907,1574493942.5590198
0.015213955965909092,1574493942.9311757
0.015264115767045455,1574493943.3150456
0.013928888494318194,1574493943.6869779
0.01575949928977273,1574493944.0593855
0.014839754971590912,1574493944.4315574
0.015249911221590912,1574493944.8148804
0.015667613636363636,1574493945.1866603
0.014870827414772725,1574493945.5588315
0.01475186434659092,1574493945.930921
0.01504616477272728,1574493946.3153353
0.014962713068181813,1574493946.6868844
0.014891690340909083,1574493947.0587919
0.03178577769886363,1574493947.4313526
0.034829101562499985,1574493947.8147888
0.021640625,1574493948.1872654
0.023681196732954542,1574493948.559877
0.023491654829545443,1574493948.9314287
0.023648792613636366,1574493949.3148432
0.03269353693181819,1574493949.687341
0.04271795099431818,1574493950.0588212
0.04212624289772725,1574493950.4316194
0.03761186079545453,1574493950.8147902
0.027169744318181817,1574493951.187629
0.024334161931818192,1574493951.5595646
0.025721324573863624,1574493951.9311044
0.025003551136363635,1574493952.3149526
0.01812499999999999,1574493952.6870677
0.017385475852272705,1574493953.0589304
0.01781205610795454,1574493953.4313252
0.017742808948863653,1574493953.814838
0.018142311789772738,1574493954.1876562
0.03629394531250002,1574493954.5595963
0.02862082741477271,1574493954.9309962
0.02715021306818182,1574493955.3156154
0.02726562499999999,1574493955.6876664
0.027130237926136364,1574493956.0589232
0.03296875000000001,1574493956.431059
0.033950639204545455,1574493956.814931
0.026705433238636382,1574493957.1869144
0.028676313920454548,1574493957.5589743
0.026658380681818184,1574493957.9309409
0.02653986150568182,1574493958.3149126
0.029644442471590905,1574493958.6869373
0.02686834161931816,1574493959.059109
0.026477716619318154,1574493959.4309883
0.02609685724431818,1574493959.8149576
0.02835893110795454,1574493960.1870008
0.024893465909090924,1574493960.559062
0.026991743607954546,1574493960.931026
0.026868341619318163,1574493961.3151343
0.02585537997159092,1574493961.6870716
0.02794833096590908,1574493962.059325
0.027966086647727276,1574493962.4311087
0.027297141335227277,1574493962.8150442
0.02610218394886362,1574493963.1870613
0.02808016690340907,1574493963.5592403
0.02713023792613638,1574493963.9311056
0.027030806107954546,1574493964.315111
0.02610307173295455,1574493964.6871336
0.02726828835227273,1574493965.0593133
0.028093039772727275,1574493965.4311402
0.027916814630681804,1574493965.815134
0.02673339843749999,1574493966.1871984
0.027306906960227275,1574493966.5593464
