amperes,timestamp
0.03649547230113639,1574505362.4327626
0.03566716974431821,1574505362.816686
0.037173295454545466,1574505363.188722
0.048835671164772734,1574505363.560755
0.06611372514204547,1574505363.9327586
0.07487349076704544,1574505364.3167186
0.06963911576704548,1574505364.6887448
0.0721684126420454,1574505365.0607758
0.05810546875,1574505365.432769
0.04330122514204543,1574505365.8167531
0.05135964133522726,1574505366.1887817
0.0360693359375,1574505366.5607834
0.036672585227272736,1574505366.9327998
0.026734730113636362,1574505367.3167806
0.03320889559659091,1574505367.6887922
0.02278320312500001,1574505368.0608072
0.019149946732954542,1574505368.4328256
0.017179953835227267,1574505368.8168125
0.026103515625,1574505369.1888149
0.03308638139204547,1574505369.5608408
0.025578391335227275,1574505369.9328635
0.029973810369318187,1574505370.3168182
0.037290482954545456,1574505370.688841
0.05277299360795455,1574505371.0608692
0.03468838778409091,1574505371.4328625
0.03890092329545455,1574505371.8168483
0.03637517755681817,1574505372.1889472
0.0483615944602273,1574505372.5609462
0.03977095170454542,1574505372.9329455
0.035814098011363635,1574505373.3169034
0.037557705965909106,1574505373.6889079
0.04719637784090906,1574505374.0609295
0.03715154474431816,1574505374.4329278
0.04721102627840908,1574505374.8169098
0.0399822443181818,1574505375.188913
0.03365767045454545,1574505375.560946
0.031745827414772734,1574505375.9329526
0.03589177911931818,1574505376.3169415
0.036147460937500014,1574505376.6889365
0.027346857244318193,1574505377.060987
0.03706010298295454,1574505377.432994
0.03439897017045455,1574505377.8169408
0.03406560724431816,1574505378.1889687
0.03577503551136363,1574505378.5610023
0.03538840553977273,1574505378.933022
0.03610351562499999,1574505379.3169749
0.03512029474431818,1574505379.6890013
0.0352579012784091,1574505380.0610297
0.036074218750000005,1574505380.4330406
0.03646661931818182,1574505380.8170109
0.034481534090909094,1574505381.1890285
0.033817471590909094,1574505381.5610335
0.03075727982954545,1574505381.933058
0.03554332386363636,1574505382.3170376
0.0354425603693182,1574505382.6890352
0.039596502130681825,1574505383.0610712
0.035729314630681804,1574505383.4330924
0.03543323863636363,1574505383.8170357
0.029092240767045453,1574505384.189079
0.035402166193181824,1574505384.5610921
0.03498135653409088,1574505384.9331195
0.03542791193181817,1574505385.3170712
0.03786843039772728,1574505385.6891034
0.03576482599431817,1574505386.0611227
0.035998757102272724,1574505386.4331164
0.034043412642045405,1574505386.8171086
0.03628018465909088,1574505387.18913
0.03438210227272727,1574505387.5611558
0.03296741832386366,1574505387.9331539
0.03549316406249997,1574505388.3171287
0.03405362215909094,1574505388.6891568
0.030948153409090923,1574505389.0611713
0.03278053977272727,1574505389.4331803
0.035417258522727285,1574505389.8171697
0.03474476207386362,1574505390.1891675
0.02677246093750002,1574505390.561191
0.03653675426136361,1574505390.9332173
0.03460848721590908,1574505391.3171937
0.04057395241477273,1574505391.6891935
0.02865234374999999,1574505392.061239
0.03212269176136364,1574505392.4332407
0.0342227450284091,1574505392.8172011
0.037696644176136364,1574505393.1892288
0.03721546519886363,1574505393.561325
0.03624422940340909,1574505393.9333258
0.035566406250000016,1574505394.3172815
0.036673473011363616,1574505394.6892846
0.03465021306818181,1574505395.0612738
0.03857998934659091,1574505395.4332998
0.06937677556818186,1574505395.8172605
0.04779873934659093,1574505396.189282
0.02805087002840909,1574505396.5612876
0.027766335227272693,1574505396.9333096
0.026143909801136372,1574505397.3172946
0.02692160866477275,1574505397.6892936
0.026158114346590933,1574505398.0613112
0.024983575994318198,1574505398.433336
0.022866654829545453,1574505398.8173256
0.02239346590909091,1574505399.1893222
0.02229403409090909,1574505399.5613453
0.022117365056818175,1574505399.933371
0.022472478693181815,1574505400.3173246
0.031161221590909095,1574505400.6893525
0.02415438565340909,1574505401.0613737
0.021938032670454532,1574505401.4333785
0.02185324928977274,1574505401.817357
0.021898970170454547,1574505402.1893783
0.021893199573863643,1574505402.5614119
0.02145507812499999,1574505402.9334037
0.02232199928977275,1574505403.3173869
0.022440518465909078,1574505403.6894164
0.02214133522727272,1574505404.061418
0.021872336647727284,1574505404.4334366
0.021967773437499977,1574505404.8174222
0.021511896306818195,1574505405.1894207
0.02223588423295456,1574505405.5614436
0.021679687500000006,1574505405.93347
0.021653053977272723,1574505406.3174436
0.0214315518465909,1574505406.6894505
0.022333984375000004,1574505407.0614688
0.022076083096590933,1574505407.4334905
0.024122425426136365,1574505407.817457
0.02246759588068182,1574505408.1894805
0.022316228693181825,1574505408.5615118
0.02201127485795456,1574505408.933505
0.021817294034090922,1574505409.3174822
0.022125799005681818,1574505409.6895087
0.021994850852272745,1574505410.0615106
0.022353959517045455,1574505410.4335334
0.02687943892045457,1574505410.8175094
0.0240127840909091,1574505411.1895375
0.02183194247159092,1574505411.5615382
0.02244540127840911,1574505411.9335666
0.02208762428977271,1574505412.3175457
0.021133256392045448,1574505412.689544
0.020945933948863633,1574505413.0615711
0.02174360795454547,1574505413.4335947
0.022497780539772715,1574505413.817546
0.022436967329545438,1574505414.189577
0.02173561789772725,1574505414.5616138
0.021952237215909078,1574505414.9337027
0.02131791548295454,1574505415.3176568
0.02272771661931819,1574505415.6896565
0.020922851562499987,1574505416.0616543
0.021831054687499987,1574505416.4336638
0.02115456321022727,1574505416.817612
0.022736150568181825,1574505417.1896367
0.021028941761363624,1574505417.5616364
0.02177423650568182,1574505417.9336636
0.022191051136363635,1574505418.3176365
0.02073952414772726,1574505418.6896698
0.022268288352272722,1574505419.0616698
0.02175292968750001,1574505419.4336884
0.0220174893465909,1574505419.8176715
0.022131125710227267,1574505420.1896775
0.02629882812499999,1574505420.5617
0.021930930397727266,1574505420.9337215
0.02245250355113636,1574505421.3176734
0.021279296875000006,1574505421.6897042
0.0222176846590909,1574505422.061732
0.02202725497159089,1574505422.433765
0.0217578125,1574505422.8177104
0.02093838778409091,1574505423.189741
0.022147549715909095,1574505423.5617511
0.023628373579545482,1574505423.9337566
0.024203213778409095,1574505424.317732
0.02127974076704544,1574505424.689761
0.021704989346590917,1574505425.061762
0.022016157670454544,1574505425.4337857
0.022828480113636362,1574505425.817768
0.022265625000000008,1574505426.1897922
0.022222123579545457,1574505426.5617929
0.022464488636363626,1574505426.9338124
0.021726296164772726,1574505427.3177965
0.02201083096590908,1574505427.6898007
0.021450195312500003,1574505428.0618207
0.02261408025568182,1574505428.4338436
0.021191406249999996,1574505428.8178127
0.0231494140625,1574505429.1898332
0.02204323508522726,1574505429.5618608
0.022022816051136374,1574505429.9338562
0.021578480113636365,1574505430.3178303
0.022634499289772726,1574505430.6898594
0.022052112926136364,1574505431.0618815
0.021787553267045456,1574505431.433893
0.02161443536931817,1574505431.8178618
0.021668590198863646,1574505432.1898835
0.02290216619318182,1574505432.5619104
0.02328258167613636,1574505432.9339108
0.02171653053977273,1574505433.3178976
0.022763671874999992,1574505433.6899161
0.02354003906249999,1574505434.0619166
0.027899502840909123,1574505434.433949
0.02210138494318182,1574505434.8179228
0.021760031960227286,1574505435.1899226
0.022409889914772725,1574505435.5619483
0.02275923295454547,1574505435.9339707
0.021526544744318168,1574505436.3179297
0.021616654829545452,1574505436.690029
0.022294477982954544,1574505437.0620375
0.021767578125000003,1574505437.4340284
0.021345436789772736,1574505437.8179955
0.022244318181818185,1574505438.189989
0.02174671519886364,1574505438.5620117
0.02244007457386364,1574505438.9340115
0.02221280184659091,1574505439.3179924
0.021011186079545458,1574505439.6900163
0.020718661221590884,1574505440.0620372
0.02146439985795455,1574505440.434038
0.02234064275568181,1574505440.8180256
0.02001775568181819,1574505441.1900444
0.020752840909090912,1574505441.5620496
0.02098499644886365,1574505441.9340682
0.02097256747159091,1574505442.3180516
0.02076171875,1574505442.6900473
0.021511896306818164,1574505443.0620763
0.02117587002840909,1574505443.4341006
0.02190740411931819,1574505443.8180559
0.024063831676136356,1574505444.1900856
0.04053311434659093,1574505444.562114
0.05277033025568184,1574505444.9341273
0.05129616477272728,1574505445.3181036
0.025639204545454552,1574505445.6901238
0.023154740767045445,1574505446.0621383
0.023852095170454526,1574505446.4341424
0.023162286931818186,1574505446.8181176
0.021729403409090926,1574505447.1901474
0.021193625710227277,1574505447.5621388
0.022054332386363663,1574505447.9341714
0.02137251420454547,1574505448.3181486
0.02113103693181818,1574505448.6901748
0.02168634588068181,1574505449.0621753
0.022561700994318184,1574505449.434207
0.020865589488636364,1574505449.81818
0.02494495738636363,1574505450.1901796
0.024417169744318193,1574505450.5621989
0.024009232954545465,1574505450.9342308
0.022360174005681813,1574505451.3181891
0.02200239701704545,1574505451.6902068
0.020743075284090914,1574505452.0622373
0.02231356534090909,1574505452.4342597
0.021147904829545462,1574505452.818209
0.021867009943181834,1574505453.1902363
0.021712091619318183,1574505453.5622633
0.021215376420454547,1574505453.934269
0.022818714488636364,1574505454.3182473
0.023374467329545453,1574505454.6902723
0.021075106534090917,1574505455.0622709
0.02256835937499999,1574505455.4343069
0.022820933948863628,1574505455.8182726
0.02139426491477273,1574505456.1903005
0.02116787997159092,1574505456.5623052
0.021381392045454552,1574505456.9343345
0.022159978693181794,1574505457.318308
0.021933593749999997,1574505457.6903062
0.022685546875,1574505458.0624075
0.022435191761363632,1574505458.4344049
0.021166992187500008,1574505458.8183568
0.022721946022727268,1574505459.190366
0.02196333451704546,1574505459.5623603
0.022393909801136352,1574505459.9343872
0.02158380681818183,1574505460.3183358
0.021714311079545457,1574505460.69037
0.02196111505681817,1574505461.0623922
0.021945578835227287,1574505461.434387
0.02199529474431819,1574505461.8183718
0.02110129616477272,1574505462.1903994
0.02156471946022728,1574505462.562398
0.02181063565340908,1574505462.9344199
0.02199307528409093,1574505463.3184545
0.021749822443181816,1574505463.6904056
0.022026811079545443,1574505464.0624325
0.021656161221590916,1574505464.4344568
0.020965909090909077,1574505464.8184366
0.02374600497159091,1574505465.1904366
0.021699662642045463,1574505465.5624628
0.022951438210227267,1574505465.934482
0.02170720880681818,1574505466.3184326
0.020654296875,1574505466.6904643
0.02153542258522728,1574505467.0624833
0.021914950284090906,1574505467.4344883
0.021724964488636363,1574505467.8184655
0.02263494318181819,1574505468.190492
0.021793767755681825,1574505468.5625312
0.021186523437499997,1574505468.9345136
0.021970880681818187,1574505469.3185005
0.022749023437499977,1574505469.6905272
0.02163441051136364,1574505470.0625298
0.02138805042613635,1574505470.434552
0.022890181107954544,1574505470.818533
0.022712624289772745,1574505471.1905248
0.021081321022727275,1574505471.5625548
0.021824840198863642,1574505471.9345818
0.02135298295454544,1574505472.3185594
0.02264870383522728,1574505472.6905613
0.021756480823863642,1574505473.062587
0.02135564630681819,1574505473.4346092
0.02208096590909091,1574505473.81856
0.022198153409090905,1574505474.1905909
0.02101384943181818,1574505474.5626144
0.022511541193181828,1574505474.9346163
0.02317072088068184,1574505475.318599
0.021613547585227287,1574505475.6906195
0.022739701704545458,1574505476.0626473
0.02253906250000001,1574505476.4346442
0.020949485085227263,1574505476.8186252
0.020807883522727263,1574505477.1906493
0.02257590553977273,1574505477.5626547
0.02093838778409091,1574505477.9346733
0.021455522017045436,1574505478.3186595
0.0212109375,1574505478.6906567
0.022674449573863633,1574505479.0626757
0.021793323863636353,1574505479.4347801
0.02223588423295455,1574505479.818731
0.02142844460227272,1574505480.1907377
0.023138760653409085,1574505480.562744
0.022473366477272737,1574505480.9347339
0.02097878196022728,1574505481.318721
0.021459960937499998,1574505481.6907153
0.02176447088068181,1574505482.0627463
0.021351651278409087,1574505482.4347389
0.02266468394886363,1574505482.8187234
0.02132679332386364,1574505483.1907427
0.0218350497159091,1574505483.562779
0.023275479403409093,1574505483.934774
0.023528941761363626,1574505484.3187501
0.02317560369318181,1574505484.6907797
0.021689453125000004,1574505485.0627825
0.022357954545454525,1574505485.4348047
0.0229833984375,1574505485.8187852
0.021408913352272727,1574505486.190779
0.02268909801136363,1574505486.5628045
0.022045010653409105,1574505486.9348347
0.021724964488636384,1574505487.3188128
0.02345348011363636,1574505487.690819
0.021689897017045445,1574505488.0628405
0.0227197265625,1574505488.4348607
0.021154119318181803,1574505488.8188193
0.022304243607954546,1574505489.1908443
0.022162642045454532,1574505489.56287
0.021317471590909087,1574505489.9348655
0.02236949573863637,1574505490.318851
0.0213338955965909,1574505490.690876
0.02166415127840909,1574505491.0628977
0.02317560369318181,1574505491.434894
0.021866566051136377,1574505491.8188813
0.021874556107954544,1574505492.190909
0.021850585937499976,1574505492.562905
0.02172807173295455,1574505492.934932
0.021100408380681817,1574505493.3189094
0.021886985085227278,1574505493.6909218
0.021820401278409104,1574505494.0629375
0.022141779119318174,1574505494.4349592
0.02211958451704545,1574505494.8189416
0.02169611150568182,1574505495.190941
0.02225541548295456,1574505495.5629654
0.021496803977272716,1574505495.9349923
0.02205877130681819,1574505496.3189497
0.022399680397727283,1574505496.6909723
0.020395507812499984,1574505497.0629928
0.025841619318181807,1574505497.4350078
0.021950017755681814,1574505497.8189757
0.021634410511363625,1574505498.1909986
0.021879438920454543,1574505498.5629954
0.021373401988636367,1574505498.9350393
0.022270063920454553,1574505499.3190098
0.02284401633522727,1574505499.6910357
0.021491033380681812,1574505500.0630357
0.02186523437500001,1574505500.4350626
0.022642045454545442,1574505500.8191087
0.022248757102272747,1574505501.1911128
0.02037464488636365,1574505501.5631201
0.022222567471590925,1574505501.9351118
0.021725852272727282,1574505502.3190668
0.022400124289772724,1574505502.6911004
0.021481711647727286,1574505503.063091
0.020817205255681825,1574505503.4351206
0.021773792613636354,1574505503.8190758
0.02257679332386364,1574505504.1911116
0.02158647017045454,1574505504.5631244
0.02128062855113637,1574505504.9351294
0.02226962002840909,1574505505.3190997
0.022205255681818168,1574505505.6911352
0.02290660511363634,1574505506.063155
0.023073064630681813,1574505506.4351532
0.020892223011363623,1574505506.8191338
0.021801757812500003,1574505507.1911595
0.020997869318181817,1574505507.563159
0.022157315340909083,1574505507.9351795
0.02209694602272727,1574505508.319168
0.02146262428977273,1574505508.6911721
0.022841796875000004,1574505509.0631871
0.0214266690340909,1574505509.435222
0.02148570667613636,1574505509.81917
0.022727716619318186,1574505510.191197
0.021723632812499998,1574505510.5632463
0.022937233664772735,1574505510.9352458
0.0209033203125,1574505511.3191986
0.02249067826704545,1574505511.691222
0.021782670454545437,1574505512.063252
0.02202015269886364,1574505512.4352582
0.021536310369318194,1574505512.8192344
0.021653941761363642,1574505513.1912525
0.022342418323863647,1574505513.5632622
0.021578036221590914,1574505513.9352808
0.02447798295454543,1574505514.31927
0.021894531249999988,1574505514.691286
0.021886097301136376,1574505515.063289
0.021532315340909065,1574505515.4353132
0.022598544034090916,1574505515.8192952
0.023352272727272742,1574505516.191296
0.021917169744318184,1574505516.5633214
0.0221542080965909,1574505516.9353483
0.02172807173295456,1574505517.3193011
0.02153364701704547,1574505517.6913276
0.021320134943181815,1574505518.0633497
0.022149325284090908,1574505518.435372
0.02127574573863637,1574505518.819323
0.02178400213068182,1574505519.1913486
0.021277521306818193,1574505519.5633795
0.022175514914772723,1574505519.935387
0.020861594460227263,1574505520.319359
0.02148393110795455,1574505520.6913898
0.02244762073863637,1574505521.0633786
0.021685014204545452,1574505521.435432
0.02175648082386363,1574505521.819411
0.022845791903409098,1574505522.1914923
0.021922052556818183,1574505522.5634952
0.021788884943181812,1574505522.9354944
0.021861683238636357,1574505523.3194547
0.022823153409090913,1574505523.6914463
0.022708185369318158,1574505524.0634737
0.02102272727272729,1574505524.435483
0.02153675426136362,1574505524.8194594
0.0218359375,1574505525.1914668
0.02166548295454544,1574505525.5634873
0.02398570667613637,1574505525.9355128
0.023118785511363635,1574505526.3194644
0.021913618607954516,1574505526.6914916
0.022129350142045454,1574505527.0635197
0.022034801136363642,1574505527.4355183
0.020824751420454545,1574505527.8194873
0.022787198153409075,1574505528.1915083
0.02150346235795454,1574505528.5635152
0.022739257812499986,1574505528.9355388
0.020848277698863642,1574505529.3195176
0.021258433948863627,1574505529.6915119
0.021333895596590907,1574505530.063546
0.022437855113636353,1574505530.435568
0.022240767045454527,1574505530.8195434
0.021518110795454546,1574505531.1915443
0.021482155539772726,1574505531.5635703
0.022304687499999986,1574505531.9356034
0.02083362926136363,1574505532.3195527
0.02121937144886363,1574505532.6915836
0.02145774147727273,1574505533.0636108
0.021749378551136355,1574505533.4356277
0.022122691761363625,1574505533.8195837
0.022396129261363622,1574505534.1916103
0.021067560369318183,1574505534.5636315
0.022320223721590923,1574505534.935634
0.021480379971590902,1574505535.3196142
0.02128773082386365,1574505535.691637
0.021937144886363634,1574505536.0636427
0.021874556107954538,1574505536.435664
0.020888671875000004,1574505536.8196497
0.021565607244318188,1574505537.191666
0.02150834517045453,1574505537.5636742
0.02171564275568182,1574505537.9356892
0.022195046164772716,1574505538.319675
0.022678444602272745,1574505538.691678
0.022306019176136362,1574505539.063696
0.022244318181818178,1574505539.435719
0.021815962357954525,1574505539.8196826
0.02278142755681817,1574505540.1917062
0.028448153409090914,1574505540.5637276
0.022892844460227275,1574505540.9357288
0.021451083096590908,1574505541.3197083
0.021725408380681807,1574505541.6917307
0.02173694957386361,1574505542.0637646
0.021237571022727286,1574505542.4357612
0.021417791193181816,1574505542.819744
0.02072176846590907,1574505543.1917632
0.021880326704545473,1574505543.5637624
0.021556285511363647,1574505543.9358652
0.022207031250000005,1574505544.319824
0.02198375355113637,1574505544.691823
0.021431995738636373,1574505545.0638165
0.02171475497159091,1574505545.4358175
0.02175115411931819,1574505545.8198035
0.023009588068181826,1574505546.191795
0.021424893465909086,1574505546.563833
0.021186079545454536,1574505546.9358466
0.02058638139204545,1574505547.3198028
0.02153542258522729,1574505547.691835
0.020940163352272737,1574505548.0638564
0.02151100852272729,1574505548.4358842
0.021359641335227286,1574505548.8198395
0.02138227982954545,1574505549.1918635
0.02207164417613637,1574505549.5638807
0.02149147727272728,1574505549.9358866
0.023769531249999996,1574505550.3198617
0.02244406960227273,1574505550.6918945
0.022842240767045458,1574505551.0638964
0.020636985085227277,1574505551.435922
0.022197709517045458,1574505551.8199024
0.02206099076704546,1574505552.1918945
0.021532315340909096,1574505552.5639186
0.021934037642045455,1574505552.9359481
0.021425781249999998,1574505553.3199239
0.021147904829545452,1574505553.6919248
0.021310813210227285,1574505554.0639553
0.022022816051136367,1574505554.4359794
0.021588245738636356,1574505554.8199272
0.02194779829545455,1574505555.1919577
0.02189719460227273,1574505555.5639822
0.02111194957386365,1574505555.9359796
0.023036665482954553,1574505556.3199623
0.022969193892045443,1574505556.6919882
0.02151100852272728,1574505557.0640132
0.021340110085227265,1574505557.4360065
0.022147549715909095,1574505557.8199944
0.021426225142045455,1574505558.192019
0.021119939630681837,1574505558.5640228
0.021569158380681817,1574505558.936044
0.022712180397727284,1574505559.32002
0.021589133522727264,1574505559.6920261
0.022075195312499993,1574505560.0640442
0.021360529119318187,1574505560.436076
0.02202769886363638,1574505560.8200533
0.021679687500000003,1574505561.1920533
0.02404563210227273,1574505561.5640824
0.022480024857954542,1574505561.9361024
0.0217227450284091,1574505562.320062
0.021919389204545447,1574505562.692087
0.022538174715909104,1574505563.0641117
0.021712535511363634,1574505563.4361305
0.022987837357954555,1574505563.8200934
0.02231977982954544,1574505564.1921198
0.021795543323863624,1574505564.5641375
0.02199973366477273,1574505564.9361403
0.021385830965909097,1574505565.3201928
0.02160466974431819,1574505565.6921954
0.022469815340909093,1574505566.0641963
0.021159446022727277,1574505566.4361963
0.02143599076704546,1574505566.820151
0.02248446377840909,1574505567.1921794
0.021552734374999993,1574505567.5641797
0.02137207031250001,1574505567.9361959
0.022311789772727277,1574505568.320176
0.02231844815340909,1574505568.6921813
0.021450195312499993,1574505569.0642133
0.021623313210227292,1574505569.4362338
0.021323686079545455,1574505569.8201885
0.02153675426136364,1574505570.1922164
0.02252308238636365,1574505570.5642335
0.021754261363636368,1574505570.9362612
0.02195090553977273,1574505571.3202226
0.022556818181818178,1574505571.692243
0.021344105113636373,1574505572.064263
0.02099875710227274,1574505572.4362714
0.021258877840909098,1574505572.820246
0.021923384232954563,1574505573.1922722
0.02185014204545455,1574505573.564274
0.021926047585227263,1574505573.9362931
0.022943004261363635,1574505574.3202798
0.021969549005681814,1574505574.692302
0.023469016335227254,1574505575.0643013
0.021648615056818202,1574505575.4363265
0.022231889204545448,1574505575.8202813
0.02388805042613636,1574505576.1923113
0.021602894176136367,1574505576.5643337
0.02209561434659089,1574505576.9363525
0.022080965909090918,1574505577.3203108
0.02179509943181818,1574505577.6923347
0.021451083096590925,1574505578.0643687
0.02347167968749998,1574505578.4363651
0.021799094460227278,1574505578.8203454
0.02189541903409091,1574505579.1923702
0.021424893465909096,1574505579.5644183
0.02172096946022728,1574505579.9364018
0.02169833096590909,1574505580.3203743
0.022401899857954537,1574505580.6924052
0.022112482244318186,1574505581.064398
0.021702769886363642,1574505581.4364216
0.021673029119318166,1574505581.8204021
0.021889204545454545,1574505582.1924129
0.02202991832386363,1574505582.5644329
0.022832031249999992,1574505582.9364612
0.021239790482954542,1574505583.3204372
0.021706764914772723,1574505583.692443
0.02281249999999998,1574505584.064459
0.02209517045454546,1574505584.4364798
0.021271306818181814,1574505584.8204432
0.02163219105113638,1574505585.1924663
0.02168013139204547,1574505585.5645027
0.020066583806818184,1574505585.9364946
0.023301225142045467,1574505586.3204713
0.021297940340909077,1574505586.6925726
0.021164328835227272,1574505587.0645735
0.021594016335227277,1574505587.4365702
0.021868341619318183,1574505587.8205266
0.02059881036931818,1574505588.192528
0.02190962357954547,1574505588.5645509
0.020959694602272722,1574505588.93655
0.021058682528409096,1574505589.3205345
0.022271395596590894,1574505589.6925392
0.022146218039772736,1574505590.0645616
0.021883433948863634,1574505590.436587
0.022048561789772724,1574505590.8205502
0.022621182528409094,1574505591.1925611
0.021563387784090893,1574505591.5645914
0.02182528409090909,1574505591.936614
0.02167569247159093,1574505592.3205733
0.021046253551136377,1574505592.6925945
0.02224431818181818,1574505593.064617
0.02119451349431819,1574505593.4366117
0.021724520596590906,1574505593.8205981
0.022325994318181813,1574505594.1926224
0.0202938565340909,1574505594.56462
0.021779563210227258,1574505594.9366424
0.02124689275568181,1574505595.320628
0.02210848721590911,1574505595.6926534
0.021046697443181828,1574505596.0646594
0.021774680397727276,1574505596.4366748
0.021112393465909093,1574505596.8206525
0.021282404119318175,1574505597.1926622
0.0214306640625,1574505597.5646873
0.02146439985795456,1574505597.9367032
0.021153231534090895,1574505598.32067
0.02170365767045454,1574505598.6926906
0.020850497159090913,1574505599.064714
0.021393377130681814,1574505599.436741
0.022163529829545465,1574505599.8207004
0.021304154829545438,1574505600.1927266
0.02716530539772725,1574505600.5647428
0.024755859375000015,1574505600.9367466
0.0219588955965909,1574505601.3207269
0.021636186079545445,1574505601.6927633
0.021004083806818185,1574505602.0647862
0.021713867187499996,1574505602.4367733
0.021356534090909103,1574505602.8207548
0.020642311789772733,1574505603.1927629
0.022559481534090917,1574505603.5647798
0.021455078125,1574505603.936809
0.021661044034090925,1574505604.3207855
0.022020152698863642,1574505604.6927915
0.021068004261363633,1574505605.0648093
0.021807972301136378,1574505605.4368358
0.021206054687500007,1574505605.8207877
0.022651811079545454,1574505606.1928124
0.022532848011363633,1574505606.5648456
0.0219304865056818,1574505606.9368424
0.02198020241477271,1574505607.3208256
0.022812056107954535,1574505607.6928494
0.020986328124999985,1574505608.064943
0.021823064630681822,1574505608.4369414
0.02183061079545456,1574505608.820897
0.020663174715909085,1574505609.192907
0.022173295454545473,1574505609.564898
0.02176535866477274,1574505609.9369009
0.023284357244318158,1574505610.3208847
0.02178355823863638,1574505610.6929028
0.02197221235795454,1574505611.0649116
0.022286044034090898,1574505611.4369378
0.02183061079545453,1574505611.8209085
0.02164417613636363,1574505612.1929207
0.02159446022727272,1574505612.5649397
0.023470348011363624,1574505612.9369571
0.021121715198863637,1574505613.3209178
0.022077414772727278,1574505613.6929405
0.02223366477272729,1574505614.0649683
0.02134232954545456,1574505614.436968
0.02351162997159089,1574505614.820946
0.02243208451704547,1574505615.192978
0.02201704545454547,1574505615.5650032
0.022792968750000003,1574505615.9369955
0.021934481534090902,1574505616.3209784
0.021514559659090906,1574505616.6930008
0.021090642755681812,1574505617.065003
0.021072443181818192,1574505617.4370306
0.02127707741477273,1574505617.821005
0.022454279119318195,1574505618.1930373
0.0248379794034091,1574505618.565039
0.02290838068181819,1574505618.9370673
0.023408647017045463,1574505619.3210392
0.022864435369318176,1574505619.6930394
0.02118208451704545,1574505620.0650654
0.022124467329545462,1574505620.4370947
0.02115145596590908,1574505620.8210442
0.020640980113636364,1574505621.1930652
0.02140846946022728,1574505621.5650897
0.020582386363636358,1574505621.9371183
0.020975674715909096,1574505622.3210764
0.02086869673295454,1574505622.6930974
0.019799360795454544,1574505623.0651224
0.02253639914772726,1574505623.437123
0.053621715198863634,1574505623.8211064
0.03513139204545453,1574505624.1931312
0.021997958096590924,1574505624.5651307
0.021302379261363656,1574505624.9371517
0.021718306107954548,1574505625.3211412
0.022379261363636358,1574505625.6931405
0.021514559659090892,1574505626.0651627
0.02228426846590909,1574505626.4371915
0.02210981889204545,1574505626.821172
0.02171164772727272,1574505627.1931682
0.022420099431818195,1574505627.565194
0.021934925426136363,1574505627.937218
0.022535511363636355,1574505628.3211803
0.021796874999999983,1574505628.6932003
0.02206764914772728,1574505629.0652177
0.0225594815340909,1574505629.4372191
0.021950461647727276,1574505629.8212798
0.02171653053977274,1574505630.1932807
0.021787553267045442,1574505630.5652757
0.021947354403409093,1574505630.9372778
0.022757457386363637,1574505631.321234
0.0219442471590909,1574505631.6932545
0.020816761363636378,1574505632.0652556
0.021040482954545445,1574505632.4372804
0.02230557528409093,1574505632.8212612
0.02224387428977276,1574505633.193283
0.021616654829545452,1574505633.5652895
0.02144176136363637,1574505633.937335
0.021722745028409086,1574505634.321303
0.02213068181818182,1574505634.6932967
0.025622336647727242,1574505635.0653164
0.02078790838068181,1574505635.4373481
0.02145374644886364,1574505635.8213017
0.023755770596590897,1574505636.193325
0.022030362215909094,1574505636.5653465
0.021630415482954544,1574505636.9373474
0.021761363636363634,1574505637.3213274
0.02209428267045455,1574505637.693361
0.02212091619318181,1574505638.0653782
0.02199973366477272,1574505638.437375
0.021989080255681814,1574505638.8213618
0.02171830610795454,1574505639.193386
0.021565607244318198,1574505639.5653849
0.02186079545454546,1574505639.9374132
0.021750710227272724,1574505640.3213892
0.020653409090909094,1574505640.6934345
0.022429421164772714,1574505641.065417
0.022421874999999994,1574505641.4374418
0.02180308948863636,1574505641.8214173
0.021528764204545456,1574505642.1934218
0.02148881392045455,1574505642.5654461
0.023172940340909096,1574505642.9374716
0.022050337357954527,1574505643.3214295
0.0215398615056818,1574505643.6934547
0.021983753551136367,1574505644.0654736
0.02393776633522726,1574505644.4374847
0.022234996448863655,1574505644.8214548
0.02168101917613635,1574505645.193481
0.022396129261363636,1574505645.5655036
0.021731622869318182,1574505645.9375002
0.02333052201704546,1574505646.3214862
0.0218572443181818,1574505646.6935115
0.021228693181818182,1574505647.0655131
0.021504350142045464,1574505647.437534
0.02215465198863637,1574505647.8215134
0.0226114169034091,1574505648.1935184
0.021799094460227257,1574505648.5655427
0.02241033380681818,1574505648.937564
0.0214200106534091,1574505649.3215415
0.020603693181818164,1574505649.6935482
0.022129350142045458,1574505650.0655744
0.02164683948863635,1574505650.437598
0.02188387784090909,1574505650.8215535
0.02213334517045456,1574505651.193653
0.022731267755681822,1574505651.5656557
0.021814186789772733,1574505651.9376545
0.021527432528409086,1574505652.3216069
0.021226917613636348,1574505652.6936083
0.021280184659090904,1574505653.0656292
0.02179953835227273,1574505653.437633
0.022408114346590915,1574505653.8216166
0.022532404119318176,1574505654.1936424
0.02163485440340908,1574505654.5656366
0.02166060014204546,1574505654.9376595
0.02164728338068181,1574505655.3216448
0.02222345525568181,1574505655.6936421
0.0216610440340909,1574505656.065666
0.022774769176136366,1574505656.4376967
0.02155362215909091,1574505656.8216517
0.021354758522727266,1574505657.193669
0.020987215909090907,1574505657.565696
0.021857688210227252,1574505657.9377239
0.021880326704545473,1574505658.3216763
0.021348100142045457,1574505658.6937053
0.02041903409090909,1574505659.0657296
0.0226611328125,1574505659.4377337
0.021760919744318173,1574505659.821712
0.02069335937499999,1574505660.1937377
0.027454279119318168,1574505660.5657616
0.021495472301136354,1574505660.9377592
0.021741388494318194,1574505661.3217452
0.02172807173295452,1574505661.693772
0.021695667613636366,1574505662.0657651
0.021900301846590902,1574505662.4377975
0.020960138494318176,1574505662.82177
0.022501775568181812,1574505663.1937742
0.0215087890625,1574505663.5657969
0.026998401988636355,1574505663.937823
0.039707475142045465,1574505664.321809
0.02892400568181817,1574505664.6938035
0.021960671164772745,1574505665.0658295
0.02181995738636362,1574505665.437861
0.021985529119318187,1574505665.8218045
0.021630415482954544,1574505666.1938353
0.022609197443181826,1574505666.5658584
0.022058327414772722,1574505666.9378521
0.022037908380681814,1574505667.3218398
0.02140802556818183,1574505667.6938586
0.021508789062500006,1574505668.0658689
0.023568448153409086,1574505668.4378917
0.021624644886363637,1574505668.8218694
0.02187056107954544,1574505669.1938953
0.021134144176136366,1574505669.5658941
0.023691850142045442,1574505669.9379218
0.02314098011363634,1574505670.3218937
0.022184836647727257,1574505670.6939006
0.02175736860795455,1574505671.0659223
0.021820401278409104,1574505671.4379504
0.022241210937500006,1574505671.8219059
0.022853338068181822,1574505672.193928
0.020890447443181803,1574505672.5660305
0.021668590198863642,1574505672.9380286
0.02134410511363637,1574505673.3219817
0.021148792613636374,1574505673.6939838
0.022021928267045455,1574505674.0659826
0.021138139204545447,1574505674.4380095
0.021478160511363652,1574505674.8219666
0.021895862926136364,1574505675.1939874
0.02103560014204545,1574505675.5660162
0.022379705255681816,1574505675.9380164
0.022022816051136367,1574505676.321993
0.021654829545454557,1574505676.6940227
0.02134543678977273,1574505677.0660207
0.022303355823863637,1574505677.4380434
0.02266468394886364,1574505677.8220289
0.02219193892045455,1574505678.1940272
0.022120028409090907,1574505678.5660539
0.022883078835227277,1574505678.938081
0.022170632102272735,1574505679.322028
0.02048029119318184,1574505679.6940653
0.02166237571022727,1574505680.0660818
0.02228071732954545,1574505680.4381013
0.021691228693181824,1574505680.8220568
0.02232288707386364,1574505681.194083
0.02267844460227273,1574505681.5661159
0.021356090198863652,1574505681.9381094
0.022416992187500012,1574505682.3220966
0.02168235085227272,1574505682.6941292
0.020898881392045456,1574505683.066118
0.021755593039772727,1574505683.4381435
0.021960671164772735,1574505683.822122
0.021773348721590913,1574505684.1941495
0.02146395596590909,1574505684.5661442
0.02196511008522727,1574505684.9381764
0.021640181107954556,1574505685.322156
0.021938920454545464,1574505685.694155
0.022191495028409083,1574505686.0661736
0.023998135653409088,1574505686.4381995
0.022311345880681836,1574505686.8221624
0.021657936789772726,1574505687.1941893
0.02148703835227271,1574505687.5662103
0.0217245205965909,1574505687.9382071
0.022248313210227275,1574505688.3221862
0.02245205965909092,1574505688.6942122
0.021506569602272717,1574505689.0662277
0.020739524147727284,1574505689.4382403
0.021335227272727263,1574505689.8222182
0.02290882457386361,1574505690.1942444
0.024450017755681796,1574505690.5662527
0.021526988636363646,1574505690.9382627
0.020474520596590908,1574505691.322247
0.021124378551136365,1574505691.6942751
0.022147993607954542,1574505692.0662732
0.021270862926136346,1574505692.4383008
0.02188299005681818,1574505692.8222823
0.022600763494318155,1574505693.194277
0.021541637073863636,1574505693.5663047
0.02111683238636363,1574505693.9384043
0.02200328480113636,1574505694.3223581
0.020996093749999997,1574505694.6943529
0.022199485085227292,1574505695.0663579
0.022385919744318188,1574505695.4383616
0.022295365767045442,1574505695.8223343
0.02106267755681818,1574505696.1943376
0.02263449928977272,1574505696.5663645
0.021273526278409102,1574505696.938361
0.021250443892045445,1574505697.322341
0.021973100142045465,1574505697.694368
0.02349343039772725,1574505698.0663717
0.02226074218750003,1574505698.4384
0.020970791903409086,1574505698.822371
0.02198197798295455,1574505699.194378
0.021980202414772738,1574505699.5663974
0.021860351562499995,1574505699.9384274
0.02251242897727272,1574505700.3224053
0.02196466619318182,1574505700.6944113
0.021567382812500004,1574505701.0664384
0.022289151278409074,1574505701.4384568
0.02122425426136363,1574505701.8224165
0.021672141335227272,1574505702.1944335
0.021735174005681812,1574505702.5664651
0.023088600852272722,1574505702.9385111
0.021603338068181814,1574505703.3224397
0.021347212357954545,1574505703.6944692
0.02269841974431818,1574505704.066489
0.02196155894886366,1574505704.438495
0.022338423295454546,1574505704.8224707
0.021330344460227274,1574505705.194492
0.02165660511363637,1574505705.5665047
0.021847478693181807,1574505705.938521
0.021613547585227277,1574505706.322501
0.02285245028409091,1574505706.694512
0.02270374644886362,1574505707.0665283
0.022476029829545465,1574505707.4385598
0.02134366122159091,1574505707.8225312
0.021911399147727287,1574505708.194529
0.021744939630681838,1574505708.5665588
0.021463068181818167,1574505708.9385853
0.02120916193181817,1574505709.322536
0.021102183948863644,1574505709.6945653
0.021947798295454537,1574505710.0665963
0.022709073153409094,1574505710.4385865
0.021156782670454555,1574505710.822571
0.02229137073863636,1574505711.194597
0.022914151278409078,1574505711.5666215
0.02159712357954546,1574505711.9386125
0.021517223011363627,1574505712.3225973
0.02218306107954546,1574505712.6946273
0.022105823863636357,1574505713.0666242
0.022366388494318188,1574505713.4386504
0.021004527698863622,1574505713.8226302
0.02189408735795455,1574505714.1946332
0.02093883167613636,1574505714.5666573
0.021521218039772718,1574505714.9386837
0.022049005681818147,1574505715.3227375
0.02135209517045455,1574505715.694732
0.0213174715909091,1574505716.0667448
0.02282936789772726,1574505716.438736
0.02155806107954547,1574505716.822688
0.022583895596590898,1574505717.1946876
0.02285289417613637,1574505717.5667138
0.021577592329545457,1574505717.938717
0.021949129971590917,1574505718.3226955
0.02247824928977272,1574505718.6947227
0.021505237926136355,1574505719.0667448
0.022094726562499983,1574505719.4387527
0.021821732954545453,1574505719.8227313
0.02346013849431817,1574505720.194747
0.025804776278409082,1574505720.5667522
0.021450639204545464,1574505720.938779
0.021554509943181824,1574505721.3227544
0.022231445312500004,1574505721.6947515
0.02263671875,1574505722.0667899
0.021760475852272722,1574505722.4388072
0.02163441051136366,1574505722.8227897
0.022557262073863635,1574505723.194785
0.021386718749999985,1574505723.5668101
0.021641068892045475,1574505723.9388387
0.022472478693181825,1574505724.3227925
0.022118696732954534,1574505724.6948218
0.021932262073863652,1574505725.066851
0.02237970525568181,1574505725.438844
0.023642578125000004,1574505725.822824
0.021280628551136344,1574505726.194852
0.02225941051136363,1574505726.5668464
0.021729403409090915,1574505726.9388766
0.022891956676136364,1574505727.3228552
0.021857244318181816,1574505727.6948771
0.021621981534090905,1574505728.0668848
0.02132901278409091,1574505728.4389064
0.021154119318181806,1574505728.8228781
0.02077015269886364,1574505729.1949086
0.021939364346590925,1574505729.5669146
0.022234996448863644,1574505729.9389267
0.021811967329545448,1574505730.322916
0.02237082741477273,1574505730.6949155
0.021631303267045463,1574505731.066935
0.021430220170454553,1574505731.4389627
0.0208740234375,1574505731.8229218
0.021769797585227273,1574505732.1949446
0.020558860085227292,1574505732.5669725
0.021182972301136343,1574505732.9389725
0.020906427556818184,1574505733.3229506
0.022520862926136365,1574505733.6949692
0.026169655539772727,1574505734.067
0.023548029119318185,1574505734.438997
0.023281693892045457,1574505734.8229845
0.022748579545454527,1574505735.1950147
0.022905717329545456,1574505735.5670094
0.020871803977272715,1574505735.9390275
0.020747514204545455,1574505736.3230143
0.022467151988636372,1574505736.6950083
0.021448419744318194,1574505737.0671139
0.02136541193181819,1574505737.4391108
0.021064897017045458,1574505737.8230665
0.02042791193181819,1574505738.1950622
0.020870028409090923,1574505738.5670826
0.017282492897727268,1574505738.93909
0.03804953835227274,1574505739.3230462
0.05004749644886365,1574505739.6950774
0.023790838068181826,1574505740.0670922
0.020039062499999996,1574505740.4390926
0.02060990767045455,1574505740.823077
0.020759943181818192,1574505741.195099
0.02118075284090908,1574505741.567126
0.01983354048295454,1574505741.9391282
0.019983132102272712,1574505742.323106
0.020667169744318186,1574505742.6951277
0.02011363636363636,1574505743.0671349
0.019380326704545467,1574505743.4391558
0.020109197443181827,1574505743.8231406
0.02066583806818181,1574505744.1951418
0.020261452414772722,1574505744.5671632
0.020470525568181814,1574505744.939189
0.019752752130681814,1574505745.323172
0.01950150923295455,1574505745.695167
0.01942515980113637,1574505746.0671964
0.02003062855113636,1574505746.43922
0.020194424715909088,1574505746.823174
0.019592950994318195,1574505747.1951976
0.01944513494318183,1574505747.567227
0.01954412286931817,1574505747.9392178
0.020707563920454548,1574505748.3232021
0.02006258877840909,1574505748.6952298
0.01962136008522728,1574505749.067255
0.020310280539772727,1574505749.4392543
0.01990411931818181,1574505749.8232381
0.019560546875000005,1574505750.1952543
0.019871271306818174,1574505750.5672631
0.01941805752840909,1574505750.9392803
0.020150923295454547,1574505751.3232665
0.020175337357954536,1574505751.695268
0.01934969815340911,1574505752.0672925
0.018835671164772718,1574505752.439309
0.01888316761363637,1574505752.8232682
0.019891246448863628,1574505753.1952994
0.019453568892045477,1574505753.5673242
0.019785156250000012,1574505753.9393482
0.020061257102272745,1574505754.323297
0.019943625710227276,1574505754.6953237
0.019944957386363635,1574505755.0673544
0.0198779296875,1574505755.4393582
0.020418590198863648,1574505755.8233302
0.019437588778409096,1574505756.1953537
0.0207421875,1574505756.5673535
0.019818892045454548,1574505756.9393854
0.019157936789772723,1574505757.3233602
0.020115411931818192,1574505757.695397
0.020208185369318173,1574505758.067394
0.018471235795454545,1574505758.4394906
0.019655983664772714,1574505758.8234394
0.020093217329545447,1574505759.1954489
0.020090110085227274,1574505759.5674417
0.020328924005681807,1574505759.9394515
0.021518554687499993,1574505760.323419
0.0202978515625,1574505760.6954317
0.019471324573863642,1574505761.067453
0.019804687500000005,1574505761.4394813
0.021646395596590914,1574505761.8234437
0.019939186789772724,1574505762.1954536
0.019394531249999986,1574505762.5674777
0.01973410866477273,1574505762.9394937
0.01958718039772727,1574505763.3234704
0.01947132457386364,1574505763.695494
0.0202871981534091,1574505764.0674908
0.01961825284090908,1574505764.4395163
0.020095880681818175,1574505764.8234975
0.019222745028409097,1574505765.1955152
0.019782492897727273,1574505765.5675182
0.020047496448863656,1574505765.939544
0.020586825284090907,1574505766.323516
0.02071377840909091,1574505766.6955154
0.019495738636363627,1574505767.0675457
0.0191082208806818,1574505767.439567
0.01981977982954545,1574505767.8235545
0.020118963068181808,1574505768.1955466
0.019182350852272725,1574505768.5675821
0.0190518465909091,1574505768.9395752
0.020324485085227256,1574505769.3235562
0.020079456676136365,1574505769.695582
0.019750088778409086,1574505770.0676103
0.019803355823863653,1574505770.4396029
0.020097656250000005,1574505770.8235872
0.019307528409090915,1574505771.1956134
0.020419034090909092,1574505771.5676317
0.019870383522727283,1574505771.9396293
0.01990944602272727,1574505772.3236125
0.019992453835227283,1574505772.6956398
0.019838867187499998,1574505773.0676408
0.020018199573863634,1574505773.43966
0.01997425426136362,1574505773.8236415
0.01943181818181819,1574505774.1956482
0.01998091264204546,1574505774.5676615
0.019759854403409098,1574505774.939692
0.01958895596590909,1574505775.3236558
0.0195321377840909,1574505775.6956825
0.01995916193181818,1574505776.067706
0.019563654119318197,1574505776.4396982
0.020671164772727284,1574505776.8236763
0.019535688920454538,1574505777.1957095
0.019370561079545462,1574505777.567744
0.02005326704545455,1574505777.939732
0.019433593749999995,1574505778.3237126
0.019264026988636357,1574505778.695734
0.02011940696022727,1574505779.0677311
0.019708806818181816,1574505779.4397647
0.019850408380681833,1574505779.8238142
0.019742542613636355,1574505780.1958175
0.024365234374999985,1574505780.5678184
0.02136452414772727,1574505780.9398146
0.019855291193181815,1574505781.3237705
0.020651633522727267,1574505781.6957898
0.01964888139204544,1574505782.0678005
0.020200195312499992,1574505782.4398258
0.019426047585227268,1574505782.8237755
0.019705699573863634,1574505783.1958048
0.02045321377840909,1574505783.5678248
0.019322176846590912,1574505783.939853
0.02092862215909092,1574505784.3238075
0.021017844460227288,1574505784.6958308
0.019890802556818184,1574505785.0678551
0.020228160511363627,1574505785.4398563
0.01972345525568183,1574505785.823844
0.020147816051136372,1574505786.1958659
0.020065696022727265,1574505786.567865
0.020045276988636375,1574505786.939884
0.02000133167613636,1574505787.3238707
0.019465553977272707,1574505787.6958718
0.019943181818181825,1574505788.0678973
0.019343927556818186,1574505788.4399185
0.019833540482954534,1574505788.8238986
0.01975763494318182,1574505789.1958978
0.019649325284090902,1574505789.5679266
0.01972922585227273,1574505789.93995
0.02048783735795455,1574505790.3239007
0.018906693892045447,1574505790.6959374
0.01952814275568183,1574505791.0679564
0.020047052556818185,1574505791.4399545
0.02038396661931818,1574505791.823932
0.01934747869318182,1574505792.1959648
0.019925426136363642,1574505792.5679824
0.020458984375000003,1574505792.9399905
0.019278675426136378,1574505793.3239663
0.020281427556818183,1574505793.6960006
0.020328924005681818,1574505794.0679934
0.020593483664772733,1574505794.440014
0.02056418678977274,1574505794.8239925
0.019493963068181817,1574505795.1959982
0.019890802556818184,1574505795.5680232
0.01968128551136363,1574505795.940043
0.02003684303977273,1574505796.3240354
0.021034268465909077,1574505796.6960347
0.019916992187500003,1574505797.0680575
0.019665305397727265,1574505797.4400797
0.020146040482954555,1574505797.8240354
0.018924449573863637,1574505798.1960652
0.019668856534090905,1574505798.5680802
0.020273881392045452,1574505798.9401023
0.01996803977272728,1574505799.3240633
0.01999733664772727,1574505799.6960998
0.020145152698863633,1574505800.06811
0.019013227982954548,1574505800.440112
0.023275479403409093,1574505800.8240943
0.01977494673295456,1574505801.196193
0.01931285511363637,1574505801.5681942
0.020373757102272738,1574505801.9402027
0.018781516335227278,1574505802.324148
0.01990633877840909,1574505802.6961522
0.019220081676136376,1574505803.0681717
0.01943714488636363,1574505803.4401836
0.019920987215909087,1574505803.8241272
0.02461958451704547,1574505804.1961513
0.020469637784090916,1574505804.5681813
0.020487393465909085,1574505804.94021
0.019531693892045458,1574505805.324162
0.019514825994318186,1574505805.6961884
0.020377308238636375,1574505806.0682158
0.0199356356534091,1574505806.4402096
0.020483842329545462,1574505806.82419
0.019946732954545455,1574505807.1962159
0.019220969460227267,1574505807.5682385
0.0196719637784091,1574505807.9402409
0.02023659446022727,1574505808.324225
0.01976207386363638,1574505808.6962445
0.01983176491477273,1574505809.0682497
0.019610262784090914,1574505809.4402719
0.02048206676136364,1574505809.8242538
0.019786487926136354,1574505810.1962516
0.019441139914772736,1574505810.5682764
0.019770951704545462,1574505810.9403021
0.018846324573863628,1574505811.3242576
0.020929953835227274,1574505811.696286
0.019583185369318173,1574505812.0683146
0.019784712357954547,1574505812.4403284
0.02085981889204547,1574505812.8242836
0.020152254971590913,1574505813.1963074
0.019278231534090914,1574505813.5683348
0.018940429687500007,1574505813.940332
0.020844726562499992,1574505814.3243122
0.024349254261363643,1574505814.6963425
0.02003684303977272,1574505815.068368
0.01961381392045454,1574505815.4403713
0.019396750710227267,1574505815.8243492
0.019636452414772732,1574505816.196377
0.019376331676136376,1574505816.5683706
0.020284978693181806,1574505816.9404
0.020069691051136374,1574505817.3243794
0.02130814985795455,1574505817.6963806
0.020282315340909077,1574505818.0684052
0.019306196732954528,1574505818.4404259
0.019612482244318188,1574505818.8243792
0.01975097656250001,1574505819.1964045
0.02084161931818182,1574505819.5684288
0.0190926846590909,1574505819.9404569
0.01940562855113636,1574505820.3244164
0.021951349431818177,1574505820.6964447
0.01967240767045455,1574505821.0684636
0.019057617187500004,1574505821.4404607
0.01975896661931817,1574505821.8244467
0.019138405539772727,1574505822.1964781
0.01980690696022729,1574505822.568471
0.020436345880681828,1574505822.9405637
0.02056729403409092,1574505823.3245218
0.019865500710227267,1574505823.696518
0.020636097301136375,1574505824.0685318
0.0195059481534091,1574505824.4405248
0.020321821732954548,1574505824.8245037
0.01984375,1574505825.1965034
0.020277432528409092,1574505825.5685325
0.019620472301136373,1574505825.9405565
0.0195303622159091,1574505826.324534
0.020133167613636368,1574505826.6965292
0.020091441761363626,1574505827.068559
0.020866033380681808,1574505827.4405797
0.04867187499999999,1574505827.8245468
0.05272460937500005,1574505828.1965647
0.04254838423295455,1574505828.5685925
0.03650346235795454,1574505828.9405978
0.035285866477272713,1574505829.324568
0.035902876420454574,1574505829.6965907
0.022770330255681825,1574505830.0685978
0.019572975852272745,1574505830.4406207
0.020363991477272705,1574505830.8246005
0.01941805752840909,1574505831.1966238
0.019268022017045455,1574505831.568624
0.02085537997159091,1574505831.940648
0.019818004261363625,1574505832.3246326
0.02419122869318181,1574505832.6966267
0.019917436079545457,1574505833.0686517
0.019685724431818187,1574505833.4406867
0.020360440340909097,1574505833.8246408
0.020937943892045452,1574505834.1966603
0.02083718039772728,1574505834.5687027
0.020396839488636364,1574505834.9407156
0.020182883522727277,1574505835.3246691
0.019767400568181822,1574505835.6966958
0.01954057173295454,1574505836.0687137
0.019696821732954534,1574505836.4407167
0.021109286221590917,1574505836.8246958
0.019820667613636364,1574505837.1967223
0.020732421874999983,1574505837.568722
0.01957963423295454,1574505837.9407492
0.019463778409090908,1574505838.3247232
0.02053932883522728,1574505838.6967525
0.020002219460227254,1574505839.0687568
0.020143821022727278,1574505839.4407778
0.0204385653409091,1574505839.824751
0.019733220880681822,1574505840.1967556
0.02137517755681819,1574505840.5687842
0.019540127840909083,1574505840.9408143
0.019064719460227267,1574505841.3247628
0.020095436789772728,1574505841.6967907
0.020925071022727275,1574505842.0688167
0.01984241832386364,1574505842.4408402
0.0192529296875,1574505842.8247917
0.019024769176136366,1574505843.196823
0.019057617187499994,1574505843.5688493
0.02005814985795456,1574505843.940845
0.02047096946022726,1574505844.324902
0.021301935369318188,1574505844.6969032
0.020300071022727264,1574505845.0688987
0.01936567826704545,1574505845.4408934
0.02021484375,1574505845.8248496
0.019942294034090913,1574505846.196883
0.019584960937499993,1574505846.5688758
0.02042258522727272,1574505846.9409108
0.020119406960227265,1574505847.3248851
0.02021573153409091,1574505847.6968844
0.020211292613636356,1574505848.0689123
0.019300426136363635,1574505848.4409325
0.019545898437500007,1574505848.8248944
0.020057262073863644,1574505849.196913
0.01967418323863636,1574505849.5689347
0.020075905539772718,1574505849.940971
0.019430930397727263,1574505850.3249202
0.020106090198863637,1574505850.6969457
0.019241832386363636,1574505851.0689654
0.019680397727272727,1574505851.440983
0.020114524147727277,1574505851.8249474
0.019962269176136364,1574505852.196981
0.019999556107954543,1574505852.5689778
0.01892844460227273,1574505852.9410033
0.020158025568181845,1574505853.3249776
0.02041859019886364,1574505853.6969783
0.02052867542613635,1574505854.069001
0.020480291193181836,1574505854.4410357
0.019876598011363628,1574505854.825012
0.019998224431818173,1574505855.1970127
0.020618341619318182,1574505855.569042
0.020490500710227278,1574505855.94106
0.02003196022727272,1574505856.3250208
0.02111594460227273,1574505856.6970508
0.021141246448863647,1574505857.069076
0.019139737215909093,1574505857.4410663
0.01998579545454546,1574505857.825044
0.01930175781250001,1574505858.1970766
0.01951127485795455,1574505858.569096
0.018662109374999993,1574505858.941104
0.020133611505681808,1574505859.3250768
0.020209073153409075,1574505859.697104
0.02018110795454545,1574505860.0691106
0.02052024147727274,1574505860.4411404
0.020591264204545462,1574505860.825113
0.018973721590909095,1574505861.197109
0.01955832741477274,1574505861.5691328
0.020272105823863653,1574505861.9411697
0.020701349431818197,1574505862.3251362
0.020181107954545464,1574505862.6971385
0.020383078835227265,1574505863.0691686
0.01961248224431819,1574505863.441185
0.019572531960227273,1574505863.8251483
0.020806995738636366,1574505864.1971729
0.02019176136363637,1574505864.5692027
0.020094105113636355,1574505864.941231
0.019945845170454547,1574505865.3251774
0.019984019886363634,1574505865.6972733
0.02058238636363634,1574505866.0692756
0.019664861505681815,1574505866.4412792
0.020748845880681804,1574505866.8252327
0.01958274147727273,1574505867.1972272
0.019020774147727283,1574505867.5692518
0.020006658380681816,1574505867.941259
0.01895774147727272,1574505868.3252351
0.020136274857954543,1574505868.6972642
0.019084250710227277,1574505869.069261
0.019788263494318187,1574505869.4412951
0.019751864346590917,1574505869.8252718
0.01940784801136362,1574505870.1972716
0.01963600852272728,1574505870.5692925
0.020183327414772734,1574505870.9413142
0.020417258522727272,1574505871.3252769
0.01928533380681819,1574505871.6973033
0.02114923650568181,1574505872.0693212
0.01967995383522727,1574505872.4413483
0.01965420809659092,1574505872.8253121
0.019976029829545452,1574505873.1973233
0.02043767755681818,1574505873.5693536
0.01958851207386364,1574505873.9413452
0.021356090198863645,1574505874.3253355
0.01932617187500002,1574505874.697354
0.020348455255681824,1574505875.0693612
0.019153053977272738,1574505875.4413779
0.020143821022727278,1574505875.8253646
0.019523259943181822,1574505876.197389
0.019069158380681836,1574505876.5693898
0.021014737215909098,1574505876.9414105
0.019255593039772725,1574505877.3253949
0.019619140625,1574505877.6973963
0.020590376420454557,1574505878.069419
0.02005770596590909,1574505878.441447
0.02068048650568182,1574505878.8254006
0.019240500710227287,1574505879.1974268
0.019459339488636363,1574505879.5694547
0.0195849609375,1574505879.941449
0.019035422585227287,1574505880.3254244
0.019287109374999997,1574505880.6974518
0.020177112926136366,1574505881.0694602
0.019021218039772733,1574505881.4414952
0.01968261718749999,1574505881.8254573
0.019928533380681825,1574505882.1974933
0.019106889204545445,1574505882.569483
0.02001997514204545,1574505882.9415104
0.020506924715909088,1574505883.325495
0.019430930397727274,1574505883.6974924
0.020956143465909086,1574505884.0695093
0.019673295454545457,1574505884.4415455
0.01972966974431819,1574505884.8254972
0.019952947443181806,1574505885.1975148
0.019770063920454547,1574505885.569543
0.019857510653409096,1574505885.9415724
0.019683061079545434,1574505886.32552
0.0198291015625,1574505886.6975482
0.021284179687500012,1574505887.0696597
0.02008922230113636,1574505887.4416444
0.019562766335227275,1574505887.8256319
0.019667968750000004,1574505888.1976097
0.02037775213068179,1574505888.569607
0.021405362215909097,1574505888.9416418
0.019680841619318188,1574505889.3255882
0.020872247869318197,1574505889.697612
0.020281871448863644,1574505890.0696087
0.01954279119318183,1574505890.4416435
0.019672851562500007,1574505890.8256118
0.01971990411931819,1574505891.197621
0.01966042258522728,1574505891.5696373
0.02052290482954545,1574505891.941664
0.020084783380681807,1574505892.3256245
0.019587624289772742,1574505892.6976435
0.01940607244318181,1574505893.0696826
0.020764382102272716,1574505893.4416945
0.01986993963068182,1574505893.8256521
0.02028631036931818,1574505894.197679
0.019450017755681823,1574505894.5696988
0.01954811789772729,1574505894.941698
0.019554776278409087,1574505895.3256805
0.019709694602272745,1574505895.6977184
0.01936212713068182,1574505896.069712
0.02015713778409091,1574505896.4417288
0.020100319602272734,1574505896.82571
0.019687056107954553,1574505897.1977394
0.018899591619318184,1574505897.5697534
0.02007546164772727,1574505897.9417639
0.019819779829545445,1574505898.325744
0.020147372159090897,1574505898.6977434
0.019721679687500018,1574505899.0697706
0.019872602982954544,1574505899.4417956
0.01988813920454545,1574505899.8257685
0.019374112215909095,1574505900.197771
0.028442382812499997,1574505900.5698073
0.027868430397727267,1574505900.9418268
0.022871981534090903,1574505901.3257773
0.020659623579545455,1574505901.6978033
0.02056951349431819,1574505902.069824
0.019892578124999998,1574505902.4418314
0.019848632812499992,1574505902.8258133
0.019474431818181825,1574505903.1978323
0.01997292258522727,1574505903.5698383
0.020993430397727282,1574505903.9418545
0.020539328835227272,1574505904.3258367
0.019193448153409086,1574505904.6978693
0.02059392755681818,1574505905.069879
0.019583629261363644,1574505905.4418893
0.019833984375000023,1574505905.8258736
0.019196555397727272,1574505906.1978693
0.018893821022727256,1574505906.5698905
0.020239257812500012,1574505906.941923
0.019644886363636368,1574505907.3258703
0.0196280184659091,1574505907.6978962
0.020090110085227278,1574505908.0699465
0.019176580255681818,1574505908.4420292
0.019707919034090915,1574505908.8259776
0.019780273437500002,1574505909.197981
0.019662198153409086,1574505909.5699844
0.019844193892045454,1574505909.9419808
0.01943714488636363,1574505910.3259344
0.01923872514204545,1574505910.6979666
0.019345703124999995,1574505911.0699923
0.019817560369318175,1574505911.4419858
0.019301757812500004,1574505911.8259723
0.01986683238636363,1574505912.1979928
0.019472212357954547,1574505912.5699868
0.019734552556818188,1574505912.9420176
0.019402965198863625,1574505913.3259935
0.019545010653409096,1574505913.698002
0.020255237926136364,1574505914.0700152
0.020199751420454534,1574505914.442047
0.019098011363636366,1574505914.8260217
0.020220614346590914,1574505915.1980274
0.018893821022727273,1574505915.5700586
0.01947531960227273,1574505915.9420872
0.019440696022727272,1574505916.3260324
0.020109641335227274,1574505916.6980557
0.02047674005681818,1574505917.0700846
0.020177112926136363,1574505917.4420972
0.02020640980113637,1574505917.8260624
0.02028852982954546,1574505918.1980953
0.020252130681818182,1574505918.5700877
0.019790039062500004,1574505918.94212
0.019381658380681822,1574505919.3260927
0.020426136363636382,1574505919.6981182
0.019353693181818177,1574505920.0701244
0.019871271306818192,1574505920.442152
0.02041637073863636,1574505920.8261256
0.019911221590909092,1574505921.1981215
0.02018554687500001,1574505921.5701494
0.019699485085227265,1574505921.942176
0.019636896306818193,1574505922.3261268
0.020011985085227266,1574505922.6981564
0.02055397727272728,1574505923.0701802
0.018932883522727265,1574505923.4421835
0.01883522727272727,1574505923.8261578
0.019404296875000004,1574505924.198182
0.0199551669034091,1574505924.5702083
0.019177468039772726,1574505924.942205
0.019920543323863643,1574505925.326189
0.02028053977272727,1574505925.6982226
0.021969549005681835,1574505926.0702145
0.019685724431818194,1574505926.4422414
0.020118075284090913,1574505926.826221
0.02066983309659092,1574505927.198224
0.019310191761363633,1574505927.5702434
0.020180664062500006,1574505927.9422677
0.01923783735795455,1574505928.3262484
0.01923872514204546,1574505928.6982553
0.020078568892045456,1574505929.070283
0.02196067116477273,1574505929.442305
0.019973810369318182,1574505929.8262594
0.01926979758522727,1574505930.1983612
0.019554776278409097,1574505930.5703588
0.019484641335227273,1574505930.942358
0.019493519176136363,1574505931.326307
0.02022327769886364,1574505931.698316
0.02015980113636363,1574505932.0703316
0.019902787642045464,1574505932.4423332
0.019207208806818175,1574505932.8263142
0.020366210937500007,1574505933.198342
0.018675870028409088,1574505933.5703447
0.019985795454545454,1574505933.9423647
0.02027565696022727,1574505934.3263435
0.018786399147727284,1574505934.6983755
0.020400834517045476,1574505935.07037
0.019883700284090915,1574505935.442396
0.019472212357954523,1574505935.826384
0.018849875710227296,1574505936.1983747
0.020084783380681807,1574505936.5704036
0.019631569602272744,1574505936.94243
0.020391512784090918,1574505937.326388
0.020565962357954517,1574505937.6984072
0.01937943892045454,1574505938.0704305
0.020323597301136368,1574505938.442435
0.019921875000000006,1574505938.8264124
0.02060324928977274,1574505939.1984406
0.019484641335227273,1574505939.5704682
0.01969637784090909,1574505939.9424658
0.019591619318181812,1574505940.3264413
0.018969282670454536,1574505940.6984723
0.019594282670454544,1574505941.0704665
0.019667080965909106,1574505941.4424953
0.019496626420454546,1574505941.8264713
0.021286843039772737,1574505942.1984737
0.020066583806818184,1574505942.5705035
0.01913219105113637,1574505942.942532
0.019421164772727276,1574505943.3265026
0.019628906249999998,1574505943.698501
0.021136807528409084,1574505944.0705285
0.019553000710227256,1574505944.4425566
0.020477183948863636,1574505944.8265066
0.01907848011363637,1574505945.198542
0.020238370028409093,1574505945.5705676
0.019353693181818173,1574505945.9425633
0.019238281249999982,1574505946.3265357
0.019893022017045455,1574505946.6985626
0.02004039417613636,1574505947.0705898
0.019483309659090904,1574505947.4425895
0.01978515625,1574505947.8265703
0.01922807173295454,1574505948.198599
0.019678622159090907,1574505948.5705922
0.019343483664772725,1574505948.9426277
0.02066983309659091,1574505949.3265977
0.019527698863636367,1574505949.6986027
0.020173561789772716,1574505950.0706272
0.019764293323863633,1574505950.4426527
0.020217507102272728,1574505950.8266292
0.018734907670454555,1574505951.198633
0.019683504971590916,1574505951.5707297
0.019236061789772742,1574505951.9427288
0.021004971590909107,1574505952.3266883
0.020213955965909084,1574505952.6986892
0.019193004261363646,1574505953.070682
0.020029296875000012,1574505953.4427078
0.01991787997159091,1574505953.8266737
0.019701260653409096,1574505954.1986918
0.018998579545454527,1574505954.5707152
0.01947310014204544,1574505954.9427183
0.0193301669034091,1574505955.3266985
0.019506835937499977,1574505955.6987228
0.019647993607954547,1574505956.0707185
0.02063920454545455,1574505956.4427516
0.01984863281249999,1574505956.8267305
0.019504172585227283,1574505957.1987245
0.01918856534090908,1574505957.570757
0.019857954545454547,1574505957.9427795
0.018765980113636373,1574505958.3267639
0.01921519886363636,1574505958.6987572
0.01973455255681818,1574505959.070784
0.019627130681818178,1574505959.4428067
0.020349786931818183,1574505959.8267655
0.019960937500000005,1574505960.198793
0.020022638494318186,1574505960.5708153
0.02020596590909091,1574505960.9428372
0.018978160511363654,1574505961.326792
0.019338156960227268,1574505961.698821
0.020125177556818197,1574505962.070843
0.021687677556818184,1574505962.442842
0.019762961647727263,1574505962.8268206
0.02017178622159092,1574505963.1988497
0.019300426136363645,1574505963.5708523
0.024600497159090903,1574505963.942874
0.021151012073863638,1574505964.326862
0.021269975142045455,1574505964.6988578
0.02009676846590907,1574505965.0708852
0.01916637073863637,1574505965.442904
0.019918767755681833,1574505965.8268812
0.01970259232954545,1574505966.1988928
0.020872247869318176,1574505966.5709164
0.019504616477272738,1574505966.9429374
0.020610795454545455,1574505967.3268902
0.020472301136363637,1574505967.698921
0.01971857244318182,1574505968.07094
0.01997691761363636,1574505968.4429412
0.0199502840909091,1574505968.8269258
0.01956054687500001,1574505969.1989417
0.01931551846590909,1574505969.5709713
0.019724786931818176,1574505969.942968
0.02008522727272726,1574505970.32695
0.019258700284090914,1574505970.6989777
0.02042125355113637,1574505971.070976
0.019706143465909088,1574505971.4430044
0.02048961292613636,1574505971.826981
0.020753284801136355,1574505972.198992
0.01938876065340907,1574505972.5710042
0.01857244318181818,1574505972.9431083
0.019640447443181806,1574505973.3270652
0.019338156960227282,1574505973.6990705
0.020319158380681827,1574505974.0710726
0.01990056818181818,1574505974.4430625
0.01966708096590909,1574505974.8270454
0.01986505681818182,1574505975.1990504
0.020137606534090902,1574505975.5710654
0.01965110085227273,1574505975.9430728
0.019840198863636364,1574505976.3270535
0.01967595880681818,1574505976.6990724
0.019960493607954544,1574505977.0710843
0.01959028764204545,1574505977.4430976
0.020442560369318193,1574505977.8270755
0.020333806818181824,1574505978.1991065
0.019720348011363638,1574505978.571101
0.019360795454545464,1574505978.9431286
0.021186967329545465,1574505979.327115
0.01911487926136364,1574505979.6991148
0.019920543323863633,1574505980.0711331
0.019324396306818172,1574505980.4431627
0.02024147727272728,1574505980.827143
0.01973277698863636,1574505981.199145
0.01941184303977271,1574505981.5711663
0.019703036221590906,1574505981.9431908
0.01975230823863638,1574505982.3271444
0.01990633877840909,1574505982.699169
0.019350585937499987,1574505983.071193
0.02226296164772728,1574505983.4431968
0.020315607244318183,1574505983.827172
0.020433238636363628,1574505984.1992066
0.020063920454545463,1574505984.5712085
0.019783380681818168,1574505984.943227
0.019537464488636372,1574505985.327212
0.021729847301136373,1574505985.699243
0.023532049005681847,1574505986.0712278
0.020775923295454548,1574505986.4432578
0.019129083806818183,1574505986.827237
0.020150479403409107,1574505987.1992364
0.020457208806818176,1574505987.5712647
0.019439364346590906,1574505987.9432862
0.019401189630681805,1574505988.327262
0.01976029829545455,1574505988.6992652
0.020287198153409115,1574505989.0712976
0.019814453124999985,1574505989.443312
0.019690163352272718,1574505989.827276
0.019765624999999995,1574505990.1992934
0.020158469460227264,1574505990.571321
0.019613370028409096,1574505990.9433222
0.01995472301136364,1574505991.3273013
0.02003684303977274,1574505991.699337
0.019272904829545454,1574505992.0713308
0.01981445312499999,1574505992.4433625
0.020206409801136364,1574505992.8273287
0.019359907670454535,1574505993.1993563
0.020140713778409095,1574505993.5713665
0.020391068892045464,1574505993.9433954
0.0203045099431818,1574505994.3274443
0.019758522727272708,1574505994.699466
0.02006525213068183,1574505995.0714464
0.02022816051136363,1574505995.443466
0.01984375,1574505995.827407
0.019276012073863636,1574505996.1993895
0.019123757102272734,1574505996.5714574
0.020055042613636352,1574505996.9434345
0.02148615056818182,1574505997.3274086
0.020176669034090922,1574505997.6994464
0.019787819602272733,1574505998.0714715
0.019487304687500016,1574505998.4434772
0.019715909090909103,1574505998.8274329
0.019727006392045457,1574505999.199473
0.019695490056818175,1574505999.5714827
0.02025346235795456,1574505999.943493
0.020398615056818177,1574506000.3274734
0.018979936079545453,1574506000.6994977
0.019288441051136362,1574506001.0714939
0.020283203124999975,1574506001.4435298
0.020073242187500007,1574506001.8275034
0.020609019886363624,1574506002.1995006
0.019812233664772725,1574506002.5715203
0.020226828835227275,1574506002.9435403
0.0194491299715909,1574506003.327492
0.01950239701704545,1574506003.6995173
0.020535777698863632,1574506004.0715535
0.019849520596590918,1574506004.4435725
0.019558327414772734,1574506004.8275206
0.01984818892045454,1574506005.199583
0.020025745738636375,1574506005.5715754
0.019546342329545455,1574506005.9435751
0.019318625710227258,1574506006.3275564
0.019879261363636356,1574506006.6995854
0.019410955255681824,1574506007.0715816
0.020604137073863635,1574506007.4436114
0.019968927556818172,1574506007.827592
0.01996892755681818,1574506008.1996155
0.020047496448863646,1574506008.5716155
0.019591619318181812,1574506008.943642
0.019918323863636372,1574506009.3276176
0.019639559659090904,1574506009.699617
0.020352894176136362,1574506010.071648
0.018569335937499997,1574506010.443666
0.02016734730113637,1574506010.8276224
0.019886807528409104,1574506011.1996531
0.019992453835227273,1574506011.5716796
0.020638316761363643,1574506011.9436758
0.020864257812499995,1574506012.3276572
0.019601384943181834,1574506012.6996748
0.0195663174715909,1574506013.0717068
0.019580078125000018,1574506013.4437008
0.020167347301136365,1574506013.8276858
0.020166903409090896,1574506014.199708
0.019393199573863634,1574506014.5717056
0.02085759943181817,1574506014.943741
0.018929776278409097,1574506015.3277183
0.020090110085227278,1574506015.6997118
0.01991832386363637,1574506016.071819
0.020155806107954536,1574506016.443818
0.019171697443181826,1574506016.8277688
0.020958806818181814,1574506017.1997695
0.020365323153409085,1574506017.5717769
0.019219193892045447,1574506017.943795
0.019351029829545435,1574506018.3277555
0.02062278053977273,1574506018.6997755
0.01959117542613634,1574506019.0717957
0.019879705255681807,1574506019.4437973
0.020175337357954536,1574506019.8277767
0.019672407670454535,1574506020.1998038
0.02769930752840907,1574506020.5718129
0.026599786931818182,1574506020.9438326
0.020478071732954545,1574506021.3278196
0.019668412642045448,1574506021.699834
0.019879261363636373,1574506022.0718334
0.01975008877840909,1574506022.4438617
0.02002752130681818,1574506022.827841
0.019672851562499993,1574506023.1998713
0.019604492187499996,1574506023.5718634
0.02038618607954545,1574506023.9438958
0.020276100852272716,1574506024.3278723
0.019562766335227275,1574506024.6998742
0.019187677556818165,1574506025.071896
0.020299627130681838,1574506025.443919
0.02057350852272729,1574506025.8278768
0.019825550426136353,1574506026.1999025
0.020348455255681824,1574506026.5719264
0.020219726562500012,1574506026.9439294
0.019943625710227265,1574506027.3279073
0.02021351207386363,1574506027.6999335
0.019777166193181817,1574506028.0719643
0.019615145596590916,1574506028.4439564
0.021253995028409082,1574506028.8279412
0.019346147017045456,1574506029.1999626
0.019845525568181813,1574506029.5719657
0.019003906250000008,1574506029.943991
0.019545010653409085,1574506030.3279653
0.019361683238636348,1574506030.699972
0.019456232244318184,1574506031.0719962
0.020167791193181822,1574506031.444017
0.019967151988636363,1574506031.828
0.01902521306818182,1574506032.2000036
0.020528675426136376,1574506032.5720255
0.019436257102272727,1574506032.9440472
0.020468306107954543,1574506033.3280084
0.01984552556818182,1574506033.7000334
0.02003684303977273,1574506034.072053
0.020065696022727255,1574506034.4440572
0.020278764204545458,1574506034.8280334
0.020222833806818184,1574506035.2000573
0.02011718749999999,1574506035.5720913
0.019475763494318184,1574506035.9440827
0.019325284090909084,1574506036.3280637
0.019462446732954546,1574506036.7000947
0.020262340198863648,1574506037.0720918
0.02046431107954545,1574506037.4441862
0.01996759588068183,1574506037.8281493
0.019154829545454534,1574506038.2001395
0.01998979048295456,1574506038.5721412
0.019368341619318184,1574506038.94414
0.01984552556818182,1574506039.3281314
0.019795809659090922,1574506039.7001233
0.019515269886363634,1574506040.0721502
0.019006125710227282,1574506040.444176
0.020035511363636366,1574506040.8281305
0.01944513494318182,1574506041.2001588
0.01932794744318182,1574506041.572185
0.01933460582386365,1574506041.9442058
0.019665749289772726,1574506042.3281615
0.020662286931818177,1574506042.7001913
0.019788707386363614,1574506043.0722094
0.019887251420454544,1574506043.4442172
0.02089710582386365,1574506043.828189
0.021969549005681824,1574506044.2002158
0.01961159446022727,1574506044.5722446
0.019882812499999993,1574506044.9442492
0.01901234019886364,1574506045.3282185
0.020202414772727273,1574506045.7002275
0.019777610085227274,1574506046.0722435
0.019301313920454564,1574506046.4442878
0.01952769886363638,1574506046.8282557
0.019770507812500004,1574506047.2002544
0.02017089843750001,1574506047.572279
0.020434570312500008,1574506047.944302
0.019868164062500016,1574506048.328259
0.01936257102272726,1574506048.7002785
0.01972611860795455,1574506049.0723114
0.01949440696022727,1574506049.444307
0.020156693892045458,1574506049.8282833
0.01965376420454547,1574506050.2003188
0.019492631392045462,1574506050.5723445
0.019284446022727258,1574506050.9443476
0.020379083806818188,1574506051.3283212
0.02122203480113637,1574506051.7003398
0.019290660511363647,1574506052.072348
0.021060014204545452,1574506052.4443712
0.01919788707386364,1574506052.8283486
0.020423029119318196,1574506053.2003505
0.019898792613636366,1574506053.5723715
0.01995472301136363,1574506053.9443967
0.01926225142045454,1574506054.328398
0.019779829545454545,1574506054.7003872
0.020403497869318173,1574506055.0724103
0.019490411931818184,1574506055.4444313
0.020793678977272707,1574506055.8283947
0.020273437500000012,1574506056.2004044
0.019523259943181815,1574506056.5724332
0.02005371093750001,1574506056.9444335
0.019543235085227262,1574506057.3284132
0.01988192471590909,1574506057.7004437
0.020102539062499994,1574506058.0724607
0.019724343039772732,1574506058.4444664
0.02082519531249999,1574506058.8285167
0.02070978338068183,1574506059.2005217
0.01943536931818181,1574506059.5725157
0.01998623934659092,1574506059.944529
0.018971058238636363,1574506060.3284752
0.018236416903409082,1574506060.700498
0.019840198863636374,1574506061.0725012
0.019924538352272734,1574506061.4445248
0.023413085937500022,1574506061.828483
0.019427823153409098,1574506062.200512
0.02060768821022728,1574506062.5725272
0.019579634232954553,1574506062.944556
0.020023082386363633,1574506063.3285139
0.019758522727272736,1574506063.7005389
0.02036044034090909,1574506064.0725613
0.019594282670454544,1574506064.4445567
0.019984907670454546,1574506064.8285449
0.019073153409090913,1574506065.2005646
0.0194473544034091,1574506065.572569
0.020053267045454553,1574506065.944596
0.020011097301136385,1574506066.3285685
0.019846857244318176,1574506066.7005978
0.019447354403409105,1574506067.0725965
0.021387606534090896,1574506067.444625
0.020402166193181834,1574506067.8286028
0.02036399147727273,1574506068.2006
0.019847745028409098,1574506068.5726266
0.018981711647727273,1574506068.944653
0.020715997869318183,1574506069.3286316
0.01965287642045455,1574506069.7006345
0.019707475142045457,1574506070.0726602
0.019664417613636357,1574506070.4446828
0.019794034090909098,1574506070.8286405
0.019809126420454546,1574506071.2006605
0.019092684659090902,1574506071.5726893
0.01953213778409093,1574506071.944695
0.020224609375000008,1574506072.3286705
0.021258433948863623,1574506072.7006962
0.019813121448863633,1574506073.0726948
0.01885076349431818,1574506073.4447184
0.020084783380681818,1574506073.8286946
0.021917613636363627,1574506074.2007225
0.019786487926136364,1574506074.572722
0.019863281249999983,1574506074.9447572
0.019796253551136355,1574506075.3287325
0.020444335937499974,1574506075.7007298
0.019945845170454533,1574506076.072753
0.019750976562499994,1574506076.4447784
0.020191761363636367,1574506076.8287294
0.019606267755681826,1574506077.200758
0.020702681107954538,1574506077.5727794
0.020048384232954547,1574506077.9448082
0.019543235085227262,1574506078.3287623
0.02059525923295455,1574506078.7007911
0.019269797585227278,1574506079.0728152
0.020432350852272723,1574506079.4448235
0.021190074573863633,1574506079.8287914
0.019339044744318197,1574506080.2008948
0.021759588068181818,1574506080.5728946
0.019758078835227275,1574506080.9449
0.019649325284090916,1574506081.3288503
0.01987792968750001,1574506081.700852
0.019470880681818185,1574506082.0728762
0.02108265269886364,1574506082.444885
0.0197296697443182,1574506082.8288622
0.020357776988636368,1574506083.2008593
0.019277343749999995,1574506083.5728831
0.019537908380681823,1574506083.9449072
0.02057173295454545,1574506084.328863
0.020019975142045433,1574506084.7009065
0.01930974786931817,1574506085.0729144
0.020195756392045437,1574506085.444947
0.020253462357954555,1574506085.8288958
0.021774680397727283,1574506086.2009175
0.01886186079545455,1574506086.572945
0.020218838778409083,1574506086.9449444
0.01966530539772729,1574506087.328923
0.02082519531249999,1574506087.7009563
0.01971147017045455,1574506088.0729473
0.019343927556818175,1574506088.4449687
0.01987926136363637,1574506088.8289533
0.020744406960227273,1574506089.2009828
0.019716796875000005,1574506089.5729756
0.019473100142045452,1574506089.9450073
0.01951393821022727,1574506090.328983
0.020616566051136362,1574506090.7009802
0.01957652698863636,1574506091.073011
0.020769264914772732,1574506091.445035
0.019479758522727268,1574506091.8289895
0.020571732954545452,1574506092.2010117
0.020037730823863623,1574506092.5730402
0.020309392755681808,1574506092.9450634
0.020537109374999998,1574506093.3290246
0.01956498579545454,1574506093.7010412
0.019782936789772713,1574506094.0730755
0.018656782670454543,1574506094.4450655
0.020372869318181823,1574506094.8290472
0.020849609375,1574506095.2010772
0.01957652698863637,1574506095.5730832
0.01996981534090909,1574506095.9450948
0.019676846590909097,1574506096.329076
0.019864169034090908,1574506096.701079
0.019646661931818184,1574506097.0731094
0.0213427734375,1574506097.4451346
0.020315607244318194,1574506097.829116
0.019439364346590906,1574506098.201111
0.01966752485795453,1574506098.5731347
0.020485617897727276,1574506098.945168
0.019237837357954538,1574506099.3291154
0.02007057883522727,1574506099.7011383
0.020279208096590905,1574506100.0731664
0.01944202769886364,1574506100.4451623
0.020770596590909105,1574506100.829147
0.02057217684659091,1574506101.2011716
0.019836647727272744,1574506101.5732775
0.019611150568181825,1574506101.9452739
0.019627574573863646,1574506102.329226
0.021419566761363636,1574506102.701229
0.020107865767045454,1574506103.0732284
0.019643998579545463,1574506103.4452288
0.019801136363636382,1574506103.8292081
0.020072798295454546,1574506104.201211
0.019595614346590916,1574506104.5732365
0.019839311079545455,1574506104.945268
0.019193004261363614,1574506105.3292398
0.019733220880681798,1574506105.701239
0.019948508522727282,1574506106.0732822
0.02007013494318184,1574506106.4452882
0.01977672230113636,1574506106.8292434
0.01977805397727271,1574506107.2012699
0.020671164772727277,1574506107.5732908
0.019673295454545468,1574506107.9452918
0.019620028409090915,1574506108.3292701
0.019227627840909103,1574506108.7012978
0.019591175426136365,1574506109.0733304
0.020009321732954555,1574506109.4453223
0.01932794744318183,1574506109.8293052
0.019590731534090914,1574506110.2013276
0.020363991477272723,1574506110.5733309
0.01980868252840911,1574506110.945357
0.019827325994318187,1574506111.3293345
0.019130859374999993,1574506111.7013316
0.02019176136363636,1574506112.0733566
0.02190607244318181,1574506112.4453952
0.020572620738636353,1574506112.829369
0.020352006392045457,1574506113.201374
0.020382191051136363,1574506113.5733876
0.019588068181818182,1574506113.9454162
0.020190429687499983,1574506114.3293698
0.020317826704545464,1574506114.701396
0.019514382102272708,1574506115.0734193
0.020328924005681825,1574506115.445423
0.01948774857954546,1574506115.829399
0.01961647727272728,1574506116.201421
0.018943980823863626,1574506116.5734267
0.02040349786931818,1574506116.9454458
0.01894975142045454,1574506117.3294313
0.02184792258522728,1574506117.7014549
0.019816672585227266,1574506118.0734618
0.019646218039772737,1574506118.445479
0.02000088778409091,1574506118.8294628
0.019877929687499993,1574506119.201465
0.020199751420454545,1574506119.5734832
0.019674627130681827,1574506119.945523
0.019758078835227264,1574506120.3294957
0.02109552556818182,1574506120.701494
0.01958185369318182,1574506121.07352
0.019201438210227257,1574506121.4455416
0.019896573153409102,1574506121.8294957
0.01931729403409091,1574506122.201522
0.021061345880681835,1574506122.5735497
0.020157137784090916,1574506122.9455552
0.024425159801136385,1574506123.3296015
0.019910333806818184,1574506123.7015996
0.021106622869318158,1574506124.0736012
0.01944868607954545,1574506124.4456031
0.019411399147727288,1574506124.829561
0.01908558238636364,1574506125.2015803
0.02133078835227274,1574506125.5735767
0.019231178977272726,1574506125.945606
0.01979714133522728,1574506126.3295898
0.020000887784090923,1574506126.7015927
0.020531782670454548,1574506127.0736117
0.021056019176136358,1574506127.4456453
0.02149857954545454,1574506127.8296177
0.019643110795454548,1574506128.201617
0.020763938210227265,1574506128.57365
0.019133966619318182,1574506128.9456685
0.019530362215909106,1574506129.32962
0.01996582031249999,1574506129.7016606
0.019043412642045458,1574506130.0736806
0.020371537642045447,1574506130.4456747
0.020139382102272726,1574506130.8296576
0.018952858664772716,1574506131.2016852
0.019398970170454558,1574506131.5737112
0.01956143465909091,1574506131.9457095
0.019813121448863647,1574506132.3296914
0.02097611860795453,1574506132.701709
0.019335493607954533,1574506133.0737185
0.019648437499999984,1574506133.4457383
0.01850719105113636,1574506133.8297122
0.020368430397727275,1574506134.201712
0.01928355823863636,1574506134.573739
0.020213512073863623,1574506134.945774
0.01864790482954547,1574506135.3297231
0.019552556818181813,1574506135.7017446
0.019651100852272736,1574506136.0737703
0.01944868607954546,1574506136.4458044
0.01910466974431817,1574506136.829749
0.019655095880681817,1574506137.201784
0.020731977982954546,1574506137.5738025
0.019990234375,1574506137.9458134
0.01867009943181819,1574506138.3297794
0.02043723366477274,1574506138.7018082
0.019596502130681825,1574506139.073815
0.019546342329545455,1574506139.4458482
0.01994140625000002,1574506139.8298066
0.018821466619318192,1574506140.201833
0.025086115056818174,1574506140.573843
0.01977672230113636,1574506140.9458609
0.019476651278409092,1574506141.32984
0.01937144886363636,1574506141.7018418
0.020469193892045448,1574506142.073872
0.019762517755681813,1574506142.4458969
0.02200150923295455,1574506142.829847
0.019562766335227275,1574506143.2018695
0.019883700284090908,1574506143.573901
0.02394930752840909,1574506143.9459038
0.022080078124999996,1574506144.3298736
0.021574928977272714,1574506144.7019773
0.02169078480113637,1574506145.0739782
0.019281782670454554,1574506145.4459808
0.0187020596590909,1574506145.829939
0.018964399857954548,1574506146.2019362
0.019166370738636362,1574506146.5739598
0.018744229403409078,1574506146.9459543
0.018822798295454555,1574506147.3299432
0.019961825284090913,1574506147.7019613
0.018827681107954543,1574506148.0739655
0.019167702414772735,1574506148.4459887
0.019350142045454547,1574506148.8299737
0.019312855113636368,1574506149.2019687
0.060345791903409066,1574506149.5739985
0.05014914772727272,1574506149.9460297
0.020214399857954528,1574506150.3299785
0.019481977982954566,1574506150.7020035
0.018744673295454543,1574506151.0740237
0.0196329012784091,1574506151.446052
0.01968439275568181,1574506151.8300085
0.019635564630681817,1574506152.2020297
0.020176225142045458,1574506152.574052
0.02060413707386364,1574506152.9460595
0.01941716974431819,1574506153.330042
0.019343927556818193,1574506153.702065
0.01868918678977274,1574506154.0740638
0.018715820312500003,1574506154.446086
0.020731090198863638,1574506154.830067
0.0257657137784091,1574506155.2021024
0.03794389204545455,1574506155.5740943
0.019747869318181812,1574506155.94612
0.019157492897727273,1574506156.330098
0.018924893465909094,1574506156.7021003
0.019281338778409096,1574506157.074119
0.01881214488636363,1574506157.4461527
0.021121271306818165,1574506157.8301044
0.018712269176136373,1574506158.2021291
0.021247780539772738,1574506158.5741544
0.019733664772727283,1574506158.9461503
0.019800248579545467,1574506159.330128
0.019550337357954542,1574506159.702156
0.019788263494318184,1574506160.0741873
0.01888627485795455,1574506160.4461856
0.018595525568181823,1574506160.8301632
0.0195809659090909,1574506161.202183
0.01965909090909092,1574506161.5741932
0.019468661221590904,1574506161.9462104
0.019591175426136368,1574506162.3301904
0.018918235085227265,1574506162.7021956
0.019677290482954548,1574506163.0742195
0.019304421164772715,1574506163.4462466
0.019290660511363633,1574506163.8302178
0.01912686434659091,1574506164.2022288
0.02015491832386365,1574506164.5742493
0.01911887428977274,1574506164.946281
0.018649680397727283,1574506165.3302236
0.018719371448863636,1574506165.7022567
0.019449129971590914,1574506166.074354
0.01923295454545453,1574506166.4463537
0.018569335937500004,1574506166.8303065
0.019250710227272712,1574506167.2023032
0.01931640625,1574506167.5743103
0.020387073863636366,1574506167.946332
0.02017933238636364,1574506168.330288
0.018880060369318188,1574506168.7023103
0.019076260653409106,1574506169.0743191
0.01962091619318181,1574506169.4463472
0.018710049715909102,1574506169.8303242
0.019333274147727276,1574506170.2023253
0.019079811789772742,1574506170.5743468
0.01839754971590908,1574506170.946372
0.02011186079545457,1574506171.3303478
0.01944291548295455,1574506171.70235
0.019171697443181812,1574506172.0743816
0.0195525568181818,1574506172.4464068
0.020581942471590915,1574506172.830355
0.01928932883522727,1574506173.2023833
0.019669744318181807,1574506173.5744083
0.01933638139204543,1574506173.9464068
0.01896706321022728,1574506174.330386
0.01952991832386363,1574506174.702406
0.019488192471590907,1574506175.0744295
0.01927290482954544,1574506175.4464316
0.019581853693181835,1574506175.8304105
0.0195987215909091,1574506176.2024448
0.02056107954545455,1574506176.5744376
0.019352805397727275,1574506176.9464617
0.018681196732954538,1574506177.330441
0.020753728693181813,1574506177.7024393
0.019580078124999966,1574506178.0744727
0.019287997159090915,1574506178.4464903
0.019266690340909103,1574506178.830466
0.019350142045454554,1574506179.2024713
0.02127707741477273,1574506179.5744915
0.017305131392045453,1574506179.9465225
0.009864169034090913,1574506180.330472
0.009663973721590913,1574506180.702498
0.012531960227272725,1574506181.0745213
0.009775834517045449,1574506181.4465144
0.00940518465909091,1574506181.8305006
0.012081853693181823,1574506182.2025282
0.013327414772727265,1574506182.5745475
0.013757990056818194,1574506182.9465427
0.010628995028409085,1574506183.3305306
0.01172984730113636,1574506183.7025566
0.012872425426136367,1574506184.0745473
0.009980468749999999,1574506184.4465764
0.012839577414772723,1574506184.8305528
0.009835759943181824,1574506185.2025542
0.009625799005681819,1574506185.5745823
0.01209295099431818,1574506185.9466085
0.010233931107954548,1574506186.3305867
0.012529296875000004,1574506186.70258
0.011285511363636367,1574506187.0746067
0.011301047585227271,1574506187.4467094
0.010609907670454556,1574506187.8306673
0.009591619318181815,1574506188.2026563
0.012757457386363627,1574506188.5746615
0.009474875710227275,1574506188.9466617
0.009962713068181814,1574506189.3306372
0.012453835227272737,1574506189.7026405
0.009687943892045456,1574506190.074642
0.009434037642045463,1574506190.4466734
0.012140003551136355,1574506190.8306448
0.009873934659090913,1574506191.2026665
0.009971590909090909,1574506191.5746715
0.011210049715909096,1574506191.9466963
0.011564719460227269,1574506192.33068
0.010647194602272727,1574506192.702699
0.009968927556818169,1574506193.0746963
0.013939098011363636,1574506193.4467216
0.010060813210227277,1574506193.8307054
0.009678622159090914,1574506194.2027023
0.012378373579545464,1574506194.5747244
0.009533025568181811,1574506194.946755
0.00916015625,1574506195.330704
0.011676580255681815,1574506195.7027314
0.010600585937500006,1574506196.074755
0.009710582386363631,1574506196.4467576
0.00974786931818181,1574506196.8307397
0.011827059659090906,1574506197.2027602
0.010180220170454541,1574506197.574757
0.011033824573863643,1574506197.9467874
0.012831587357954548,1574506198.3307667
0.012392578124999994,1574506198.7027874
0.010478959517045455,1574506199.0747857
0.01272150213068182,1574506199.446814
0.01564319957386364,1574506199.830797
0.009915216619318183,1574506200.202794
0.012597212357954538,1574506200.5748236
0.011598455255681824,1574506200.9468472
0.009932528409090912,1574506201.3308191
0.013347389914772736,1574506201.7028189
0.013038441051136372,1574506202.0748472
0.009738991477272727,1574506202.4468746
0.010198419744318185,1574506202.8308256
0.012709960937499995,1574506203.202846
0.009696821732954544,1574506203.5748818
0.009600941051136362,1574506203.9468765
0.012932794744318186,1574506204.3308582
0.01093306107954546,1574506204.7028806
0.010058593749999997,1574506205.0749056
0.01033735795454545,1574506205.4468985
0.012522638494318183,1574506205.830881
0.00971546519886364,1574506206.2029083
0.009593838778409088,1574506206.5749102
0.014183682528409102,1574506206.9469326
0.009521040482954548,1574506207.3309157
0.009832208806818184,1574506207.7029107
0.013443270596590902,1574506208.0749369
0.009421164772727274,1574506208.446966
0.009657759232954546,1574506208.830913
0.011679243607954547,1574506209.2030184
0.011852805397727272,1574506209.5750122
0.009753639914772717,1574506209.9470136
0.009325284090909085,1574506210.3309658
0.01252485795454546,1574506210.702972
0.009705255681818183,1574506211.0749977
0.009463778409090906,1574506211.447019
0.012472478693181816,1574506211.8309748
0.009119762073863637,1574506212.2030005
0.010737748579545459,1574506212.5750017
0.01553267045454545,1574506212.9470267
0.009392311789772729,1574506213.3310084
0.009740767045454544,1574506213.7030303
0.012224786931818186,1574506214.0750296
0.01025656960227273,1574506214.4470592
0.0095703125,1574506214.8310282
0.012171963778409088,1574506215.203032
0.00997647372159091,1574506215.575056
0.009690607244318184,1574506215.9470868
0.01137384588068182,1574506216.3310425
0.011487482244318187,1574506216.703059
0.009039417613636365,1574506217.0750847
0.009449129971590909,1574506217.4470844
0.014091796875000001,1574506217.8310685
0.009948508522727275,1574506218.2030885
0.010214399857954545,1574506218.5751128
0.012890181107954552,1574506218.9471138
0.010146484374999999,1574506219.33109
0.010612127130681813,1574506219.7031188
0.013736683238636372,1574506220.0751157
0.01295276988636364,1574506220.447139
0.010804332386363644,1574506220.8311262
0.014042524857954543,1574506221.2031493
0.009932972301136362,1574506221.5751503
0.00983043323863636,1574506221.9471705
0.011489257812499988,1574506222.3311493
0.01081276633522726,1574506222.7031453
0.00986239346590909,1574506223.0751743
0.010536665482954547,1574506223.4471962
0.012068536931818181,1574506223.8311517
0.010298295454545454,1574506224.203181
0.009076260653409088,1574506224.5752065
0.013030894886363635,1574506224.947231
0.010040838068181816,1574506225.331188
0.009661754261363639,1574506225.7032049
0.012302024147727275,1574506226.0752287
0.009363458806818182,1574506226.4472272
0.009801136363636359,1574506226.8312073
0.011120383522727267,1574506227.2032406
0.010548206676136367,1574506227.575233
0.011548295454545452,1574506227.947265
0.00991743607954546,1574506228.3312464
0.012510653409090917,1574506228.7032697
0.009699928977272726,1574506229.075266
0.010028409090909091,1574506229.447291
0.015529119318181813,1574506229.831272
0.03513849431818182,1574506230.2032678
0.0347687322443182,1574506230.5753717
0.05441850142045452,1574506230.9473732
0.04259943181818183,1574506231.3313217
0.028662997159090892,1574506231.7033267
0.03621759588068183,1574506232.0753205
0.03835227272727275,1574506232.4473455
0.04000710227272731,1574506232.83131
0.043140980113636374,1574506233.2033336
0.0451886541193182,1574506233.5753634
0.033852539062500006,1574506233.947374
0.037756125710227274,1574506234.3313384
0.03734375,1574506234.7034326
0.05494140625000001,1574506235.075383
0.07580122514204547,1574506235.4474385
0.06898526278409085,1574506235.831381
0.0347975852272727,1574506236.2034373
0.0446923828125,1574506236.5754263
0.03575816761363637,1574506236.9474695
0.041353426846590914,1574506237.3314452
0.030811434659090923,1574506237.703438
0.04057750355113632,1574506238.0754714
0.04784046519886362,1574506238.4474888
0.05253329190340913,1574506238.831459
0.033977716619318206,1574506239.203468
0.03900124289772726,1574506239.5754943
0.03877974076704548,1574506239.9475114
0.04027299360795455,1574506240.3314576
0.038535600142045476,1574506240.7034867
0.038463689630681835,1574506241.0755098
0.035163796164772713,1574506241.447525
0.038070845170454524,1574506241.8314738
0.03666459517045454,1574506242.2035093
0.035892666903409115,1574506242.5755067
0.03883123224431815,1574506242.947527
0.03601740056818182,1574506243.33152
0.03820667613636364,1574506243.7035432
0.037194158380681824,1574506244.075533
0.03164462002840909,1574506244.4475756
0.036796431107954546,1574506244.831542
0.03790482954545451,1574506245.203544
0.03368785511363637,1574506245.5755754
0.03824662642045452,1574506245.9475956
0.037226562499999984,1574506246.331545
