amperes,timestamp
0.04466086647727273,1574500229.730733
0.04628817471590912,1574500230.1027267
0.046129705255681816,1574500230.474752
0.06900701349431822,1574500230.8467813
0.07958806818181816,1574500231.2307408
0.0824786931818181,1574500231.602758
0.0831809303977273,1574500231.974796
0.07758078835227275,1574500232.346797
0.0608793501420455,1574500232.7307708
0.06636718750000001,1574500233.102866
0.059433149857954524,1574500233.4748769
0.04005681818181819,1574500233.8468728
0.0350341796875,1574500234.2308328
0.033228426846590914,1574500234.6028259
0.056431995738636394,1574500234.9748569
0.06439808238636367,1574500235.3468585
0.06195001775568182,1574500235.730834
0.05497203480113639,1574500236.1028419
0.05944335937500001,1574500236.4748685
0.06165926846590911,1574500236.84691
0.05680841619318179,1574500237.2308547
0.03489879261363633,1574500237.6028693
0.04167968750000002,1574500237.9748993
0.037760120738636355,1574500238.346932
0.032470703125000014,1574500238.7308826
0.03607998934659091,1574500239.102905
0.0296209161931818,1574500239.474907
0.028317649147727268,1574500239.8469353
0.02944291548295455,1574500240.230915
0.029409623579545466,1574500240.6029422
0.029777610085227255,1574500240.9749472
0.034730113636363656,1574500241.346971
0.03418323863636363,1574500241.7309484
0.030680042613636344,1574500242.1029434
0.037411221590909094,1574500242.4749725
0.03384055397727273,1574500242.8470013
0.03681374289772727,1574500243.2309577
0.028905806107954533,1574500243.6029832
0.03145152698863638,1574500243.9750066
0.037454723011363655,1574500244.3470075
0.04320933948863636,1574500244.7309852
0.0499507279829545,1574500245.10301
0.06442915482954543,1574500245.4750385
0.042634055397727265,1574500245.8470454
0.04544744318181821,1574500246.2310178
0.04640314275568186,1574500246.6030464
0.05814231178977277,1574500246.9750473
0.051144353693181835,1574500247.3470805
0.041334339488636365,1574500247.731058
0.04824573863636363,1574500248.103056
0.04894664417613638,1574500248.4750807
0.04207386363636363,1574500248.8471112
0.03895108309659091,1574500249.2310934
0.04355513139204545,1574500249.6030931
0.04468172940340907,1574500249.9751172
0.04131081321022728,1574500250.34711
0.041437766335227284,1574500250.731097
0.04510076349431816,1574500251.1031303
0.04339932528409092,1574500251.4751537
0.039923650568181854,1574500251.8471537
0.0354580965909091,1574500252.2311335
0.04619673295454543,1574500252.6031532
0.04408602627840911,1574500252.975159
0.04524902343750001,1574500253.3471854
0.04511851917613637,1574500253.731169
0.04401855468750003,1574500254.1031704
0.036189186789772725,1574500254.4751976
0.04899014559659093,1574500254.847294
0.045145596590909096,1574500255.2312477
0.04678089488636363,1574500255.60325
0.040871360085227265,1574500255.9752557
0.04380015980113638,1574500256.3472514
0.04608931107954547,1574500256.731238
0.036839044744318206,1574500257.103241
0.04554643110795457,1574500257.4752748
0.044130859375,1574500257.8472667
0.04701171874999998,1574500258.231246
0.050199307528409086,1574500258.6032689
0.04466885653409089,1574500258.9752686
0.0446457741477273,1574500259.347302
0.03575506036931817,1574500259.7312722
0.04529341264204546,1574500260.103295
0.045888671875000016,1574500260.4753754
0.045951260653409105,1574500260.8473272
0.04593039772727273,1574500261.2313104
0.04574618252840907,1574500261.603311
0.04321244673295455,1574500261.9753284
0.04487393465909092,1574500262.3473675
0.04453213778409089,1574500262.7313137
0.04043945312500002,1574500263.1033387
0.048457031250000025,1574500263.475405
0.04706986860795456,1574500263.8473685
0.044015447443181824,1574500264.2313495
0.042547496448863645,1574500264.603371
0.04455877130681817,1574500264.9753795
0.04569779829545454,1574500265.3474154
0.03953790838068183,1574500265.7314248
0.04639426491477273,1574500266.1033864
0.04349076704545449,1574500266.4754844
0.04494495738636365,1574500266.8474584
0.05716308593750001,1574500267.2314172
0.04913751775568182,1574500267.6034205
0.04203835227272725,1574500267.9754572
0.04015491832386363,1574500268.347483
0.04515092329545456,1574500268.7314377
0.044362127130681814,1574500269.103456
0.042365056818181805,1574500269.4754803
0.04523615056818182,1574500269.8474784
0.049055397727272694,1574500270.2314646
0.08261674360795461,1574500270.6034987
0.04552867542613635,1574500270.9755025
0.036786221590909066,1574500271.3475137
0.03810901988636363,1574500271.7314882
0.03655806107954546,1574500272.1035197
0.034130859375000024,1574500272.4755166
0.02619096235795452,1574500272.8475375
0.024307084517045437,1574500273.231516
0.027952769886363645,1574500273.6035259
0.023107688210227254,1574500273.9755564
0.02155939275568181,1574500274.3475716
0.025115411931818172,1574500274.7315392
0.021121715198863647,1574500275.1035485
0.027087180397727267,1574500275.4755821
0.024802468039772728,1574500275.8476093
0.021462624289772733,1574500276.2315602
0.022638050426136366,1574500276.6036623
0.023580877130681816,1574500276.9756963
0.022359286221590904,1574500277.3476655
0.024050514914772735,1574500277.7316248
0.02192249644886365,1574500278.1036234
0.02193892045454547,1574500278.475643
0.024955610795454546,1574500278.847649
0.021325017755681828,1574500279.2316306
0.021329900568181803,1574500279.6036396
0.024307528409090902,1574500279.9756768
0.021842151988636357,1574500280.347683
0.023281249999999996,1574500280.7316394
0.022401455965909103,1574500281.1036646
0.02188432173295455,1574500281.4756923
0.025253906249999986,1574500281.847693
0.02202991832386363,1574500282.2316658
0.020723544034090914,1574500282.603694
0.023822798295454535,1574500282.9757192
0.021480823863636363,1574500283.347725
0.023906250000000007,1574500283.731701
0.023746892755681814,1574500284.1037264
0.021690340909090892,1574500284.4757266
0.02256791548295454,1574500284.8477557
0.022301136363636363,1574500285.2317333
0.02312189275568182,1574500285.6037436
0.02897816051136362,1574500285.9757662
0.021095969460227265,1574500286.3477912
0.020846502130681826,1574500286.7317717
0.026010742187500015,1574500287.1037967
0.02072221235795455,1574500287.475802
0.025390181107954546,1574500287.8478284
0.023631924715909088,1574500288.2317753
0.02116743607954545,1574500288.603802
0.02288174715909091,1574500288.9758232
0.021667702414772762,1574500289.3478293
0.023541814630681824,1574500289.7318103
0.02461115056818183,1574500290.1038427
0.020747514204545438,1574500290.475832
0.021253107244318187,1574500290.8478653
0.02708096590909091,1574500291.231854
0.026587801846590917,1574500291.6038506
0.027903941761363626,1574500291.9758852
0.0238192471590909,1574500292.3478925
0.021363192471590915,1574500292.7318738
0.023005149147727263,1574500293.1038752
0.023739790482954527,1574500293.4759061
0.022294921874999995,1574500293.8479276
0.023686967329545446,1574500294.2318866
0.02100896661931818,1574500294.6039088
0.021367631392045467,1574500294.9759367
0.023970170454545442,1574500295.3479342
0.021140358664772735,1574500295.731916
0.02225319602272728,1574500296.1039484
0.022927024147727286,1574500296.4759405
0.020890003551136363,1574500296.8479717
0.024230291193181833,1574500297.2319508
0.02107421875,1574500297.603949
0.022658469460227287,1574500297.9759786
0.023833451704545438,1574500298.348078
0.02468084161931819,1574500298.732037
0.02150301846590909,1574500299.1040504
0.023654119318181812,1574500299.47607
0.021213156960227283,1574500299.8480604
0.022972301136363636,1574500300.2320216
0.02198242187500001,1574500300.6040223
0.021344992897727268,1574500300.976041
0.027169744318181824,1574500301.3480487
0.02342551491477275,1574500301.7320228
0.02133433948863638,1574500302.104057
0.02469149502840909,1574500302.4760544
0.02135076349431818,1574500302.8480794
0.021927823153409097,1574500303.2320628
0.027004172585227245,1574500303.6040874
0.022517755681818175,1574500303.9760833
0.023237748579545463,1574500304.3481104
0.021919389204545465,1574500304.7320933
0.020716885653409102,1574500305.1040902
0.024545898437500012,1574500305.4761214
0.0229354580965909,1574500305.8481426
0.020810102982954545,1574500306.2321017
0.02529341264204545,1574500306.6041338
0.02151766690340908,1574500306.9761517
0.022996715198863635,1574500307.3481598
0.023047318892045456,1574500307.7321281
0.021804421164772735,1574500308.1041589
0.02348499644886362,1574500308.4761822
0.023414861505681818,1574500308.8481793
0.022951882102272718,1574500309.2321715
0.02401855468749999,1574500309.604192
0.02162020596590909,1574500309.9761977
0.022652254971590912,1574500310.3482401
0.023623934659090906,1574500310.732202
0.02041370738636364,1574500311.104202
0.023918678977272723,1574500311.4762316
0.02190118963068182,1574500311.8482575
0.02127397017045454,1574500312.2322028
0.023884943181818163,1574500312.6042352
0.020923295454545455,1574500312.9762616
0.02149058948863635,1574500313.348264
0.023596413352272725,1574500313.7322452
0.023859641335227263,1574500314.1042695
0.02215110085227274,1574500314.4762921
0.022731711647727255,1574500314.8482933
0.019670632102272722,1574500315.232273
0.021990855823863627,1574500315.6043057
0.02027654474431818,1574500315.9763029
0.019970703125,1574500316.3483264
0.022990944602272717,1574500316.732308
0.020067915482954547,1574500317.1043065
0.02099298650568182,1574500317.476331
0.023201793323863632,1574500317.848381
0.020562411221590905,1574500318.2323086
0.020653409090909094,1574500318.604335
0.02183327414772728,1574500318.9763644
0.04180264559659092,1574500319.3483992
0.05617808948863638,1574500319.7323465
0.051166548295454584,1574500320.10445
0.04233265269886364,1574500320.476446
0.031845703125,1574500320.8484447
0.03338245738636362,1574500321.2324064
0.023413529829545466,1574500321.6044211
0.02594060724431818,1574500321.9764483
0.02276988636363637,1574500322.348431
0.025073686079545465,1574500322.732421
0.04739302201704544,1574500323.1044164
0.04549050071022727,1574500323.476446
0.04751198508522728,1574500323.848472
0.06640047940340911,1574500324.232446
0.04468528053977274,1574500324.6044517
0.03586381392045455,1574500324.9764752
0.04572931463068184,1574500325.348503
0.05055308948863633,1574500325.7324607
0.04424893465909091,1574500326.1044834
0.05096413352272727,1574500326.4765143
0.05410777698863642,1574500326.848561
0.047876420454545474,1574500327.2325134
0.04500665838068181,1574500327.604518
0.04611993963068186,1574500327.976523
0.06306995738636363,1574500328.3485487
0.07483176491477272,1574500328.7325273
0.04753018465909092,1574500329.104555
0.052869762073863645,1574500329.4765565
0.04643155184659091,1574500329.8485744
0.05009366122159088,1574500330.2325697
0.04231134588068182,1574500330.6045659
0.04768066406249998,1574500330.976588
0.04850097656250001,1574500331.3486133
0.06102494673295454,1574500331.7325683
0.048772194602272716,1574500332.1045926
0.05064897017045451,1574500332.4766247
0.05491832386363636,1574500332.8486176
0.04317427201704544,1574500333.2325957
0.04686878551136364,1574500333.6046307
0.047758345170454575,1574500333.9766316
0.04335626775568183,1574500334.3486547
0.047681107954545485,1574500334.7326336
0.04441628196022724,1574500335.1047378
0.04746315696022728,1574500335.4766648
0.047134676846590895,1574500335.8487403
0.043041104403409094,1574500336.2326708
0.04665571732954541,1574500336.6046953
0.04632945667613636,1574500336.9766946
0.04770152698863637,1574500337.3487241
0.04687943892045453,1574500337.7326753
0.05026322798295452,1574500338.1047068
0.04341308593750001,1574500338.4767292
0.046675692471590924,1574500338.8487494
0.04884188565340911,1574500339.2327108
