amperes,timestamp
0.032227894176136376,1574503005.5213456
0.03734241832386361,1574503005.8933399
0.03777521306818185,1574503006.2772973
0.05866521661931816,1574503006.6492987
0.0687215909090909,1574503007.02132
0.07002397017045453,1574503007.3933442
0.068701171875,1574503007.7773032
0.06995294744318181,1574503008.1493251
0.0496462180397727,1574503008.521323
0.047302024147727266,1574503008.893353
0.04994229403409092,1574503009.277334
0.03831631747159091,1574503009.6493587
0.021009854403409103,1574503010.021347
0.0218594637784091,1574503010.3933806
0.020879350142045453,1574503010.7773614
0.03625754616477274,1574503011.149362
0.021583362926136357,1574503011.5213883
0.019202769886363644,1574503011.8934143
0.03212890625,1574503012.2773697
0.03334295099431819,1574503012.6493928
0.030875355113636378,1574503013.0214114
0.029537908380681804,1574503013.393411
0.04686168323863637,1574503013.7773943
0.04529740767045455,1574503014.149434
0.03656205610795457,1574503014.5214417
0.03553888494318183,1574503014.8934455
0.04457563920454546,1574503015.2774327
0.04061301491477272,1574503015.6494505
0.027444069602272737,1574503016.021462
0.0353378018465909,1574503016.3934808
0.036501686789772704,1574503016.7774563
0.04800914417613636,1574503017.1494653
0.03885031960227277,1574503017.5214853
0.03076748934659091,1574503017.8935099
0.038847656249999994,1574503018.2774665
0.03452858664772726,1574503018.6494865
0.031999733664772725,1574503019.0215132
0.03829234730113638,1574503019.3935592
0.03420010653409091,1574503019.7774932
0.03494185014204543,1574503020.1495304
0.03799582741477273,1574503020.5215433
0.03562455610795455,1574503020.893544
0.03773481889204544,1574503021.2775245
0.029066051136363645,1574503021.6495595
0.036535422585227274,1574503022.0215507
0.03485662286931817,1574503022.3935728
0.02574884588068181,1574503022.7775614
0.03437677556818183,1574503023.1495497
0.03494096235795456,1574503023.5215898
0.03921342329545452,1574503023.893609
0.03748135653409092,1574503024.2775843
0.03486328124999998,1574503024.6495802
0.03509810014204548,1574503025.0216074
0.03326882102272727,1574503025.3936348
0.03586115056818179,1574503025.7775908
0.036159002130681815,1574503026.1496155
0.02804376775568182,1574503026.5217192
0.036965110085227224,1574503026.8937118
0.033350941051136354,1574503027.277671
0.03684037642045455,1574503027.6496806
0.03249822443181818,1574503028.0216825
0.036100408380681806,1574503028.3936877
0.036020063920454586,1574503028.7776473
0.03423251065340909,1574503029.1496463
0.037272283380681864,1574503029.5216768
0.03485440340909092,1574503029.8936982
0.03317693536931819,1574503030.277677
0.03643377130681818,1574503030.6496797
0.03499334161931816,1574503031.0217063
0.03744939630681818,1574503031.3937402
0.03662952769886363,1574503031.7776852
0.03531605113636366,1574503032.1497161
0.03474476207386365,1574503032.5217428
0.03596946022727274,1574503032.8937583
0.03565562855113637,1574503033.2777143
0.03227805397727274,1574503033.6497412
0.036524325284090914,1574503034.0217726
0.03757324218750002,1574503034.3937645
0.04201482599431819,1574503034.777747
0.044647549715909084,1574503035.1497736
0.03502308238636362,1574503035.5217748
0.03557128906250004,1574503035.8938053
0.037280273437500025,1574503036.2777755
0.035842063210227273,1574503036.6497767
0.033801047585227326,1574503037.0218039
0.028502752130681843,1574503037.3938248
0.03613947088068179,1574503037.7778156
0.03908602627840908,1574503038.1498075
0.0720174893465909,1574503038.5218267
0.040858931107954556,1574503038.893861
0.029193448153409098,1574503039.2778125
0.028831676136363643,1574503039.6498373
0.0271728515625,1574503040.0218601
0.025980557528409092,1574503040.3938563
0.026231356534090925,1574503040.777841
0.025538884943181822,1574503041.149868
0.02223410866477273,1574503041.5218651
0.022291814630681805,1574503041.8938994
0.02182040127840909,1574503042.2778685
0.023121448863636367,1574503042.6498752
0.021730291193181813,1574503043.0219254
0.030785245028409108,1574503043.3939188
0.02630237926136362,1574503043.7778993
0.022040127840909092,1574503044.1499069
0.023719815340909087,1574503044.5219257
0.02122514204545455,1574503044.8939605
0.02263227982954546,1574503045.2779098
0.0229989346590909,1574503045.649939
0.022602982954545464,1574503046.0219631
0.02245250355113636,1574503046.3939571
0.0222469815340909,1574503046.7779377
0.022291814630681812,1574503047.1499648
0.022834250710227263,1574503047.5219855
0.021911843039772727,1574503047.8939965
0.022292258522727267,1574503048.2780423
0.022099609375000006,1574503048.650041
0.02222034801136363,1574503049.0220366
0.023181374289772724,1574503049.3940616
0.020956587357954543,1574503049.7779956
0.02115278764204546,1574503050.1500294
0.021955788352272736,1574503050.5220187
0.022060546874999993,1574503050.89405
0.021951349431818177,1574503051.2780073
0.022007279829545454,1574503051.6500323
0.022139559659090906,1574503052.022061
0.022164861505681827,1574503052.3940523
0.021894087357954565,1574503052.7780342
0.02081365411931818,1574503053.1500595
0.023201793323863632,1574503053.5220876
0.022054776278409093,1574503053.8940842
0.02205921519886364,1574503054.2780619
0.02420765269886365,1574503054.6500864
0.022623401988636358,1574503055.0220861
0.02121715198863638,1574503055.3941162
0.022015269886363636,1574503055.7780938
0.02095303622159091,1574503056.1501012
0.022476917613636356,1574503056.5221162
0.021383167613636355,1574503056.8941436
0.023318093039772742,1574503057.278099
0.021570933948863644,1574503057.6501207
0.02819557883522728,1574503058.0221534
0.02329811789772727,1574503058.3941865
0.02253551136363636,1574503058.7781425
0.02303932883522727,1574503059.1501615
0.026463512073863618,1574503059.5221772
0.022622070312499992,1574503059.8941877
0.021798650568181813,1574503060.2781658
0.022043678977272708,1574503060.6501858
0.02179554332386363,1574503061.0221786
0.02200284090909091,1574503061.394217
0.022240323153409076,1574503061.7781854
0.02203435724431817,1574503062.1501954
0.021984197443181815,1574503062.5222185
0.021936700994318183,1574503062.8942351
0.022171519886363622,1574503063.278233
0.02333274147727271,1574503063.6502283
0.022113370028409084,1574503064.0222514
0.02305664062499999,1574503064.3942757
0.022652698863636366,1574503064.7782252
0.021897194602272733,1574503065.150252
0.02094060724431819,1574503065.5222745
0.02217107599431817,1574503065.8942811
0.021945578835227273,1574503066.2782533
0.021733398437500006,1574503066.6502848
0.02810102982954546,1574503067.0222955
0.024544122869318168,1574503067.3943048
0.023210227272727268,1574503067.7782931
0.021772017045454565,1574503068.1503084
0.022265181107954564,1574503068.522313
0.022517755681818193,1574503068.8943427
0.022638494318181834,1574503069.2783277
0.02237837357954548,1574503069.650312
0.02170898437499999,1574503070.0224242
0.023578657670454556,1574503070.3944192
0.022831587357954545,1574503070.7783804
0.022846235795454545,1574503071.150373
0.02576349431818182,1574503071.522374
0.023314985795454542,1574503071.8943954
0.021305042613636374,1574503072.2783499
0.021443536931818184,1574503072.6503723
0.021908735795454545,1574503073.0224066
0.022464488636363654,1574503073.394411
0.021689009232954547,1574503073.7783844
0.022488458806818185,1574503074.1504047
0.022160866477272733,1574503074.5224092
0.022229225852272737,1574503074.8944364
0.021629527698863654,1574503075.2784128
0.022254083806818165,1574503075.65042
0.023283913352272756,1574503076.022446
0.02506702769886362,1574503076.3944726
0.02133611505681818,1574503076.7784257
0.02408336292613635,1574503077.1504467
0.022681995738636378,1574503077.5224664
0.02172629616477273,1574503077.8944893
0.02277743252840909,1574503078.2784462
0.023153852982954536,1574503078.6504683
0.024402077414772724,1574503079.0224986
0.021965553977272734,1574503079.3944964
0.021114169034090916,1574503079.778472
0.021918501420454546,1574503080.1505
0.027287819602272723,1574503080.5225089
0.023529385653409108,1574503080.894529
0.022967862215909088,1574503081.2785082
0.021875000000000012,1574503081.6505115
0.025359108664772742,1574503082.0225396
0.021617098721590924,1574503082.394565
0.022092507102272736,1574503082.7785351
0.020502041903409107,1574503083.1505353
0.02154518821022727,1574503083.5225577
0.022014825994318185,1574503083.894589
0.022008611505681813,1574503084.278545
0.022718394886363635,1574503084.6505702
0.021981534090909083,1574503085.022598
0.021916725852272733,1574503085.394618
0.02189231178977273,1574503085.7785766
0.021079989346590913,1574503086.1506016
0.020781693892045473,1574503086.5226004
0.02142533735795455,1574503086.8946288
0.027652254971590903,1574503087.2786014
0.04350408380681817,1574503087.6506286
0.06127397017045457,1574503088.0226305
0.04360262784090909,1574503088.3946552
0.0215798117897727,1574503088.7786338
0.012614080255681814,1574503089.150635
0.016417347301136358,1574503089.522653
0.011787997159090895,1574503089.8946774
0.010792347301136363,1574503090.278642
0.01436168323863636,1574503090.6506662
0.013470348011363643,1574503091.022689
0.0109130859375,1574503091.3946877
0.012433416193181822,1574503091.7787428
0.010476740056818189,1574503092.1507392
0.013266157670454541,1574503092.5227456
0.01162553267045455,1574503092.8947446
0.010342684659090906,1574503093.2786965
0.013197354403409089,1574503093.6507225
0.010656072443181824,1574503094.0227213
0.01061168323863637,1574503094.394751
0.014596058238636356,1574503094.778731
0.010390624999999999,1574503095.150728
0.010755948153409094,1574503095.5227528
0.012473366477272728,1574503095.8947747
0.009966708096590908,1574503096.2787573
0.012721946022727276,1574503096.6507595
0.011746271306818186,1574503097.0227842
0.011421786221590907,1574503097.3948078
0.013212002840909084,1574503097.7787771
0.013060191761363636,1574503098.1507874
0.009800248579545454,1574503098.5228138
0.012879971590909095,1574503098.8948176
0.010538441051136363,1574503099.2787929
0.011967329545454545,1574503099.6508234
0.011539417613636362,1574503100.022816
0.011643288352272727,1574503100.3948505
0.016478160511363634,1574503100.7788248
0.011083096590909088,1574503101.150849
0.01317959872159091,1574503101.5228477
0.013155628551136361,1574503101.8948743
0.010842507102272728,1574503102.278854
0.010346679687499997,1574503102.6508584
0.012981622869318182,1574503103.0228822
0.010688032670454555,1574503103.3949046
0.011918501420454542,1574503103.7788594
0.012103604403409084,1574503104.1508853
0.011232244318181818,1574503104.5229166
0.013064186789772727,1574503104.8949146
0.010410156249999998,1574503105.2788944
0.010186878551136362,1574503105.6509156
0.013293678977272723,1574503106.022939
0.010723987926136358,1574503106.3949747
0.011023171164772723,1574503106.7789218
0.01299849076704546,1574503107.1509428
0.01069247159090909,1574503107.5229464
0.01283336292613637,1574503107.8949745
0.010459428267045457,1574503108.2789538
0.010221946022727262,1574503108.6509511
0.013575550426136363,1574503109.0229785
0.010510475852272728,1574503109.3950043
0.011149680397727284,1574503109.778964
0.01352894176136364,1574503110.1509883
0.010297851562499996,1574503110.5230238
0.011646839488636368,1574503110.895033
0.011784889914772721,1574503111.2789881
0.010031516335227279,1574503111.6510134
0.012538174715909086,1574503112.023033
0.011821732954545453,1574503112.3950367
0.010574396306818187,1574503112.7790132
0.013393554687500003,1574503113.1511142
0.010390181107954548,1574503113.5231113
0.010471857244318188,1574503113.8951147
0.01308327414772728,1574503114.279074
0.011356977982954541,1574503114.651073
0.013177823153409087,1574503115.0230732
0.011329900568181814,1574503115.3950927
0.010988103693181822,1574503115.7790532
0.013438387784090906,1574503116.1510756
0.010139825994318176,1574503116.5231004
0.010087446732954542,1574503116.8951278
0.01562633167613637,1574503117.2790847
0.010507368607954544,1574503117.651104
0.013075727982954552,1574503118.023134
0.01272727272727273,1574503118.3951292
0.010441672585227272,1574503118.7791169
0.012163973721590912,1574503119.1511338
0.012768110795454547,1574503119.523139
0.009830433238636365,1574503119.8951652
0.012812943892045459,1574503120.2791443
0.010286754261363641,1574503120.6511714
0.013497869318181826,1574503121.0231647
0.01494584517045455,1574503121.3951921
0.011360085227272741,1574503121.7791696
0.011176757812499999,1574503122.1511664
0.015839399857954548,1574503122.5232012
0.010894886363636367,1574503122.8952267
0.01434126420454544,1574503123.2791808
0.010892666903409096,1574503123.6512077
0.01017888849431818,1574503124.0232332
0.013489879261363639,1574503124.3952305
0.01151367187499999,1574503124.779212
0.010387517755681815,1574503125.1512341
0.012523526278409096,1574503125.5232568
0.010003995028409094,1574503125.8952565
0.011400035511363631,1574503126.2792382
0.01187988281249999,1574503126.6512604
0.012218128551136366,1574503127.0232604
0.013876509232954545,1574503127.3952832
0.010421697443181822,1574503127.7792714
0.011633522727272727,1574503128.1512682
0.014231622869318188,1574503128.5232916
0.010144708806818184,1574503128.8953152
0.01022017045454545,1574503129.279274
0.013609286221590916,1574503129.6513014
0.009804243607954547,1574503130.0233319
0.012654030539772725,1574503130.3953526
0.011107954545454537,1574503130.7793047
0.01011940696022727,1574503131.1513278
0.013783735795454546,1574503131.5233562
0.010945046164772715,1574503131.8953583
0.009807794744318182,1574503132.279336
0.013540926846590907,1574503132.65136
0.01065607244318182,1574503133.0233614
0.011060014204545455,1574503133.3953831
0.012532848011363626,1574503133.7793639
0.010676935369318186,1574503134.1513925
0.013165394176136365,1574503134.5233927
0.011862127130681823,1574503134.8954911
0.010201083096590905,1574503135.2794602
0.013127219460227277,1574503135.6514475
0.010145152698863633,1574503136.0234742
0.01037064985795454,1574503136.3954768
0.013658114346590906,1574503136.779434
0.010874467329545456,1574503137.1514328
0.011230468749999998,1574503137.5234852
0.01245960582386364,1574503137.8954804
0.010007990056818176,1574503138.2794468
0.031893643465909116,1574503138.6514688
0.03409224076704545,1574503139.0234737
0.03444691051136362,1574503139.3955703
0.06173428622159085,1574503139.7794647
0.03707075639204546,1574503140.1515052
0.025893110795454536,1574503140.5234988
0.030292524857954535,1574503140.8955486
0.041923828124999986,1574503141.279498
0.03806285511363635,1574503141.6515062
0.03429066051136364,1574503142.023519
0.050481178977272716,1574503142.3955476
0.03293590198863635,1574503142.7795389
0.03671697443181816,1574503143.1515555
0.03865278764204544,1574503143.5235496
0.05438121448863638,1574503143.8956091
0.06484019886363637,1574503144.2795656
0.05608575994318181,1574503144.6515882
0.03733753551136364,1574503145.0236146
0.042111150568181835,1574503145.3956084
0.04274236505681819,1574503145.779597
0.03431107954545456,1574503146.1516194
0.03485307173295453,1574503146.523616
0.037717063210227275,1574503146.89565
0.04788041548295453,1574503147.2796257
0.04692826704545454,1574503147.651621
0.04090110085227271,1574503148.0236506
0.040171342329545445,1574503148.3956714
0.04025790127840908,1574503148.7796276
0.04001908735795452,1574503149.1516657
0.04001154119318181,1574503149.5236752
0.03773481889204544,1574503149.8956892
0.03831986860795456,1574503150.2796605
0.039079811789772725,1574503150.6516855
0.036269975142045455,1574503151.0237048
0.03849343039772726,1574503151.3956811
0.03447176846590911,1574503151.7796977
0.03812455610795454,1574503152.1517081
0.03832297585227272,1574503152.5237162
0.03111949573863638,1574503152.8957403
0.03831853693181819,1574503153.2797217
0.0382510653409091,1574503153.6517425
0.038272816051136374,1574503154.0237412
0.03876864346590909,1574503154.3957803
0.04070978338068182,1574503154.7797494
