amperes,timestamp
0.047807617187499984,1575514149.3489954
0.06310591264204547,1575514149.7210486
0.060967684659090915,1575514150.093067
0.0629190340909091,1575514150.465287
0.0589106889204545,1575514150.8490515
0.027743696732954577,1575514151.2210598
0.05856578480113623,1575514151.5931354
0.01927823153409087,1575514151.9651065
0.057239435369318276,1575514152.3490798
0.031091974431818173,1575514152.7210875
0.04588822798295455,1575514153.0931115
0.06492542613636366,1575514153.4651463
0.07241832386363631,1575514153.849059
0.07160023082386362,1575514154.2210996
0.07337313565340908,1575514154.5931535
0.06046786221590908,1575514154.9651582
0.05111017400568181,1575514155.3490798
0.050946821732954534,1575514155.7211692
0.05102317116477273,1575514156.0931396
0.0505078125,1575514156.465167
0.051137251420454534,1575514156.849147
0.052836026278409054,1575514157.2211816
0.05359996448863637,1575514157.5931468
0.050847389914772716,1575514157.9652255
0.05161798650568184,1575514158.3492131
0.0610675603693182,1575514158.721187
0.04913441051136365,1575514159.093212
0.04888405539772726,1575514159.4652398
0.046795987215909066,1575514159.849438
0.050696466619318176,1575514160.2212303
0.05032714843750001,1575514160.5932539
0.05570001775568182,1575514160.9652874
0.060557528409090934,1575514161.3494387
0.05962357954545455,1575514161.721487
0.06417036576704546,1575514162.0932748
0.0729585404829545,1575514162.4652927
0.07337801846590902,1575514162.8494372
0.0653955078125,1575514163.2212782
0.01695001775568182,1575514163.5933158
0.057194158380681925,1575514163.9656343
0.016239346590909035,1575514164.3493075
0.05734952059659095,1575514164.7213354
0.07745339133522731,1575514165.093329
0.06995960582386365,1575514165.4653373
0.06473455255681819,1575514165.8495288
0.06365456321022725,1575514166.2213361
0.06284046519886363,1575514166.593367
0.06430797230113633,1575514166.9653926
0.0637948330965909,1575514167.349358
0.06335316051136364,1575514167.721371
0.06336425781249998,1575514168.0934014
0.0639599609375,1575514168.4654016
0.06321111505681819,1575514168.8494034
0.06390713778409088,1575514169.221557
0.06395374644886366,1575514169.5934987
0.06392045454545454,1575514169.9655228
0.06032626065340909,1575514170.3494549
0.06288396661931822,1575514170.7214656
0.06544477982954548,1575514171.093455
0.0636199396306818,1575514171.4654853
0.062466708096590905,1575514171.849854
0.06513227982954548,1575514172.221491
0.0644287109375,1575514172.5935524
0.05999467329545454,1575514172.9654903
0.06473677201704547,1575514173.3494794
0.060280539772727265,1575514173.7214952
0.05559348366477271,1575514174.0935285
0.05596280184659093,1575514174.4655123
0.05520862926136362,1575514174.8495135
0.0565949041193182,1575514175.221524
0.051319247159090885,1575514175.593549
0.05482199928977275,1575514175.9655647
0.05543013139204543,1575514176.3497598
0.056975319602272693,1575514176.7215612
0.05413219105113634,1575514177.093597
0.055824307528409084,1575514177.4659755
0.05339177911931816,1575514177.8495655
0.053081942471590905,1575514178.2215855
0.05585005326704545,1575514178.593606
0.055548206676136344,1575514178.9655936
0.056182972301136384,1575514179.3496068
0.057902166193181843,1575514179.7219055
0.059135742187499986,1575514180.0936377
0.055472301136363644,1575514180.4656405
0.05268377130681817,1575514180.8496344
0.054864169034090915,1575514181.2216346
0.05587713068181818,1575514181.5936658
0.0556032492897727,1575514181.9656813
0.055721324573863626,1575514182.3498826
0.05529563210227268,1575514182.7216902
0.05518909801136359,1575514183.0937357
0.0561301491477273,1575514183.46573
0.053322531960227265,1575514183.8500004
0.05527166193181813,1575514184.2217147
0.051744495738636376,1575514184.5937378
0.05871448863636359,1575514184.9657223
0.06010742187499996,1575514185.3497427
0.05680708451704544,1575514185.7217374
0.05734419389204545,1575514186.093742
0.05571244673295452,1575514186.4657533
0.052577681107954556,1575514186.849771
0.05566406250000002,1575514187.2217417
0.05771528764204547,1575514187.593774
0.05720836292613636,1575514187.965894
0.05311434659090909,1575514188.349781
0.05524946732954544,1575514188.7217739
0.05574884588068182,1575514189.0938141
0.05507191051136367,1575514189.4657845
0.055043501420454576,1575514189.8501751
0.05585005326704544,1575514190.221847
0.055295632102272764,1575514190.59384
0.05497114701704549,1575514190.9662676
0.055690252130681864,1575514191.3499117
0.05519442471590905,1575514191.7219274
0.05561479048295454,1575514192.093883
0.05532892400568177,1575514192.4659069
0.05465731534090908,1575514192.849901
0.05455033735795453,1575514193.2221677
0.055272549715909114,1575514193.593892
0.05564808238636367,1575514193.9659328
0.05412508877840913,1575514194.350122
0.05802689985795459,1575514194.7219002
0.05759366122159097,1575514195.0939364
0.05929909446022723,1575514195.4659045
0.05658114346590909,1575514195.8499138
0.05554731889204547,1575514196.2224722
0.055275656960227265,1575514196.593938
0.055375976562500005,1575514196.9659898
0.05529518821022731,1575514197.3499713
0.05731889204545458,1575514197.7219796
0.05455344460227274,1575514198.093952
0.05582297585227277,1575514198.4660053
0.054898792613636366,1575514198.8500226
0.05617143110795457,1575514199.2219753
0.05507901278409092,1575514199.5939891
0.055381747159090916,1575514199.9660604
0.05620738636363638,1575514200.3499985
0.05235129616477273,1575514200.7220416
0.055798117897727276,1575514201.094062
0.056242009943181764,1575514201.4660892
0.056003639914772724,1575514201.8500106
0.05619096235795453,1575514202.2220788
0.0566641512784091,1575514202.5940452
0.053230646306818154,1575514202.9661133
0.05480646306818183,1575514203.350284
0.05538174715909092,1575514203.7221038
0.05510253906249998,1575514204.0941062
0.055116299715909076,1575514204.466109
0.05003062855113634,1575514204.8500893
0.055258345170454554,1575514205.2221184
0.0553702059659091,1575514205.5941284
0.05526944247159093,1575514205.9661837
0.05526677911931818,1575514206.3501575
0.05682084517045454,1575514206.7221289
0.055541548295454546,1575514207.0941412
0.05640491832386364,1575514207.4661553
0.0553355823863636,1575514207.850136
0.05424005681818182,1575514208.2221854
0.05397327769886365,1575514208.5941815
0.05554243607954543,1575514208.966221
0.050965909090909055,1575514209.3501697
0.055059481534090925,1575514209.7221675
0.05519309303977274,1575514210.0942147
0.054804243607954536,1575514210.4662585
0.0554838423295454,1575514210.8502176
0.05685102982954545,1575514211.2222068
0.052321555397727246,1575514211.5942426
0.054350142045454554,1575514211.966276
0.05559215198863638,1575514212.3502324
0.05217018821022728,1575514212.7222803
0.05483087713068185,1575514213.0943577
0.05361061789772728,1575514213.4665318
0.05680530894886364,1575514213.8503366
0.05563654119318174,1575514214.2223372
0.055367542613636384,1575514214.5943189
0.0556587357954545,1575514214.966341
0.05592684659090912,1575514215.3503218
0.05043900923295456,1575514215.7223084
0.05577192826704547,1575514216.0943162
0.055066139914772744,1575514216.4668424
0.05518421519886362,1575514216.850327
0.0555615234375,1575514217.2223186
0.05298517400568185,1575514217.5943835
0.0545192649147727,1575514217.9664018
0.053142755681818164,1575514218.3503447
0.05422585227272724,1575514218.7223527
0.05668989701704547,1575514219.0944035
0.05554199218750001,1575514219.4663947
0.05571821732954542,1575514219.8503904
0.055839399857954504,1575514220.222449
0.05569557883522725,1575514220.5944014
0.055532670454545456,1575514220.9664264
0.055142045454545444,1575514221.3506992
0.05482421875,1575514221.7224002
0.05617542613636359,1575514222.0944505
0.049778053977272765,1575514222.4670122
0.055577503551136366,1575514222.850597
0.05498002485795455,1575514223.2224622
0.05417524857954544,1575514223.594466
0.050672052556818156,1575514223.9668822
0.05732421874999999,1575514224.3504589
0.057571022727272755,1575514224.7224967
0.0514701704545455,1575514225.0945225
0.053728249289772725,1575514225.4665396
0.04854181463068183,1575514225.8505065
0.053481445312500014,1575514226.2227507
0.053261274857954566,1575514226.594557
0.05203968394886362,1575514226.966629
0.0561345880681818,1575514227.3507118
0.055077237215909076,1575514227.722538
0.05504438920454542,1575514228.0945437
0.05575195312499999,1575514228.466658
0.056373401988636426,1575514228.8505478
0.05139515269886363,1575514229.2227597
0.05637029474431819,1575514229.5945997
0.053433948863636414,1575514229.966593
0.055704456676136396,1575514230.3505766
0.056821289062499995,1575514230.7226005
0.05783203124999998,1575514231.094584
0.05638671875000001,1575514231.4667277
0.056114612926136315,1575514231.8506658
0.055732865767045475,1575514232.2226393
0.05437011718750004,1575514232.5946116
0.05259810014204549,1575514232.9666855
0.052405007102272715,1575514233.350653
0.04879660866477272,1575514233.7226439
0.041618874289772734,1575514234.0946925
0.03941761363636361,1575514234.466729
0.042544833096590955,1575514234.8506532
0.038421519886363664,1575514235.2227538
0.042131569602272725,1575514235.5947866
0.043162730823863675,1575514235.9667828
0.03929287997159093,1575514236.3507187
0.04042036576704545,1575514236.7227085
0.04149192116477271,1575514237.0947533
0.03822443181818182,1575514237.4667804
0.03846812855113637,1575514237.850724
0.04131347656250003,1575514238.22276
0.039386097301136375,1575514238.59476
0.04031516335227275,1575514238.966781
0.04209383877840912,1575514239.3507617
0.03800958806818182,1575514239.722765
0.03900346235795453,1575514240.094778
0.04158558238636365,1575514240.4668152
0.03813121448863637,1575514240.8508105
0.04023659446022728,1575514241.222797
0.039909002130681805,1575514241.5948195
0.038438831676136376,1575514241.966835
0.04242453835227274,1575514242.35088
0.03809126420454542,1575514242.7228057
0.03803355823863639,1575514243.0948265
0.041868785511363624,1575514243.4669013
0.03818314985795454,1575514243.8508427
0.038765092329545496,1575514244.2228563
0.040783025568181815,1575514244.5948641
0.03765181107954546,1575514244.9669254
0.04120250355113636,1575514245.3512056
0.039046519886363665,1575514245.7228658
0.03792436079545453,1575514246.0950007
0.04678000710227272,1575514246.467006
0.04778320312499998,1575514246.8512213
0.04273837002840911,1575514247.2228982
0.04041148792613636,1575514247.5949538
0.03908913352272727,1575514247.967715
0.03827281605113634,1575514248.350915
0.03863192471590908,1575514248.7229285
0.04219193892045452,1575514249.0949357
0.03826482599431814,1575514249.4669843
0.037868874289772717,1575514249.8509622
0.0419766512784091,1575514250.2232034
0.037832919034090896,1575514250.5950031
0.03771084872159088,1575514250.967095
0.04121892755681815,1575514251.35124
0.03829989346590909,1575514251.7230313
0.03769398082386365,1575514252.0950127
0.04154430042613637,1575514252.4670959
0.03797984730113641,1575514252.850997
0.03807040127840912,1575514253.2230616
0.041240678267045465,1575514253.59505
0.04221502130681819,1575514253.9670966
0.03852272727272725,1575514254.3510606
0.04284667968749999,1575514254.7230763
0.0401846590909091,1575514255.0950575
0.03883966619318181,1575514255.467109
0.04080255681818182,1575514255.8510497
0.039224520596590914,1575514256.2231083
0.04084960937500001,1575514256.59509
0.041548739346590924,1575514256.96721
0.03820889559659093,1575514257.3513684
0.03835937499999998,1575514257.7231796
0.041105735085227225,1575514258.0952327
0.03766779119318182,1575514258.4675338
0.040312943892045476,1575514258.8515663
0.03974609375000002,1575514259.2231734
0.037523082386363656,1575514259.5951536
0.04140447443181821,1575514259.967183
0.03816095525568181,1575514260.3513565
0.04147549715909093,1575514260.7231662
0.04003151633522726,1575514261.0952897
0.03929332386363635,1575514261.4672375
0.03783025568181817,1575514261.8511813
0.03842063210227271,1575514262.223221
0.041075106534090924,1575514262.5952544
0.037706409801136355,1575514262.9672928
0.03851340553977275,1575514263.351243
0.04129616477272727,1575514263.7232401
0.038138316761363644,1575514264.0952554
0.039081587357954556,1575514264.4675143
0.04239701704545453,1575514264.8512456
0.03893243963068184,1575514265.2234812
0.038931551846590924,1575514265.5952725
0.0420441228693182,1575514265.967323
0.04350541548295454,1575514266.3515632
0.048378462357954545,1575514266.7233136
0.04465154474431816,1575514267.0953143
0.038695401278409106,1575514267.467338
0.03992942116477272,1575514267.8513165
0.03953480113636363,1575514268.2233303
0.03793412642045457,1575514268.5955606
0.04152432528409094,1575514268.9674773
0.0381369850852273,1575514269.351305
0.037910156249999986,1575514269.7233179
0.04045987215909091,1575514270.095342
0.03940429687499998,1575514270.4673939
0.03880504261363637,1575514270.8513513
0.04382412997159087,1575514271.2233732
0.03769708806818182,1575514271.595388
0.03793323863636362,1575514271.967409
0.041460404829545446,1575514272.3513765
0.03823952414772725,1575514272.7234042
0.03860529119318183,1575514273.0953953
0.04085937499999998,1575514273.4675167
0.03744007457386362,1575514273.8514063
0.037988281250000026,1575514274.223475
0.041774680397727304,1575514274.5954442
0.04157093394886363,1575514274.9676168
0.038075727982954555,1575514275.351437
0.04142666903409092,1575514275.7234638
0.03788707386363636,1575514276.095485
0.03830832741477274,1575514276.4675071
0.043073952414772736,1575514276.8517811
0.03848366477272729,1575514277.2234766
0.03847656249999998,1575514277.5954947
0.04301136363636364,1575514277.9675522
0.04214444247159093,1575514278.351493
0.04008655894886362,1575514278.7234921
0.04172807173295456,1575514279.0955756
0.037719726562500035,1575514279.467716
0.03849964488636363,1575514279.8518744
0.04057395241477273,1575514280.2235692
0.03762784090909089,1575514280.59554
0.037845348011363626,1575514280.9676056
0.04169389204545454,1575514281.351578
0.037701083096590926,1575514281.7235622
0.03775079900568179,1575514282.0955694
0.04162686434659092,1575514282.4676147
0.03787109375000001,1575514282.851574
0.03769930752840909,1575514283.2235968
0.04177201704545455,1575514283.595592
0.03916015625,1575514283.9676566
0.034875710227272726,1575514284.3516273
0.04713734019886364,1575514284.7236216
0.044235174005681825,1575514285.0956135
0.04305930397727275,1575514285.4679909
0.04648259943181817,1575514285.8516436
0.045534002130681844,1575514286.2236629
0.05061567826704549,1575514286.595692
0.04639115767045456,1575514286.9677842
0.043425958806818175,1575514287.3516583
0.043820134943181814,1575514287.7236733
0.04455965909090907,1575514288.095694
0.04489612926136365,1575514288.4677522
0.042549715909090915,1575514288.851677
0.04290349786931815,1575514289.2237308
0.046993519176136374,1575514289.5959592
0.04330921519886364,1575514289.967785
0.04295010653409095,1575514290.3517325
0.04747958096590911,1575514290.7237499
0.04294122869318182,1575514291.0957427
0.04306241122159095,1575514291.4678051
0.04641823508522727,1575514291.851734
0.04293501420454548,1575514292.2237446
0.04332963423295453,1575514292.5957751
0.046620649857954534,1575514292.9678485
0.04336958451704547,1575514293.3517787
0.0600461647727273,1575514293.7238193
0.07210626775568178,1575514294.0958705
0.06748668323863638,1575514294.4681094
0.0699538352272727,1575514294.8517962
0.06998623934659089,1575514295.2238503
0.0759703480113636,1575514295.5958128
0.05929066051136366,1575514295.968116
0.050613458806818196,1575514296.351848
0.05208806818181819,1575514296.7238326
0.05176313920454542,1575514297.0958352
0.05168101917613636,1575514297.4679017
0.051364080255681815,1575514297.8518546
0.05170454545454547,1575514298.223891
0.05128462357954542,1575514298.5959048
0.04897505326704543,1575514298.9679387
0.04995205965909089,1575514299.351898
0.05490811434659089,1575514299.723924
0.059792702414772726,1575514300.0959363
0.05905450994318185,1575514300.4686668
0.07025035511363638,1575514300.852076
0.07700506036931824,1575514301.224024
0.07404518821022726,1575514301.5962956
0.054750532670454544,1575514301.9683192
0.04601917613636361,1575514302.3522825
0.05917924360795452,1575514302.723985
0.05341530539772728,1575514303.0965154
0.04947265624999999,1575514303.4684095
0.05432173295454545,1575514303.852462
0.050786132812499996,1575514304.224006
0.0491348544034091,1575514304.5961952
0.049836647727272726,1575514304.9680848
0.05059703480113636,1575514305.3519952
0.05060680042613638,1575514305.7240267
0.06246093749999999,1575514306.0969167
0.045427468039772746,1575514306.4683352
0.04565252130681821,1575514306.8524296
0.04732466264204547,1575514307.2242603
0.047685990767045446,1575514307.5960596
0.04914950284090908,1575514307.968542
0.049584960937499985,1575514308.3523517
0.05886940696022725,1575514308.7244687
0.05918101917613635,1575514309.0965464
0.05805841619318184,1575514309.4682608
0.06859330610795454,1575514309.8520932
0.05006835937499999,1575514310.2240849
0.050320490056818185,1575514310.596132
0.04966264204545452,1575514310.9681559
0.04973854758522728,1575514311.3521125
0.05183238636363637,1575514311.7241485
0.05164195667613635,1575514312.0962
0.05924138849431817,1575514312.46821
0.059192116477272703,1575514312.852349
0.061379172585227265,1575514313.2242389
0.0704794034090909,1575514313.596187
0.07306019176136368,1575514313.9682171
0.05404962713068182,1575514314.3523922
0.06068803267045455,1575514314.72421
0.059390092329545466,1575514315.0964797
0.0617258522727273,1575514315.4684033
0.024295099431818186,1575514315.8522055
0.05219682173295459,1575514316.2242095
0.06780761718749999,1575514316.5962882
0.06087846235795452,1575514316.9682915
0.052697975852272705,1575514317.3522108
0.050320490056818164,1575514317.724238
0.05052024147727275,1575514318.0963356
0.05542524857954544,1575514318.4684682
0.06057040127840909,1575514318.8522496
0.05758123224431816,1575514319.2242632
0.05793412642045454,1575514319.5962784
0.06968483664772725,1575514319.9683628
0.05470392400568186,1575514320.3522708
0.05333185369318182,1575514320.7243059
0.05130326704545453,1575514321.0963786
0.05265092329545456,1575514321.4684095
0.05159179687499998,1575514321.852314
0.05108487215909087,1575514322.2244446
0.04986860795454543,1575514322.5965276
0.05161843039772728,1575514322.968457
0.0522784978693182,1575514323.35236
0.049850408380681804,1575514323.724368
0.044258700284090936,1575514324.096401
0.059375000000000004,1575514324.4688494
0.04805442116477278,1575514324.8523862
0.04509987571022726,1575514325.2244003
0.048920454545454524,1575514325.5964048
0.05087935014204545,1575514325.9684534
0.04549183238636366,1575514326.3524115
0.04567604758522728,1575514326.7244062
0.05108931107954547,1575514327.0964766
0.0458749112215909,1575514327.4686737
0.04562855113636364,1575514327.8524725
0.0505295632102273,1575514328.22442
0.045896218039772715,1575514328.5964947
0.045126065340909106,1575514328.968542
0.049380770596590906,1575514329.3524299
0.046420010653409116,1575514329.7244694
0.04461736505681819,1575514330.096514
