amperes,timestamp
0.05754527698863635,1575514646.9744062
0.058049094460227296,1575514647.358272
0.058979492187499996,1575514647.7303114
0.07065296519886358,1575514648.1023395
0.0198797052556818,1575514648.4745755
0.05710715553977268,1575514648.8583155
0.0795356889204546,1575514649.2303216
0.0812797407670454,1575514649.602419
0.0808917791193183,1575514649.9745605
0.0812695312500001,1575514650.358309
0.08049272017045442,1575514650.7303452
0.08034667968749991,1575514651.1024675
0.08022150213068185,1575514651.4747546
0.07998046875000014,1575514651.8584406
0.07372869318181809,1575514652.2303977
0.07623490767045456,1575514652.6028168
0.07897949218750004,1575514652.9748492
0.0768008700284091,1575514653.3585541
0.07516290838068188,1575514653.7303874
0.07496404474431816,1575514654.1025257
0.0731898082386363,1575514654.4746718
0.07300071022727278,1575514654.8584309
0.07684969815340902,1575514655.2304177
0.07840376420454556,1575514655.6024852
0.07852583451704548,1575514655.974624
0.07951704545454553,1575514656.3584301
0.08025612571022724,1575514656.7304533
0.07828835227272729,1575514657.1025064
0.07722611860795454,1575514657.4747493
0.08005104758522727,1575514657.8584747
0.08020197088068177,1575514658.2304893
0.08055486505681819,1575514658.6026158
0.07921386718749997,1575514658.974721
0.0785844282670455,1575514659.3586552
0.07936700994318185,1575514659.7305117
0.07974076704545453,1575514660.102541
0.07572221235795457,1575514660.4749513
0.07746004971590904,1575514660.8585362
0.0777938565340909,1575514661.2305367
0.07761008522727267,1575514661.6026254
0.07354447798295455,1575514661.9748304
0.07528764204545456,1575514662.3588445
0.07683460582386363,1575514662.7305593
0.07627752130681821,1575514663.1026995
0.07643199573863634,1575514663.474847
0.07635431463068172,1575514663.858841
0.07639959161931824,1575514664.230598
0.07598499644886364,1575514664.602614
0.07454545454545451,1575514664.9749959
0.07627752130681811,1575514665.3586016
0.07674671519886365,1575514665.73065
0.07510609019886359,1575514666.102687
0.07460449218750001,1575514666.474789
0.07554066051136368,1575514666.858612
0.07585360440340903,1575514667.2306588
0.07645951704545456,1575514667.6027648
0.07613947088068179,1575514667.974806
0.06963778409090914,1575514668.358639
0.07623623934659095,1575514668.7306705
0.07615456321022729,1575514669.1027172
0.07720569957386367,1575514669.474936
0.07666725852272724,1575514669.8586795
0.07617720170454538,1575514670.2307081
0.07587846235795455,1575514670.602704
0.07290039062500002,1575514670.9749045
0.07503639914772726,1575514671.3587124
0.0748353160511363,1575514671.730706
0.07603160511363628,1575514672.1027381
0.07581321022727272,1575514672.47494
0.076177645596591,1575514672.8590527
0.0761878551136364,1575514673.230811
0.07582608309659092,1575514673.6028967
0.07447576349431814,1575514673.9750712
0.0759197443181818,1575514674.358981
0.07577547940340912,1575514674.7307951
0.07214533025568182,1575514675.1028244
0.07791814630681812,1575514675.475091
0.07223854758522728,1575514675.8588252
0.07575816761363639,1575514676.2308035
0.07590953480113637,1575514676.6028588
0.07562322443181818,1575514676.9750562
0.07564453125,1575514677.3588126
0.07573952414772732,1575514677.7308269
0.07364790482954542,1575514678.1029732
0.07551535866477273,1575514678.475417
0.07616521661931817,1575514678.8588243
0.07622824928977269,1575514679.2308524
0.07561035156250005,1575514679.602987
0.07430131392045453,1575514679.9753056
0.07355246803977274,1575514680.358881
0.07711203835227273,1575514680.7309015
0.07808726917613633,1575514681.1029484
0.07788884943181816,1575514681.4751816
0.07459206321022728,1575514681.8588822
0.07497070312499998,1575514682.2309158
0.07435724431818183,1575514682.6031098
0.07459517045454549,1575514682.9753187
0.07552601207386364,1575514683.3589263
0.07529119318181815,1575514683.730945
0.07572354403409091,1575514684.1031291
0.07517844460227271,1575514684.4752526
0.07547230113636372,1575514684.8589401
0.07710360440340903,1575514685.2309442
0.07640181107954547,1575514685.6034691
0.07479092684659092,1575514685.9751937
0.07578790838068186,1575514686.358958
0.0727485795454546,1575514686.730999
0.07576526988636363,1575514687.103027
0.07589533025568186,1575514687.475266
0.07510253906249996,1575514687.859002
0.07526677911931817,1575514688.231031
0.07538352272727272,1575514688.6030393
0.07570445667613634,1575514688.975269
0.07777787642045454,1575514689.3594015
0.07566273082386364,1575514689.7310197
0.07591131036931817,1575514690.103315
0.07197088068181816,1575514690.475389
0.07770907315340908,1575514690.8590395
0.07705300071022728,1575514691.2310612
0.07527166193181818,1575514691.6031966
0.07519708806818182,1575514691.9755075
0.07590021306818179,1575514692.3590539
0.07506702769886366,1575514692.731106
0.07532981178977277,1575514693.1031551
0.07521306818181818,1575514693.4754791
0.0747403231534091,1575514693.8591278
0.07494096235795453,1575514694.2311463
0.07517045454545446,1575514694.6033578
0.07486905184659087,1575514694.9755006
0.07504749644886362,1575514695.3591933
0.0754598721590909,1575514695.731189
0.07649991122159094,1575514696.1032152
0.07503506747159099,1575514696.4754627
0.07457208806818176,1575514696.859175
0.07460759943181816,1575514697.2311802
0.07249822443181818,1575514697.6032717
0.07467950994318183,1575514697.9754567
0.07496892755681818,1575514698.3592076
0.07491965553977274,1575514698.731219
0.07494495738636366,1575514699.1033657
0.07495383522727271,1575514699.4754837
0.07610307173295455,1575514699.8592143
0.07396972656249999,1575514700.231231
0.07437677556818179,1575514700.603477
0.07656560724431814,1575514700.9754503
0.07496670809659099,1575514701.359234
0.07487837357954547,1575514701.7312238
0.07212624289772726,1575514702.1033065
0.07447265624999996,1575514702.4755366
0.07473144531250002,1575514702.859245
0.07200550426136368,1575514703.2313113
0.07450861150568185,1575514703.6034093
0.07464089133522726,1575514703.9755797
0.07366432883522724,1575514704.3592966
0.07472301136363635,1575514704.7313123
0.07458185369318181,1575514705.1034005
0.0747860440340909,1575514705.4757004
0.07386896306818187,1575514705.8593035
0.07613236860795458,1575514706.23135
0.07433194247159093,1575514706.6033597
0.07190651633522725,1575514706.975645
0.07370072798295456,1575514707.3593528
0.0745143821022727,1575514707.7313416
0.07438609730113634,1575514708.1033785
0.07456720525568186,1575514708.475767
0.07538751775568182,1575514708.8593647
0.07474698153409093,1575514709.2313957
0.07367276278409089,1575514709.6034436
0.07471413352272728,1575514709.9756398
0.0746910511363636,1575514710.3594189
0.07448552911931822,1575514710.731431
0.07463423295454547,1575514711.1037097
0.07424360795454549,1575514711.475716
0.07449174360795455,1575514711.8594422
0.07422895951704549,1575514712.231502
0.07461470170454551,1575514712.6034791
0.07466219815340906,1575514712.9757388
0.07442959872159087,1575514713.3594286
0.07466796874999994,1575514713.7314491
0.07395285866477272,1575514714.103775
0.07043323863636368,1575514714.4757571
0.0740141157670454,1575514714.8594792
0.07431951349431817,1575514715.2315006
0.07492720170454543,1575514715.6038675
0.07442604758522729,1575514715.97573
0.07436789772727274,1575514716.359499
0.07385609019886366,1575514716.7316163
0.07169344815340907,1575514717.1037164
0.06710360440340905,1575514717.4758296
0.07251908735795454,1575514717.859733
0.07081898082386368,1575514718.2315445
0.07481534090909092,1575514718.6036773
0.07523304332386364,1575514718.9758334
0.07419611150568178,1575514719.3597589
0.07450417258522725,1575514719.7315638
0.07562544389204542,1575514720.1036735
0.07392666903409094,1575514720.4759176
0.07435946377840909,1575514720.8595665
0.07449307528409091,1575514721.2315924
0.07343350497159093,1575514721.603749
0.07621670809659088,1575514721.975858
0.07520019531249995,1575514722.359627
0.0737974964488636,1575514722.7316318
0.07433771306818182,1575514723.1036367
0.07383877840909091,1575514723.4759104
0.0733247514204545,1575514723.8596532
0.0743425958806818,1575514724.2316425
0.07425736860795452,1575514724.6040003
0.07423517400568183,1575514724.9759076
0.07406782670454548,1575514725.359671
0.07443803267045451,1575514725.7316916
0.07628373579545453,1575514726.1037931
0.0765811434659091,1575514726.476032
0.07052689985795459,1575514726.859672
0.07559836647727276,1575514727.2316837
0.07429998224431814,1575514727.6037867
0.07086470170454542,1575514727.9760113
0.07377796519886363,1575514728.359712
0.07394264914772726,1575514728.7316961
0.07395285866477275,1575514729.1038382
0.0737939453125,1575514729.4760046
0.07451793323863637,1575514729.8599584
0.06704856178977274,1575514730.2317617
0.06141779119318183,1575514730.6037936
0.06082874644886361,1575514730.9760892
0.0639777166193182,1575514731.3597448
0.06109375,1575514731.7317789
0.0644415838068182,1575514732.1038318
0.06205832741477273,1575514732.476098
0.06070490056818183,1575514732.8597918
0.06307217684659089,1575514733.2318182
0.06115278764204545,1575514733.6041675
0.06051269531249996,1575514733.9761677
0.06370294744318176,1575514734.3598263
0.06046608664772726,1575514734.7317991
0.06024502840909091,1575514735.104038
0.06348455255681817,1575514735.476094
0.06036132812500004,1575514735.8598447
0.06016512784090909,1575514736.231842
0.06348632812499998,1575514736.60424
0.06025213068181817,1575514736.976188
0.06008966619318186,1575514737.3598726
0.06277254971590905,1575514737.7319424
0.06061079545454544,1575514738.1040783
0.0598717151988636,1575514738.476214
0.06105823863636368,1575514738.860027
0.06378773082386366,1575514739.2319572
0.06025213068181823,1575514739.6040926
0.05983265269886365,1575514739.976079
0.06309348366477277,1575514740.360142
0.06677911931818184,1575514740.7321272
0.061549627130681836,1575514741.1039808
0.06298916903409087,1575514741.4762316
0.05980957031249999,1575514741.8601964
0.05946111505681817,1575514742.2319932
0.06228781960227275,1575514742.6042342
0.060790571732954546,1575514742.9762812
0.05992009943181823,1575514743.3602855
0.06282049005681815,1575514743.7322245
0.059938299005681844,1575514744.1040144
0.05956676136363635,1575514744.4760778
0.0616681463068182,1575514744.860237
0.0605579723011364,1575514745.2323039
0.060383078835227304,1575514745.6040108
0.060148259943181855,1575514745.976285
0.06543190696022724,1575514746.3600426
0.06805397727272729,1575514746.7320404
0.06205388849431821,1575514747.1042302
0.06266290838068182,1575514747.476239
0.05937855113636365,1575514747.8600547
0.05971635298295457,1575514748.232116
0.06271883877840911,1575514748.604101
0.0596249112215909,1575514748.9761374
0.05999156605113637,1575514749.3602867
0.061164772727272755,1575514749.732078
0.06089133522727272,1575514750.1041236
0.0588010475852273,1575514750.4765074
0.05958895596590911,1575514750.860374
0.06250932173295451,1575514751.2321372
0.05981178977272723,1575514751.604508
0.0613805042613636,1575514751.9761822
0.06070445667613635,1575514752.3601413
0.059327059659090874,1575514752.7322958
0.059173916903409104,1575514753.1041737
0.06224964488636361,1575514753.4762948
0.05899991122159094,1575514753.8601487
0.05921475497159091,1575514754.2324178
0.06266290838068182,1575514754.6042047
0.05909845525568183,1575514754.9766858
0.059062500000000025,1575514755.3604589
0.06143776633522723,1575514755.7322505
0.06326482599431815,1575514756.1042435
0.05873313210227273,1575514756.4762545
0.06300692471590907,1575514756.8602228
0.05917391690340915,1575514757.2322564
0.05906249999999997,1575514757.6045382
0.06224343039772725,1575514757.9762697
0.05956898082386364,1575514758.3605473
0.06031915838068181,1575514758.7322607
0.06056019176136363,1575514759.1043046
0.05991876775568184,1575514759.476324
0.05954323508522725,1575514759.860475
0.06219105113636361,1575514760.2322896
0.05865944602272729,1575514760.6043997
0.06018554687499999,1575514760.9763973
0.0661696555397727,1575514761.360635
0.062120028409090935,1575514761.7323554
0.06084872159090907,1575514762.1043508
0.061898526278409124,1575514762.4763787
0.05958318536931823,1575514762.8605242
0.05868474786931813,1575514763.2325213
0.05973721590909095,1575514763.6043692
0.062020596590909124,1575514763.976375
0.05853826349431819,1575514764.3606162
0.059006569602272727,1575514764.7324092
0.061869229403409116,1575514765.1044662
0.0596866122159091,1575514765.4764113
0.05872780539772728,1575514765.860572
0.06301935369318182,1575514766.2323968
0.0653848544034091,1575514766.604429
0.05908824573863634,1575514766.9764445
0.061046697443181835,1575514767.360744
0.05990500710227272,1575514767.7326417
0.05842773437500001,1575514768.104408
0.05882590553977273,1575514768.476449
0.061771573153409136,1575514768.8605683
0.05846058238636364,1575514769.2324648
0.05849431818181819,1575514769.6044624
0.06281161221590906,1575514769.976502
0.058336736505681844,1575514770.3606834
0.05861772017045456,1575514770.7327697
0.06156116832386361,1575514771.1044967
0.06228338068181817,1575514771.476502
0.059821999289772734,1575514771.860647
0.06019087357954548,1575514772.23253
0.05916548295454547,1575514772.6045282
0.05912730823863634,1575514772.9765496
0.06163307883522728,1575514773.360732
0.0602570134943182,1575514773.7328043
0.05838778409090909,1575514774.1046073
0.061678799715909095,1575514774.4765637
0.05834206321022726,1575514774.8607976
0.0624866832386364,1575514775.2328117
0.06273348721590913,1575514775.6045983
0.058932439630681815,1575514775.976618
0.06029252485795455,1575514776.360786
0.060238370028409094,1575514776.7326007
0.05838290127840909,1575514777.1046157
0.05866477272727272,1575514777.4767947
0.06121892755681819,1575514777.860754
0.060119406960227245,1575514778.2326474
0.05425159801136363,1575514778.6046562
0.06106578480113638,1575514778.9767632
0.05997869318181817,1575514779.360851
0.05890669389204545,1575514779.732672
0.06080610795454543,1575514780.1046634
0.05893776633522727,1575514780.4766755
0.0581045809659091,1575514780.860871
0.06148659446022724,1575514781.232671
0.06167613636363633,1575514781.6046913
0.05837668678977267,1575514781.976694
0.06126953125000001,1575514782.3609366
0.05814497514204548,1575514782.7327764
0.059357688210227265,1575514783.1053483
0.059999112215909096,1575514783.4767444
0.057898171164772735,1575514783.8609276
0.058351384943181844,1575514784.2329814
0.06118430397727279,1575514784.60478
0.0587255859375,1575514784.9767766
0.05840909090909089,1575514785.360944
0.06088334517045455,1575514785.7328
0.05799272017045455,1575514786.1047611
0.06476828835227275,1575514786.4768178
0.06200949928977273,1575514786.8609555
0.05783957741477274,1575514787.2327912
0.059231178977272744,1575514787.6049762
0.060148259943181834,1575514787.976828
0.05801580255681815,1575514788.3609366
0.05780894886363637,1575514788.7328382
0.0612593217329545,1575514789.1048162
0.057741921164772766,1575514789.476869
0.05935369318181817,1575514789.860999
0.06366166548295453,1575514790.2328694
0.06166104403409091,1575514790.6051474
0.05944069602272727,1575514790.9768732
0.06178178267045459,1575514791.361018
0.06033469460227272,1575514791.733151
0.0633504971590909,1575514792.1048872
0.06190030184659092,1575514792.4771676
0.04844016335227272,1575514792.8610198
0.045613902698863645,1575514793.2328753
0.04523348721590913,1575514793.604971
0.045464311079545454,1575514793.9769132
0.04814675071022725,1575514794.3610463
0.050938387784090884,1575514794.7329617
0.050007102272727255,1575514795.1049187
0.04534135298295454,1575514795.4769194
0.044209428267045464,1575514795.8611114
0.04393377130681821,1575514796.232933
0.04401012073863634,1575514796.6053178
0.0447500887784091,1575514796.9769547
0.044030095880681824,1575514797.3611186
0.04876997514204544,1575514797.732954
0.04440562855113638,1575514798.1052172
0.050829190340909096,1575514798.4769619
0.050272993607954536,1575514798.861105
0.06990944602272733,1575514799.2330167
0.07469415838068183,1575514799.60501
0.06210671164772725,1575514799.977031
0.0522327769886364,1575514800.3612714
0.054132634943181865,1575514800.7330108
0.05877885298295452,1575514801.1050465
0.05249911221590906,1575514801.4770522
0.04986860795454545,1575514801.8612137
0.0499236505681818,1575514802.2331066
0.04541193181818185,1575514802.6050627
0.04436612215909091,1575514802.977051
0.04435058593750003,1575514803.3613398
0.0526398259943182,1575514803.7330575
0.0517595880681818,1575514804.1051033
0.06107510653409089,1575514804.477185
0.03891246448863624,1575514804.8612645
0.0380610795454546,1575514805.2331307
0.06459339488636365,1575514805.6051369
0.0777987393465909,1575514805.9771237
0.061269975142045414,1575514806.3611257
0.05041281960227272,1575514806.7331867
0.050209517045454594,1575514807.1051593
0.0496306818181818,1575514807.477139
0.04990411931818181,1575514807.8613071
0.0496435546875,1575514808.2331996
0.04881392045454543,1575514808.6051595
0.04426402698863635,1575514808.977163
0.042746803977272756,1575514809.3612893
0.035443892045454534,1575514809.733175
0.04379927201704546,1575514810.1051776
0.04431285511363638,1575514810.4776216
0.042733931107954565,1575514810.8614268
0.04400523792613638,1575514811.2331982
0.04383389559659094,1575514811.605757
0.04395019531250001,1575514811.9772522
0.049119318181818146,1575514812.361422
0.05227183948863636,1575514812.7332535
0.05130548650568183,1575514813.105242
0.05746093750000001,1575514813.4772708
0.07236772017045452,1575514813.8614466
0.07561035156249996,1575514814.233282
0.047460937500000036,1575514814.6052835
0.0500128728693182,1575514814.9772966
0.04949529474431817,1575514815.3613944
0.049011008522727245,1575514815.73331
0.05023171164772725,1575514816.105317
0.046393377130681854,1575514816.477341
0.04375088778409091,1575514816.8614473
0.043282581676136356,1575514817.2335584
0.04284623579545453,1575514817.6053164
0.043891157670454525,1575514817.9773884
0.04396528764204546,1575514818.3614955
0.04403852982954546,1575514818.7333493
0.0445143821022727,1575514819.1053748
0.043972833806818205,1575514819.47735
0.036429776278409105,1575514819.8615272
0.04358087713068184,1575514820.233393
0.05083762428977271,1575514820.6053772
0.050513583096590924,1575514820.9774094
0.05147816051136364,1575514821.3614986
0.06541637073863635,1575514821.7333798
0.058121448863636335,1575514822.1054673
0.049746093750000005,1575514822.4776583
0.0593146306818182,1575514822.8615365
0.058243519176136405,1575514823.2337854
0.05965243252840914,1575514823.6054127
0.06952192826704554,1575514823.9775424
0.052218128551136375,1575514824.361554
0.05100408380681817,1575514824.7335243
0.051923828125,1575514825.1054723
0.05300781249999998,1575514825.477445
0.05315740411931819,1575514825.861593
0.051782670454545446,1575514826.2335455
0.04881569602272728,1575514826.6058195
0.043673206676136334,1575514826.977654
0.039426047585227275,1575514827.3616912
0.040652965198863626,1575514827.7338786
0.06423916903409084,1575514828.1054966
0.04604092684659093,1575514828.4775262
0.04599076704545453,1575514828.8617268
0.04987704190340909,1575514829.2335186
0.04594371448863637,1575514829.6055372
0.043278586647727324,1575514829.9775689
0.04943448153409091,1575514830.3615303
0.05542569247159089,1575514830.733561
0.06070134943181818,1575514831.1055748
0.05781516335227273,1575514831.477555
0.057544389204545486,1575514831.8617332
0.05096901633522727,1575514832.2335742
0.048564453125,1575514832.6058185
0.05372469815340908,1575514832.9775982
0.051820401278409055,1575514833.3618257
0.04851296164772726,1575514833.7336016
