amperes,timestamp
0.03034401633522728,1574551923.4857845
0.0382794744318182,1574551923.8578203
0.04221102627840907,1574551924.2417662
0.06494895241477268,1574551924.6138039
0.054907226562500015,1574551924.985826
0.05685901988636362,1574551925.3578298
0.06515225497159091,1574551925.741806
0.05022150213068182,1574551926.1138322
0.06111194957386366,1574551926.4858453
0.05124023437500001,1574551926.8578584
0.07235440340909087,1574551927.2418358
0.06275035511363634,1574551927.6138546
0.056147904829545486,1574551927.9858527
0.050078568892045434,1574551928.3578944
0.024234730113636346,1574551928.7418714
0.037311345880681815,1574551929.1138716
0.06543235085227274,1574551929.4858906
0.07249778053977275,1574551929.8579297
0.07750399502840913,1574551930.24187
0.07129927201704547,1574551930.6139028
0.08365988991477272,1574551930.985923
0.04380149147727271,1574551931.3579333
0.0450723544034091,1574551931.741904
0.044326171875,1574551932.1139364
0.053373135653409065,1574551932.4859526
0.0393124112215909,1574551932.8579552
0.04217285156250001,1574551933.241943
0.04411177201704549,1574551933.6139693
0.036364080255681774,1574551933.9859629
0.0406387606534091,1574551934.357988
0.03895330255681817,1574551934.7419655
0.037345081676136364,1574551935.1139953
0.04036088423295454,1574551935.486059
0.040337357954545475,1574551935.8580184
0.031301491477272715,1574551936.242016
0.038348277698863655,1574551936.6139958
0.03880859375000001,1574551936.9860249
0.03682395241477274,1574551937.3580554
0.035159801136363626,1574551937.7420034
0.03880149147727273,1574551938.11403
0.034827325994318176,1574551938.4860656
0.03666592684659094,1574551938.8580887
0.03859419389204544,1574551939.2420416
0.03498934659090911,1574551939.6140585
0.03187588778409093,1574551939.986092
0.039703924005681804,1574551940.3580832
0.039178355823863614,1574551940.7420678
0.0377490234375,1574551941.114091
0.038544034090909084,1574551941.4861245
0.03586514559659091,1574551941.858138
0.03760253906249998,1574551942.2421074
0.038522727272727264,1574551942.6142044
0.034028764204545446,1574551942.9861999
0.036232688210227314,1574551943.3581932
0.037343749999999995,1574551943.742156
0.036398703835227274,1574551944.114167
0.038027787642045445,1574551944.4861636
0.038193359375000006,1574551944.8581767
0.03936523437500002,1574551945.2421443
0.03991566051136363,1574551945.6141605
0.038276811079545454,1574551945.9861867
0.03394176136363638,1574551946.358222
0.03876420454545454,1574551946.7421825
0.03755326704545453,1574551947.114198
0.036600674715909096,1574551947.4861913
0.03796786221590908,1574551947.8582258
0.03593971946022724,1574551948.242197
0.02448419744318181,1574551948.6142309
0.03836869673295454,1574551948.9862258
0.03729536576704545,1574551949.3582602
0.036228249289772745,1574551949.7422392
0.03882102272727271,1574551950.114232
0.03827281605113637,1574551950.486264
0.03357821377840909,1574551950.8582792
0.037747691761363646,1574551951.2422733
0.03732288707386367,1574551951.614261
0.05511541193181817,1574551951.9862833
0.03077414772727273,1574551952.3583205
0.054400745738636375,1574551952.7422698
0.03964488636363634,1574551953.1142957
0.03917214133522729,1574551953.4863236
0.0372922585227273,1574551953.8583474
0.04783069957386368,1574551954.2423198
0.07862171519886367,1574551954.6143632
0.08414506392045451,1574551954.9863799
0.0500466086647727,1574551955.3583934
0.05709872159090909,1574551955.7423637
0.06728382457386368,1574551956.114391
0.04603338068181817,1574551956.4863873
0.031079101562500003,1574551956.85842
0.028463245738636372,1574551957.2423944
0.02341042258522728,1574551957.6144059
0.022542613636363645,1574551957.9864173
0.02164240056818182,1574551958.3584507
0.020845614346590914,1574551958.7424033
0.022416104403409073,1574551959.1144278
0.023900479403409107,1574551959.486462
0.021739612926136354,1574551959.8584816
0.03539506392045452,1574551960.2424347
0.0289111328125,1574551960.6144648
0.02294078480113636,1574551960.9864902
0.022057883522727275,1574551961.3584924
0.021860795454545442,1574551961.7424796
0.024303089488636357,1574551962.1144938
0.022369051846590902,1574551962.4865024
0.02063343394886364,1574551962.858523
0.021502130681818193,1574551963.2424986
0.02047718394886363,1574551963.6145058
0.020592595880681817,1574551963.9865265
0.020882901278409114,1574551964.3586216
0.02171786221590909,1574551964.7425873
0.021795543323863638,1574551965.114588
0.02208718039772727,1574551965.4865851
0.021668146306818185,1574551965.8585887
0.02159046519886364,1574551966.2425637
0.021267755681818185,1574551966.6145518
0.021896306818181797,1574551966.9865832
0.020911754261363633,1574551967.3585835
0.021317027698863626,1574551967.742568
0.021325017755681824,1574551968.1145842
0.01914595170454547,1574551968.4866192
0.019815340909090918,1574551968.8586257
0.021297496448863633,1574551969.2426088
0.019074041193181828,1574551969.6146402
0.02154030539772727,1574551969.9866648
0.022706409801136355,1574551970.3586438
0.021132812499999987,1574551970.7426043
0.021789772727272713,1574551971.1146572
0.020819868607954543,1574551971.4866538
0.019681729403409072,1574551971.8586922
0.020539328835227286,1574551972.2426674
0.019949396306818183,1574551972.6146693
0.020854492187499983,1574551972.9866838
0.020747514204545466,1574551973.358723
0.020905539772727272,1574551973.74267
0.020535777698863635,1574551974.1146934
0.02050514914772729,1574551974.4867153
0.028832563920454544,1574551974.8587353
0.022011718750000003,1574551975.2427046
0.020736860795454552,1574551975.6147478
0.02203080610795454,1574551975.9867468
0.022142223011363635,1574551976.3587506
0.019434925426136354,1574551976.7427359
0.021376953125000004,1574551977.1147628
0.020061257102272734,1574551977.486767
0.02081143465909093,1574551977.8587801
0.020979225852272746,1574551978.2427654
0.020236150568181815,1574551978.6147687
0.01990056818181818,1574551978.9867704
0.01977272727272728,1574551979.3588178
0.02021706321022727,1574551979.742775
0.022806285511363645,1574551980.1147964
0.019939630681818178,1574551980.486819
0.020823863636363658,1574551980.8588502
0.0219140625,1574551981.2427924
0.020087002840909095,1574551981.6148114
0.020122958096590916,1574551981.9868503
0.020603693181818185,1574551982.3588822
0.020901988636363635,1574551982.7428179
0.020883345170454547,1574551983.1148574
0.020467862215909096,1574551983.4868941
0.019831321022727277,1574551983.8588834
0.02105024857954545,1574551984.242872
0.032343750000000004,1574551984.614889
0.035383966619318204,1574551984.986887
0.02070401278409089,1574551985.358918
0.022854225852272713,1574551985.7429712
0.02174849076704545,1574551986.1149757
0.020709339488636364,1574551986.4869595
0.019803355823863635,1574551986.858975
0.021401811079545464,1574551987.2429338
0.020130948153409097,1574551987.6149623
0.02095037286931818,1574551987.986955
0.020586381392045456,1574551988.358978
0.0200634765625,1574551988.7429404
0.02035822088068182,1574551989.1149538
0.020183771306818196,1574551989.4869952
0.020986328125000002,1574551989.858997
0.021123046874999985,1574551990.2429671
0.02097212357954545,1574551990.6149926
0.026944247159090908,1574551990.9870234
0.02547452059659091,1574551991.359015
0.020786576704545465,1574551991.7430034
0.022294477982954548,1574551992.1150265
0.020375976562500012,1574551992.4870617
0.020050603693181825,1574551992.8590548
0.020848721590909086,1574551993.2430344
0.019954723011363633,1574551993.615051
0.020901100852272734,1574551993.987055
0.019745205965909087,1574551994.359084
0.01995960582386364,1574551994.7430623
0.02152343750000001,1574551995.1150682
0.02031116832386364,1574551995.4870896
0.020954367897727266,1574551995.859089
0.02100008877840908,1574551996.2430642
0.020519797585227265,1574551996.6151004
0.020622336647727276,1574551996.9871144
0.019959605823863625,1574551997.3591237
0.019388760653409092,1574551997.743092
0.02009321732954545,1574551998.115131
0.019943625710227265,1574551998.4871502
0.01964222301136364,1574551998.8591554
0.021356977982954554,1574551999.243136
0.01970658735795453,1574551999.615162
0.026910067471590915,1574551999.9871542
0.02008567116477273,1574552000.3591874
0.020568625710227276,1574552000.743173
0.021537198153409102,1574552001.1151667
0.020272549715909093,1574552001.4871843
0.019936967329545457,1574552001.8591952
0.0205459872159091,1574552002.2431996
0.019888139204545442,1574552002.6151993
0.02119939630681818,1574552002.9872184
0.02082608309659089,1574552003.3592508
0.02195223721590909,1574552003.7432086
0.02103870738636365,1574552004.1152334
0.018524058948863636,1574552004.4872487
0.01882057883522727,1574552004.8592446
0.05452991832386365,1574552005.243225
0.01914195667613637,1574552005.6152587
0.012410333806818193,1574552005.9872735
0.013566672585227268,1574552006.3592794
0.013869406960227275,1574552006.743265
0.013200461647727275,1574552007.1153634
0.014454456676136365,1574552007.4873688
0.013136985085227273,1574552007.8593688
0.00820534446022727,1574552008.2433176
0.008570667613636356,1574552008.6153162
0.010666281960227278,1574552008.9873257
0.00871670809659091,1574552009.359343
0.01416060014204545,1574552009.7433262
0.010892223011363627,1574552010.1153252
0.01316139914772727,1574552010.487355
0.01035289417613636,1574552010.8593874
0.012120028409090915,1574552011.243342
0.009699041193181806,1574552011.6153605
0.007124911221590909,1574552011.987408
0.010187322443181816,1574552012.3593862
0.007445401278409089,1574552012.7433636
0.011226029829545453,1574552013.115415
0.010939275568181818,1574552013.4874315
0.007284268465909086,1574552013.8594286
0.007206143465909089,1574552014.2434134
0.00865811434659091,1574552014.6154392
0.008848544034090917,1574552014.9874394
0.008402432528409083,1574552015.3594513
0.01593705610795454,1574552015.743426
0.008178267045454534,1574552016.115422
0.008778409090909092,1574552016.487461
0.012784534801136362,1574552016.8594759
0.01136807528409091,1574552017.2434165
0.011556729403409089,1574552017.6154482
0.010823863636363637,1574552017.987486
0.009072709517045457,1574552018.359503
0.009810014204545442,1574552018.743466
0.010314275568181822,1574552019.1154914
0.0070352450284090874,1574552019.4875107
0.010951704545454542,1574552019.8595076
0.008301225142045452,1574552020.2434855
0.01033647017045455,1574552020.6155088
0.011377840909090907,1574552020.987552
0.006930930397727273,1574552021.3595362
0.008635475852272723,1574552021.7435353
0.009441139914772722,1574552022.115552
0.007077414772727267,1574552022.4875476
0.009505060369318183,1574552022.8595748
0.007813831676136352,1574552023.2435627
0.010896218039772728,1574552023.6155527
0.010634765625000004,1574552023.9875755
0.006889204545454543,1574552024.3595953
0.0072838245738636315,1574552024.7435708
0.010172230113636372,1574552025.1155875
0.006963334517045455,1574552025.4876199
0.009487748579545454,1574552025.8596416
0.009295099431818176,1574552026.2435982
0.00745383522727273,1574552026.6156209
0.011573597301136359,1574552026.9876406
0.008999911221590905,1574552027.359641
0.012684659090909085,1574552027.7436492
0.01118829900568181,1574552028.1156485
0.0070232599431818135,1574552028.487645
0.010356889204545451,1574552028.859747
0.00961958451704545,1574552029.2437034
0.007120028409090904,1574552029.6157072
0.008899147727272724,1574552029.9877133
0.008536931818181808,1574552030.359712
0.009990678267045451,1574552030.7436898
0.012401899857954542,1574552031.1156867
0.006922052556818181,1574552031.48771
0.006862127130681815,1574552031.8597395
0.010180664062500011,1574552032.2436962
0.007243874289772731,1574552032.615718
0.007663796164772727,1574552032.9877431
0.009786044034090917,1574552033.3597672
0.007413441051136362,1574552033.7437265
0.009360795454545455,1574552034.1157434
0.008034002130681811,1574552034.4877796
0.007193270596590907,1574552034.8597853
0.007753906250000006,1574552035.2437563
0.010396839488636367,1574552035.6157823
0.010389737215909082,1574552035.987782
0.007022816051136361,1574552036.3598623
0.01063121448863637,1574552036.7437873
0.012544389204545444,1574552037.1157863
0.010736416903409084,1574552037.4878151
0.010656516335227269,1574552037.8598514
0.006928267045454542,1574552038.2438242
0.009172585227272734,1574552038.615823
0.00829589843749999,1574552038.987846
0.006964222301136362,1574552039.3598652
0.010829190340909092,1574552039.7438283
0.010375088778409106,1574552040.1158617
0.007001509232954547,1574552040.4878848
0.012102272727272732,1574552040.859879
0.00784889914772727,1574552041.243869
0.006950905539772728,1574552041.615885
0.010039506392045459,1574552041.987914
0.006885209517045449,1574552042.3599033
0.007208362926136361,1574552042.7438922
0.00933549360795454,1574552043.1159222
0.00815074573863636,1574552043.4879196
0.00695623224431818,1574552043.8599417
0.007425870028409084,1574552044.2439246
0.010259676846590916,1574552044.6159217
0.007003284801136357,1574552044.987943
0.007137784090909089,1574552045.359974
0.014229847301136364,1574552045.7439487
0.008421075994318175,1574552046.1159482
0.006902077414772724,1574552046.4879725
0.009823774857954543,1574552046.860012
0.010884232954545442,1574552047.2439592
0.010424804687500004,1574552047.6159897
0.012777432528409073,1574552047.9880104
0.012810724431818181,1574552048.360004
0.007997602982954545,1574552048.7440002
0.010082563920454543,1574552049.116017
0.007355291193181814,1574552049.4880686
0.007078302556818178,1574552049.8600564
0.00863503196022727,1574552050.2440968
0.00961603338068181,1574552050.616108
0.008181374289772723,1574552050.9881155
0.007121360085227269,1574552051.3601003
0.009425159801136361,1574552051.7440574
0.008496981534090902,1574552052.116076
0.007145330255681819,1574552052.4880795
0.007796075994318182,1574552052.8601115
0.011401811079545465,1574552053.2440872
0.007030806107954545,1574552053.6160958
0.010775479403409087,1574552053.9881132
0.007892400568181811,1574552054.3601124
0.0070348011363636324,1574552054.7440894
0.010335138494318177,1574552055.1161165
0.007484463778409087,1574552055.488144
0.028477894176136356,1574552055.8601263
0.031196289062500014,1574552056.244114
0.033996803977272734,1574552056.616149
0.04231622869318182,1574552056.9881513
0.031547407670454546,1574552057.3601687
0.036572709517045436,1574552057.7441592
0.04317072088068181,1574552058.1161792
0.057184392755681795,1574552058.488191
0.03231756036931816,1574552058.860227
0.03802911931818185,1574552059.244184
0.039028320312500024,1574552059.6161904
0.05829723011363635,1574552059.9882236
0.04532626065340909,1574552060.360231
0.04191273082386363,1574552060.7441869
0.038864080255681825,1574552061.116203
0.03568625710227274,1574552061.4882395
0.049000799005681814,1574552061.8602624
0.03536443536931823,1574552062.2441916
0.03758212002840911,1574552062.6162393
0.04201882102272728,1574552062.9882586
0.03677423650568183,1574552063.3602612
0.0546746271306818,1574552063.7442393
0.0675989879261364,1574552064.1162465
0.03643954190340909,1574552064.4882584
0.038179598721590914,1574552064.8602688
0.03697398792613635,1574552065.2442484
0.044725230823863635,1574552065.6163037
0.04834028764204547,1574552065.988299
0.04032626065340909,1574552066.3603072
0.05120516690340911,1574552066.7442915
0.044118874289772674,1574552067.1163185
0.040788352272727244,1574552067.4883542
0.04245294744318184,1574552067.8603656
0.04159490411931818,1574552068.2443147
0.04053267045454546,1574552068.6163387
0.037045010653409094,1574552068.98838
0.04138538707386364,1574552069.360371
0.03931906960227273,1574552069.7443478
0.03454723011363637,1574552070.116379
0.03790394176136362,1574552070.4883914
0.038193359375,1574552070.860395
0.0370458984375,1574552071.2443573
0.03959650213068181,1574552071.6164727
0.04030406605113637,1574552071.988498
0.03675958806818178,1574552072.3604836
0.039037198153409114,1574552072.7444243
0.03700417258522728,1574552073.1164436
0.03990367542613638,1574552073.4884706
0.0398779296875,1574552073.8604555
