amperes,timestamp
0.0346004971590909,1574553963.1475854
0.04012784090909092,1574553963.5195758
0.04240855823863638,1574553963.8916306
0.06296786221590911,1574553964.2755587
0.05618785511363638,1574553964.6475768
0.055326260653409086,1574553965.0195823
0.04992143110795452,1574553965.3916357
0.07590332031249994,1574553965.7755888
0.06907404119318179,1574553966.1476035
0.05232998934659091,1574553966.5198512
0.03432439630681818,1574553966.891674
0.022366388494318185,1574553967.2756238
0.03562366832386364,1574553967.6476102
0.03335493607954545,1574553968.0198817
0.020032404119318187,1574553968.3916705
0.03491787997159092,1574553968.7756424
0.0340518465909091,1574553969.1476645
0.041629971590909115,1574553969.519867
0.06071866122159089,1574553969.8917024
0.030690696022727254,1574553970.2756808
0.043889382102272716,1574553970.647694
0.06089089133522728,1574553971.0200162
0.044790039062500016,1574553971.3917198
0.036283291903409114,1574553971.7757237
0.04060768821022728,1574553972.1476932
0.03939275568181816,1574553972.5199006
0.031692560369318175,1574553972.8917365
0.034430486505681826,1574553973.275708
0.03870250355113634,1574553973.6477237
0.038863636363636364,1574553974.0198503
0.039446466619318186,1574553974.3917327
0.03915882457386364,1574553974.775709
0.03530806107954547,1574553975.1477988
0.037812056107954545,1574553975.5200076
0.041734730113636334,1574553975.8917475
0.03614169034090907,1574553976.2757676
0.030457652698863635,1574553976.6478279
0.03751864346590913,1574553977.0205433
0.0372989169034091,1574553977.3917987
0.038714044744318166,1574553977.7757888
0.03818581321022723,1574553978.1477833
0.036803089488636365,1574553978.520107
0.03648570667613634,1574553978.8918278
0.03888405539772726,1574553979.2757874
0.0377938565340909,1574553979.6478333
0.03043190696022727,1574553980.0200608
0.0386829723011364,1574553980.3918447
0.036948242187500015,1574553980.7758162
0.03213068181818178,1574553981.1478605
0.039327059659090946,1574553981.52009
0.036821732954545446,1574553981.8918664
0.038153852982954546,1574553982.2758377
0.03810546875000003,1574553982.6479082
0.03666326349431814,1574553983.0201063
0.033635919744318184,1574553983.391885
0.03799227627840907,1574553983.7759428
0.037065429687500026,1574553984.1480415
0.03582519531250003,1574553984.5199533
0.0388760653409091,1574553984.891941
0.03718483664772727,1574553985.2759008
0.035779474431818184,1574553985.647945
0.03929731889204548,1574553986.0199225
0.03696067116477272,1574553986.3919423
0.03591574928977271,1574553986.775895
0.038868519176136374,1574553987.1479545
0.03527166193181819,1574553987.519946
0.02803488991477271,1574553987.8919358
0.03845126065340909,1574553988.2759235
0.03751065340909089,1574553988.648053
0.02755415482954545,1574553989.0199752
0.03751731178977274,1574553989.3919742
0.036889204545454544,1574553989.7759597
0.03237393465909091,1574553990.147973
0.036910067471590896,1574553990.519976
0.03749245383522727,1574553990.8919978
0.049271129261363636,1574553991.2759528
0.033731356534090894,1574553991.6480756
0.02914950284090909,1574553992.0200052
0.05299671519886365,1574553992.3920276
0.04367720170454543,1574553992.7759933
0.03107954545454545,1574553993.1480558
0.03775346235795452,1574553993.5200276
0.037003284801136384,1574553993.892035
0.055237926136363635,1574553994.2760189
0.08204190340909095,1574553994.648027
0.08011186079545456,1574553995.0200403
0.05751775568181823,1574553995.3920722
0.04055353338068183,1574553995.7760303
0.054623135653409094,1574553996.1480422
0.06924360795454544,1574553996.5201414
0.025900213068181837,1574553996.8920999
0.014961381392045446,1574553997.2760935
0.018336292613636365,1574553997.6480696
0.016669477982954536,1574553998.0201004
0.012812943892045459,1574553998.3921127
0.014891246448863632,1574553998.77608
0.016827059659090912,1574553999.1481028
0.014319069602272734,1574553999.5201337
0.015027077414772728,1574553999.8921301
0.02432084517045454,1574554000.276101
0.02564231178977273,1574554000.6481369
0.01640758167613637,1574554001.0201402
0.01614213423295454,1574554001.3921611
0.013143199573863637,1574554001.776153
0.014586736505681819,1574554002.1481457
0.012796519886363631,1574554002.5201645
0.013880948153409093,1574554002.8922272
0.0134130859375,1574554003.2761655
0.012019708806818186,1574554003.6481826
0.014761186079545451,1574554004.0201936
0.011650390624999996,1574554004.392246
0.01914328835227272,1574554004.7761729
0.01583096590909091,1574554005.1482005
0.017519087357954547,1574554005.5202868
0.015250355113636368,1574554005.8923209
0.01839266690340909,1574554006.2762685
0.011510564630681817,1574554006.64826
0.014655539772727277,1574554007.0202634
0.013097922585227269,1574554007.3922935
0.012409002130681822,1574554007.776235
0.01654208096590909,1574554008.1482816
0.01131214488636363,1574554008.5205371
0.011019176136363636,1574554008.8923142
0.014750532670454545,1574554009.2762828
0.015476740056818181,1574554009.6482751
0.016817294034090904,1574554010.020481
0.016525656960227265,1574554010.3923373
0.013409978693181822,1574554010.7762954
0.017174183238636353,1574554011.1483083
0.01397594105113637,1574554011.5205107
0.011793767755681818,1574554011.8923502
0.015723100142045462,1574554012.2763236
0.011041814630681811,1574554012.6483314
0.012175514914772718,1574554013.0205348
0.013608398437499992,1574554013.3923755
0.011402254971590909,1574554013.7763498
0.014245827414772731,1574554014.148353
0.012894620028409092,1574554014.5205493
0.017948330965909094,1574554014.8924036
0.016835049715909087,1574554015.276383
0.01422895951704546,1574554015.6483624
0.015336914062499993,1574554016.0205905
0.01715775923295454,1574554016.3924322
0.014458007812499991,1574554016.7763755
0.01807883522727272,1574554017.1484067
0.014217862215909085,1574554017.5206354
0.013837446732954544,1574554017.8924286
0.01694113991477272,1574554018.276419
0.012683327414772726,1574554018.6485097
0.01411976207386364,1574554019.020616
0.015751953125000006,1574554019.3924527
0.015668501420454544,1574554019.7764454
0.02375,1574554020.1484652
0.01587579900568182,1574554020.5205898
0.01569513494318182,1574554020.8924863
0.015526899857954544,1574554021.2764752
0.016400923295454548,1574554021.6485174
0.014686612215909091,1574554022.020671
0.016021839488636367,1574554022.3925178
0.014786931818181826,1574554022.7764723
0.01742098721590909,1574554023.1485655
0.012552379261363638,1574554023.5207384
0.015265003551136363,1574554023.8925273
0.0162158203125,1574554024.276509
0.018421075994318165,1574554024.6485665
0.01992231889204545,1574554025.0207534
0.019990234375000006,1574554025.3925428
0.015751065340909087,1574554025.7765212
0.017357954545454534,1574554026.1486418
0.01457164417613636,1574554026.5205486
0.013727805397727269,1574554026.8925848
0.012078746448863645,1574554027.2766259
0.011683238636363643,1574554027.6487224
0.012615411931818187,1574554028.0206323
0.015278320312500001,1574554028.392688
0.012127574573863632,1574554028.7765799
0.01202947443181817,1574554029.148678
0.013720703125000002,1574554029.5206072
0.01604580965909091,1574554029.8926382
0.01249289772727273,1574554030.2765856
0.012083185369318183,1574554030.6487076
0.015163796164772722,1574554031.0206313
0.015026189630681825,1574554031.3926718
0.013124112215909088,1574554031.7766435
0.012916814630681818,1574554032.148668
0.014110884232954557,1574554032.5206456
0.014000355113636358,1574554032.892661
0.013673650568181818,1574554033.2766545
0.012066317471590912,1574554033.6488297
0.014638227982954543,1574554034.0206735
0.012057439630681824,1574554034.3926902
0.01248934659090909,1574554034.7766645
0.013755770596590916,1574554035.1486883
0.013727805397727274,1574554035.5207012
0.015424360795454553,1574554035.8927417
0.017092507102272718,1574554036.276709
0.01110529119318182,1574554036.6487248
0.015534446022727272,1574554037.0207744
0.01186745383522726,1574554037.3927255
0.012871093750000005,1574554037.7767246
0.014753639914772732,1574554038.1487405
0.010935724431818176,1574554038.5207355
0.012248313210227275,1574554038.8927567
0.012934570312499989,1574554039.2767818
0.010986328124999998,1574554039.6487432
0.016171875,1574554040.02077
0.01549094460227273,1574554040.3927977
0.011017400568181823,1574554040.7767687
0.015726651278409096,1574554041.1487827
0.010749289772727278,1574554041.520796
0.011250887784090906,1574554041.8927898
0.020132279829545466,1574554042.276793
0.013463245738636359,1574554042.6488051
0.01273082386363637,1574554043.0208073
0.012698419744318176,1574554043.392852
0.010726207386363627,1574554043.7767923
0.015947265625000002,1574554044.148847
0.010462091619318173,1574554044.520834
0.009670188210227271,1574554044.8928883
0.03885786576704546,1574554045.2768383
0.019497958096590922,1574554045.6488585
0.022665127840909082,1574554046.0208588
0.016294833096590907,1574554046.392916
0.010391068892045455,1574554046.7768419
0.03487615411931817,1574554047.148883
0.03764293323863636,1574554047.5208976
0.044539240056818176,1574554047.8929355
0.046743164062500044,1574554048.276875
0.032318892045454545,1574554048.6489203
0.03691228693181816,1574554049.0210135
0.042294034090909115,1574554049.3930798
0.05283780184659089,1574554049.7769635
0.03534579190340908,1574554050.1489964
0.039230735085227265,1574554050.5209966
0.03876154119318182,1574554050.8929873
0.06339621803977269,1574554051.276939
0.0421906072443182,1574554051.6489756
0.04223233309659087,1574554052.0209544
0.038212446732954555,1574554052.3930104
0.04014692826704547,1574554052.7769718
0.04798739346590914,1574554053.1489875
0.03478471235795453,1574554053.521246
0.04085715553977274,1574554053.8930678
0.04044122869318179,1574554054.2769866
0.037724165482954555,1574554054.649041
0.05576393821022728,1574554055.0212433
0.057207031250000026,1574554055.3930385
0.0314599609375,1574554055.7770233
0.039919211647727285,1574554056.1490383
0.03972745028409091,1574554056.5212224
0.038101473721590895,1574554056.8930728
0.0345947265625,1574554057.2770543
0.040479403409090925,1574554057.649047
0.04560147372159088,1574554058.021261
0.04273126775568183,1574554058.3930943
0.04176136363636365,1574554058.7770526
0.04115456321022728,1574554059.1490788
0.03924050071022727,1574554059.521248
0.042087624289772724,1574554059.893131
0.03936656605113636,1574554060.2770703
0.03457874644886365,1574554060.6490993
0.03989390980113636,1574554061.0213194
0.04112571022727274,1574554061.3931317
0.03802911931818183,1574554061.7771184
0.040557528409090875,1574554062.1492605
0.03834517045454544,1574554062.5213163
0.03941051136363637,1574554062.893145
0.040598810369318186,1574554063.2771366
0.03269664417613636,1574554063.649205
0.041408913352272717,1574554064.0213487
0.03931862571022729,1574554064.3931894
0.034299094460227275,1574554064.7771704
0.04045276988636366,1574554065.1492736
0.03870561079545456,1574554065.5213566
