amperes,timestamp
0.10441361860795458,1575360745.9129782
0.12112526633522729,1575360746.2849798
0.14118741122159095,1575360746.6570072
0.13855557528409093,1575360747.0409522
0.1552206143465909,1575360747.4129875
0.14550071022727268,1575360747.7850547
0.15615722656250014,1575360748.1570127
0.15836115056818179,1575360748.540994
0.1460489169034091,1575360748.912984
0.15385875355113643,1575360749.2850134
0.1533331853693182,1575360749.657041
0.13978249289772732,1575360750.0410197
0.13513583096590912,1575360750.4130566
0.11090110085227271,1575360750.7850504
0.12843971946022723,1575360751.1570723
0.1362375710227273,1575360751.5410497
0.1279367897727274,1575360751.9130495
0.09720569957386369,1575360752.2850757
0.09826793323863638,1575360752.6570656
0.09030628551136363,1575360753.0410137
0.12217640269886366,1575360753.413073
0.11598544034090912,1575360753.7850785
0.12366610440340907,1575360754.1570752
0.13330033735795443,1575360754.541062
0.11884099786931815,1575360754.9130783
0.10440030184659092,1575360755.2851303
0.12147238991477281,1575360755.6571305
0.134471768465909,1575360756.0411098
0.1597940340909091,1575360756.413135
0.12927112926136367,1575360756.7851372
0.09212313565340917,1575360757.1571546
0.12472656250000003,1575360757.5411422
0.12851562500000002,1575360757.9131303
0.14598810369318185,1575360758.2851653
0.1257364169034091,1575360758.657197
0.10519753196022734,1575360759.0411482
0.09424982244318182,1575360759.413173
0.0907080078125,1575360759.7851946
0.14975008877840904,1575360760.157186
0.1321324573863636,1575360760.541146
0.12260786576704542,1575360760.9131734
0.09940296519886364,1575360761.2851927
0.12938254616477274,1575360761.6572027
0.09380637428977272,1575360762.0412102
0.11107288707386365,1575360762.413229
0.09312544389204547,1575360762.7852328
0.11071422230113631,1575360763.1572537
0.11742720170454535,1575360763.541232
0.10934881036931818,1575360763.913264
0.10774458451704547,1575360764.2852602
0.0925230823863636,1575360764.6572554
0.10973588423295454,1575360765.0412633
0.08670276988636359,1575360765.4132717
0.11163973721590913,1575360765.7852578
0.08402388139204538,1575360766.1574259
0.1136772017045455,1575360766.5413175
0.08179332386363636,1575360766.913347
0.11548561789772728,1575360767.2853296
0.08565651633522729,1575360767.6573486
0.11382501775568175,1575360768.0413246
0.10430530894886363,1575360768.4133012
0.1213050426136363,1575360768.785301
0.11904918323863639,1575360769.1573253
0.09544211647727278,1575360769.5413167
0.11138227982954549,1575360769.9133577
0.09414817116477271,1575360770.2853518
0.12035822088068177,1575360770.6573594
0.08556374289772722,1575360771.04136
0.1170032848011363,1575360771.4133544
0.08903852982954544,1575360771.7853775
0.1096830610795454,1575360772.1573849
0.09193980823863636,1575360772.5413578
0.10370339133522721,1575360772.9133594
0.09725541548295454,1575360773.2854106
0.09796963778409094,1575360773.6574426
0.10806640624999997,1575360774.041381
0.125615234375,1575360774.4133909
0.13828213778409087,1575360774.7854161
0.1564240056818182,1575360775.15742
0.14892223011363628,1575360775.541423
0.15611017400568172,1575360775.9134405
0.15440429687500004,1575360776.285456
0.14957253196022724,1575360776.6574748
0.14518643465909079,1575360777.0414708
0.14806951349431813,1575360777.4134612
0.14503196022727266,1575360777.7854648
0.15136452414772733,1575360778.1575112
0.14486594460227262,1575360778.5414784
0.1408633700284091,1575360778.9134717
0.0997017045454546,1575360779.2855062
0.1040238813920455,1575360779.6575127
0.13740012428977263,1575360780.041492
0.1481609552556818,1575360780.413515
0.14952858664772709,1575360780.7855244
0.13083718039772732,1575360781.1575038
0.15363947088068175,1575360781.5415208
0.14033114346590922,1575360781.9135513
0.14562144886363634,1575360782.2855694
0.12902432528409097,1575360782.6575685
0.1083979936079546,1575360783.041519
0.14100674715909095,1575360783.413569
0.1499924538352273,1575360783.7855868
0.16090997869318174,1575360784.1575935
0.16182705965909086,1575360784.5415683
0.16213911576704557,1575360784.9135542
0.1618714488636365,1575360785.2855763
0.160279208096591,1575360785.6576245
0.13047807173295448,1575360786.041578
0.11660245028409098,1575360786.4136016
0.09311257102272724,1575360786.785611
0.09496049360795454,1575360787.1576662
0.1286292613636363,1575360787.541608
0.12670676491477262,1575360787.9137588
0.16130459872159097,1575360788.2857072
0.16128995028409127,1575360788.6577148
0.16158868963068201,1575360789.041636
0.16177734375000005,1575360789.4136379
0.16208851207386374,1575360789.7857049
0.1458451704545456,1575360790.1576893
0.1261865234375,1575360790.541669
0.13424671519886372,1575360790.9137044
0.14922363281250003,1575360791.2857068
0.15183460582386363,1575360791.657727
0.1293745561079546,1575360792.0417104
0.10946555397727274,1575360792.4137282
0.13779740767045442,1575360792.7857375
0.13345126065340915,1575360793.1577592
0.1614710582386364,1575360793.5417142
0.14585094105113636,1575360793.9137442
0.10997602982954549,1575360794.2857604
0.12026899857954539,1575360794.6577647
0.11156827059659097,1575360795.0417452
0.13187499999999996,1575360795.4137697
0.14808105468750002,1575360795.7857673
0.13234108664772726,1575360796.1577907
0.11938343394886361,1575360796.5417702
0.09519841974431814,1575360796.9137976
0.1250643643465909,1575360797.2857952
0.12185058593750006,1575360797.657821
0.14880149147727265,1575360798.0418086
0.15834339488636398,1575360798.4138055
0.1581489701704545,1575360798.785833
0.15708939985795436,1575360799.1578538
0.15808504971590914,1575360799.5418084
0.15975585937499995,1575360799.9138305
0.1570458984375,1575360800.2858555
0.16114923650568175,1575360800.6578777
0.15840198863636376,1575360801.0418372
0.1574702592329545,1575360801.4138632
0.15749778053977262,1575360801.7858725
0.16187455610795468,1575360802.157885
0.16018332741477284,1575360802.5418692
0.14984064275568182,1575360802.913892
0.14275523792613623,1575360803.2858827
0.12019176136363638,1575360803.6579278
0.08799849076704551,1575360804.0418994
0.08668279474431817,1575360804.4138782
0.10030672940340904,1575360804.7859194
0.12275124289772732,1575360805.1579459
0.1558251953125001,1575360805.5419214
0.15809836647727252,1575360805.9139228
0.15170765269886374,1575360806.2859445
0.1594331498579544,1575360806.6579702
0.1575861150568181,1575360807.0419338
0.15674627130681823,1575360807.413956
0.1553409090909091,1575360807.7859786
0.1581955788352272,1575360808.1579812
0.15930575284090914,1575360808.5419655
0.15977716619318175,1575360808.9139795
0.1525843394886364,1575360809.2859848
0.1574778053977274,1575360809.658087
0.16061434659090923,1575360810.0420437
0.1496484374999999,1575360810.4140406
0.1391898970170454,1575360810.7860494
0.0993683416193182,1575360811.1580422
0.08738148082386367,1575360811.54202
0.09243341619318182,1575360811.9140177
0.11052823153409079,1575360812.2860441
0.12459650213068187,1575360812.6580677
0.15407537286931822,1575360813.0420263
0.15251331676136365,1575360813.4140446
0.12819513494318183,1575360813.786088
0.11480513139204548,1575360814.1580749
0.13060946377840904,1575360814.5420535
0.13162819602272727,1575360814.9140759
0.12086603338068183,1575360815.2861047
0.0870352450284091,1575360815.658106
0.0841574928977273,1575360816.0420816
0.08581631747159088,1575360816.4141126
0.08443892045454549,1575360816.786125
0.10350763494318176,1575360817.1581275
0.10815207741477262,1575360817.5421112
0.124068270596591,1575360817.914192
0.14806685014204546,1575360818.2861285
0.13006747159090917,1575360818.6581693
0.08527610085227275,1575360819.0421426
0.08467018821022732,1575360819.414135
0.08257013494318181,1575360819.7861793
0.0830779474431818,1575360820.1581693
0.08396528764204543,1575360820.5421522
0.08293767755681819,1575360820.9141736
0.08336425781249995,1575360821.2861955
0.08319469105113646,1575360821.6581962
0.08204767400568178,1575360822.0421777
0.1054256924715909,1575360822.4142044
0.13095703124999994,1575360822.7862158
0.12810502485795452,1575360823.1582217
0.0880823863636363,1575360823.542195
0.08207519531249996,1575360823.9142334
0.09125355113636369,1575360824.2862406
0.11039240056818182,1575360824.658268
0.11582830255681817,1575360825.0422332
0.09400479403409093,1575360825.4142454
0.08388227982954549,1575360825.786262
0.08839089133522726,1575360826.158274
0.07869096235795461,1575360826.5422928
0.1116082208806819,1575360826.9142628
0.08095436789772727,1575360827.2862725
0.09197176846590908,1575360827.6582882
0.07587713068181821,1575360828.0422711
0.10595037286931817,1575360828.4142907
0.07974831321022723,1575360828.7863245
0.09047274502840912,1575360829.158315
0.08169344815340907,1575360829.542303
0.09427112926136363,1575360829.9143207
