amperes,timestamp
0.09093572443181808,1575362076.4342623
0.12275390625,1575362076.8062887
0.12782492897727277,1575362077.1783137
0.14751464843749998,1575362077.5622904
0.1394877485795455,1575362077.9343076
0.14412730823863643,1575362078.3063147
0.15862571022727243,1575362078.6783404
0.1511705433238636,1575362079.0622885
0.12175337357954555,1575362079.4343226
0.14567515980113624,1575362079.8063424
0.14293723366477282,1575362080.1783392
0.12119185014204545,1575362080.5623243
0.12390314275568176,1575362080.9343228
0.09220525568181823,1575362081.3063426
0.08615323153409093,1575362081.6783712
0.08582430752840914,1575362082.0623503
0.08512784090909094,1575362082.4343946
0.1135040838068181,1575362082.806376
0.11565740411931816,1575362083.1783729
0.14194912997159082,1575362083.5623796
0.10806285511363635,1575362083.934387
0.08162153764204545,1575362084.3063781
0.08352095170454542,1575362084.6784322
0.10888094815340908,1575362085.0623848
0.10384410511363633,1575362085.4344141
0.12304332386363633,1575362085.8064365
0.11189098011363631,1575362086.1784155
0.09291592684659097,1575362086.5624225
0.13085626775568177,1575362086.9344478
0.14978116122159088,1575362087.306443
0.1215962357954545,1575362087.6784585
0.08855735085227276,1575362088.0625174
0.08267444957386365,1575362088.4345257
0.08817382812500002,1575362088.8065062
0.08246803977272725,1575362089.1785197
0.0828404651988636,1575362089.5624714
0.08290793678977275,1575362089.9345024
0.09219948508522723,1575362090.3064728
0.09887473366477269,1575362090.6785266
0.12045543323863629,1575362091.0625076
0.13443803267045462,1575362091.4344866
0.11497292258522725,1575362091.8065274
0.0846511008522727,1575362092.1785572
0.09047274502840909,1575362092.5625076
0.1384481534090909,1575362092.9345164
0.10975941051136365,1575362093.3065562
0.1184068714488637,1575362093.6785524
0.09022194602272729,1575362094.062538
0.1180402166193182,1575362094.4345725
0.0810284978693182,1575362094.8065479
0.11111860795454552,1575362095.1785893
0.09771928267045453,1575362095.5625448
0.11579811789772726,1575362095.934596
0.12648126775568172,1575362096.3065956
0.10416903409090914,1575362096.6786082
0.10788662997159093,1575362097.0626009
0.08755814985795457,1575362097.4345703
0.11078036221590908,1575362097.806602
0.08435413707386362,1575362098.1786203
0.09968350497159088,1575362098.562582
0.08101562499999995,1575362098.934626
0.10765624999999998,1575362099.3066554
0.07779918323863633,1575362099.6786559
0.10347212357954547,1575362100.062634
0.09010653409090909,1575362100.4346333
0.1144153941761364,1575362100.8066604
0.11149502840909091,1575362101.178681
0.11227006392045454,1575362101.562649
0.10070268110795454,1575362101.9346857
0.08582208806818187,1575362102.3066888
0.12167036576704536,1575362102.6787097
0.099267578125,1575362103.0626886
0.11816406250000003,1575362103.4346697
0.08728426846590912,1575362103.8067174
0.09574529474431814,1575362104.1787372
0.09342196377840906,1575362104.5626943
0.10174982244318179,1575362104.934725
0.08836203835227277,1575362105.3067482
0.09105379971590914,1575362105.6787708
0.10447310014204544,1575362106.0627236
0.10432173295454547,1575362106.4347441
0.11204145951704546,1575362106.8067794
0.10969016335227277,1575362107.1787777
0.12926757812500006,1575362107.5627544
0.1484437144886363,1575362107.9347947
0.13863458806818185,1575362108.306778
0.14819113991477265,1575362108.6788065
0.14765269886363644,1575362109.0627823
0.1291264204545455,1575362109.4347858
0.14652476917613638,1575362109.8068638
0.13513893821022724,1575362110.1788878
0.12339311079545445,1575362110.5628417
0.1258251953124999,1575362110.9348462
0.1281201171875,1575362111.306843
0.12534534801136357,1575362111.678866
0.1272088068181818,1575362112.0628345
0.08666281960227275,1575362112.434847
0.1003724254261364,1575362112.806866
0.08506880326704543,1575362113.178866
0.08395996093750001,1575362113.5628483
0.09025923295454545,1575362113.9348502
0.07319779829545454,1575362114.3068724
0.09016202059659088,1575362114.6789048
0.10708939985795447,1575362115.062879
0.11163130326704548,1575362115.4349108
0.13568359375,1575362115.8069062
0.14238902698863634,1575362116.1789315
0.14771218039772724,1575362116.562914
0.1187473366477273,1575362116.9349089
0.11643954190340913,1575362117.306943
0.1196186967329545,1575362117.6789663
0.08605113636363634,1575362118.0629218
0.10735706676136357,1575362118.4349418
0.09259810014204539,1575362118.806954
0.08640403053977269,1575362119.1789842
0.0816845703125,1575362119.5629492
0.08593394886363642,1575362119.9349701
0.1014737215909091,1575362120.3069735
0.10800071022727271,1575362120.6789947
0.145068359375,1575362121.0629776
0.15796564275568167,1575362121.4349983
0.1559561434659092,1575362121.8070016
0.15478693181818187,1575362122.1791177
0.1600266335227271,1575362122.563005
0.1552987393465909,1575362122.935004
0.10600719105113637,1575362123.307019
0.09882546164772726,1575362123.67905
0.09521883877840907,1575362124.063009
0.11002130681818177,1575362124.4350376
0.12993208451704544,1575362124.807055
0.1529505504261362,1575362125.1790328
0.15255992542613628,1575362125.5630426
0.15639648437500003,1575362125.9350653
0.15524991122159096,1575362126.3070924
0.15752086292613632,1575362126.6790836
0.12232155539772731,1575362127.0630636
0.10664728338068184,1575362127.4350994
0.09513272372159097,1575362127.8070962
0.10726651278409086,1575362128.1791215
0.11869362571022725,1575362128.5630994
0.1561700994318184,1575362128.9350948
0.13187233664772727,1575362129.3071275
0.1006733842329546,1575362129.6791503
0.1045121626420454,1575362130.0631227
0.0852556818181819,1575362130.4351802
0.09116521661931813,1575362130.8071535
0.11709339488636368,1575362131.179248
0.15415926846590913,1575362131.563203
0.1269633345170454,1575362131.9352086
0.09414195667613642,1575362132.307212
0.12651544744318183,1575362132.6792119
0.11701083096590918,1575362133.0631647
0.13408735795454552,1575362133.4351566
0.11528187144886368,1575362133.8071926
0.11233487215909094,1575362134.1792088
0.08867675781250002,1575362134.5631866
0.09835404829545463,1575362134.9352133
0.08314364346590906,1575362135.3072224
0.08391912286931817,1575362135.6792352
0.08276766690340907,1575362136.063223
0.0831258877840909,1575362136.4352224
0.08211337002840915,1575362136.807241
0.08117808948863633,1575362137.1792746
0.0823175603693182,1575362137.5632243
0.08862970525568184,1575362137.9352887
0.09240278764204542,1575362138.307257
0.1067165305397727,1575362138.6792727
0.12675648082386368,1575362139.0632522
0.15747070312500003,1575362139.4352808
0.15113148082386366,1575362139.8072884
0.15990456321022753,1575362140.1792803
0.15952370383522746,1575362140.5632877
0.15482288707386363,1575362140.9353058
0.15967595880681817,1575362141.3073099
0.15870783025568175,1575362141.67932
0.15846812855113643,1575362142.0633168
0.1550004438920454,1575362142.4353106
0.15530761718750033,1575362142.8073368
0.1562588778409092,1575362143.179361
0.1561252663352272,1575362143.563315
0.15592151988636366,1575362143.935346
0.14279296875000014,1575362144.3073719
0.13805575284090904,1575362144.679388
0.08895108309659089,1575362145.0633485
0.08518599076704542,1575362145.4353876
0.11222123579545458,1575362145.8073986
0.11278053977272726,1575362146.1793957
0.1558877840909091,1575362146.563378
0.15436212713068184,1575362146.9354005
0.15600630326704573,1575362147.3073993
0.15669699928977268,1575362147.6794286
0.15529651988636345,1575362148.0634098
0.1547625177556818,1575362148.4354334
0.1591974431818181,1575362148.807429
0.15633078835227282,1575362149.1794674
0.15838822798295452,1575362149.5634146
0.15674982244318178,1575362149.9354389
0.15722878196022735,1575362150.3074574
0.1559734552556818,1575362150.6794548
0.15599920099431824,1575362151.0634408
0.14911132812500008,1575362151.4354694
0.14492808948863634,1575362151.807491
0.10863636363636364,1575362152.1794822
0.08653675426136372,1575362152.5634732
0.08591752485795463,1575362152.935567
0.09304554332386361,1575362153.3075624
0.08619007457386363,1575362153.6795719
0.08513227982954545,1575362154.0635138
0.0976620205965909,1575362154.435523
0.11094415838068179,1575362154.8075254
0.1399991122159091,1575362155.1795492
0.15235839843750004,1575362155.5635078
0.11690385298295447,1575362155.9355328
0.09620605468749997,1575362156.3075576
0.08574440696022728,1575362156.679578
0.09990900213068181,1575362157.063546
0.08154518821022722,1575362157.43557
0.08382590553977275,1575362157.8075867
0.09686079545454547,1575362158.1796007
0.08434659090909091,1575362158.5635762
0.0955677379261363,1575362158.935601
0.1128715376420455,1575362159.3075984
0.12709694602272728,1575362159.6796272
0.12086647727272726,1575362160.0636082
0.10135076349431824,1575362160.435634
0.11486194957386352,1575362160.8076286
0.11073242187500003,1575362161.179654
0.14206454190340911,1575362161.563645
0.1530939275568181,1575362161.9356205
0.11458096590909089,1575362162.3076587
0.11026411576704549,1575362162.679675
0.11154474431818183,1575362163.0636582
0.11481090198863639,1575362163.4356794
0.1095223721590909,1575362163.8076925
0.08679509943181823,1575362164.179678
0.08601518110795459,1575362164.5636706
0.08519486860795453,1575362164.9356813
0.07498579545454546,1575362165.3077157
0.10789950284090916,1575362165.6797106
0.07853693181818189,1575362166.0637128
0.0921803977272727,1575362166.4357262
0.07734863281250001,1575362166.8077135
0.08986239346590917,1575362167.1797268
0.0748655007102273,1575362167.5637095
0.08992587002840903,1575362167.93576
0.07931019176136367,1575362168.3077514
0.10123934659090907,1575362168.6797743
