amperes,timestamp
0.11339976917613641,1575358531.1212528
0.12331321022727262,1575358531.505249
0.14377175071022724,1575358531.8772814
0.15437411221590908,1575358532.2492816
0.1574090021306817,1575358532.6213043
0.15456986860795463,1575358533.0052798
0.15261807528409088,1575358533.3772821
0.14203124999999994,1575358533.749306
0.14053267045454546,1575358534.1213365
0.11602627840909092,1575358534.5053165
0.10353648792613634,1575358534.877324
0.14772771661931813,1575358535.2493408
0.13725319602272734,1575358535.6213415
0.13006658380681813,1575358536.0053144
0.10768554687500008,1575358536.377345
0.08882856889204545,1575358536.7493262
0.1280628551136365,1575358537.1213634
0.13894353693181813,1575358537.505351
0.14554287997159088,1575358537.8773558
0.12912242542613633,1575358538.249364
0.15161887428977278,1575358538.6214898
0.10673162286931816,1575358539.0054111
0.10739657315340902,1575358539.377441
0.13030450994318185,1575358539.7494385
0.14425381747159086,1575358540.1214232
0.1342120916193183,1575358540.5053916
0.14491699218750007,1575358540.8774197
0.1581982421875,1575358541.2494469
0.1607581676136364,1575358541.621449
0.16159046519886341,1575358542.0054095
0.15372159090909088,1575358542.3774233
0.12365633877840904,1575358542.749456
0.08913618607954549,1575358543.1214638
0.1176793323863636,1575358543.5054288
0.12348677201704548,1575358543.8774753
0.12573597301136372,1575358544.2494543
0.13994007457386373,1575358544.6214988
0.1355743963068182,1575358545.0054827
0.13383700284090908,1575358545.3774953
0.14640846946022723,1575358545.7494988
0.14011940696022734,1575358546.1215348
0.09991921164772716,1575358546.5054781
0.09203125000000005,1575358546.8774798
0.08788219105113637,1575358547.2495034
0.09095836292613639,1575358547.621566
0.11271972656250002,1575358548.0054893
0.1258052201704544,1575358548.3775134
0.13775390625,1575358548.7495568
0.1282279829545454,1575358549.1215656
0.10362349076704544,1575358549.505537
0.1076052024147727,1575358549.877556
0.13081853693181816,1575358550.2495701
0.153541814630682,1575358550.621584
0.14248490767045446,1575358551.0055575
0.15422274502840894,1575358551.3775876
0.09991610440340917,1575358551.7495847
0.09172008167613636,1575358552.1216094
0.10322265624999995,1575358552.5055878
0.10033025568181816,1575358552.8775835
0.12246981534090909,1575358553.2496176
0.10084250710227277,1575358553.6216373
0.11910866477272729,1575358554.005602
0.09021795099431823,1575358554.377619
0.11967640269886361,1575358554.749638
0.10546697443181816,1575358555.1216707
0.11163884943181815,1575358555.5056236
0.08826793323863631,1575358555.877656
0.11647638494318191,1575358556.2496738
0.09101740056818182,1575358556.6216793
0.09999556107954545,1575358557.005658
0.10498046875000001,1575358557.3776839
0.10576349431818173,1575358557.7496753
0.09682572798295455,1575358558.1217067
0.09233753551136359,1575358558.5056827
0.10586026278409091,1575358558.87771
0.08647238991477275,1575358559.2497067
0.10742409446022727,1575358559.621727
0.08605690696022719,1575358560.005898
0.11543057528409095,1575358560.3777974
0.09134499289772727,1575358560.7497888
0.10303577769886373,1575358561.1217825
0.09817205255681816,1575358561.5057435
0.10784179687500002,1575358561.8777401
0.09742498224431817,1575358562.2497852
0.10028231534090905,1575358562.6217678
0.10615678267045453,1575358563.0057485
0.08579057173295455,1575358563.377766
0.11777832031249999,1575358563.7497954
0.08940917968749991,1575358564.1217928
0.09753684303977274,1575358564.5057726
0.08668368252840913,1575358564.877783
0.09460671164772724,1575358565.2497945
0.08884366122159096,1575358565.6218147
0.09137251420454548,1575358566.0058007
0.09087091619318176,1575358566.3778033
0.08960005326704547,1575358566.7498298
0.0949893465909091,1575358567.121852
0.08932128906249998,1575358567.5058353
0.1203253728693182,1575358567.8778396
0.1272483132102273,1575358568.2498627
0.11627441406250001,1575358568.6218553
0.0915434126420455,1575358569.005838
0.09281072443181819,1575358569.3778734
0.11358620383522727,1575358569.749894
0.12132279829545455,1575358570.1218796
0.11953924005681812,1575358570.5058563
0.08841930042613638,1575358570.8778849
0.08903320312499997,1575358571.249892
0.08644309303977274,1575358571.6219065
0.08932350852272732,1575358572.0059073
0.0935178444602273,1575358572.3778944
0.0907861328125,1575358572.7499194
0.09420676491477273,1575358573.1219454
0.0838560901988637,1575358573.5059133
0.09790482954545442,1575358573.8779266
0.08518332741477269,1575358574.2499423
0.09334517045454548,1575358574.621971
0.08789550781250008,1575358575.005931
0.09910156249999999,1575358575.377956
0.09747869318181816,1575358575.7499814
0.08623668323863637,1575358576.1219666
0.09193758877840907,1575358576.5059478
0.08358753551136365,1575358576.8779767
0.09568892045454543,1575358577.2499876
0.08151367187499997,1575358577.6220198
0.09560857599431813,1575358578.0059886
0.08000976562499998,1575358578.3779914
0.09508034446022731,1575358578.7500145
0.08347833806818178,1575358579.1220412
0.09431995738636359,1575358579.5060294
0.08369229403409091,1575358579.878023
0.09206898082386358,1575358580.2500453
0.08744628906250003,1575358580.6220706
0.09073508522727275,1575358581.0060465
0.09704101562499998,1575358581.378048
0.08663352272727269,1575358581.7501476
0.09790527343750004,1575358582.1221488
0.08912997159090909,1575358582.506091
0.0899214311079545,1575358582.8780904
0.11507768110795452,1575358583.2501066
0.11368030894886369,1575358583.6221287
0.08904918323863632,1575358584.0060916
0.12119584517045459,1575358584.3781056
0.08832164417613636,1575358584.7501059
0.09307484019886361,1575358585.1221302
0.08876509232954548,1575358585.506116
0.09350275213068178,1575358585.8781419
0.09359774502840909,1575358586.2501397
0.08445001775568187,1575358586.6221576
0.09242986505681819,1575358587.006111
0.08092595880681817,1575358587.378142
0.09564408735795459,1575358587.7501624
0.08096368963068183,1575358588.1222022
0.09423828124999999,1575358588.5061498
0.08099520596590909,1575358588.8781693
0.09410200639204544,1575358589.2501903
0.08257723721590905,1575358589.622198
0.09056019176136358,1575358590.0061758
0.08445356889204539,1575358590.3781924
0.08776500355113641,1575358590.7502038
0.08889781605113635,1575358591.1222243
0.0909912109375,1575358591.5061965
0.09338645241477272,1575358591.8782082
0.08179465553977272,1575358592.2502253
0.10085981889204548,1575358592.6222515
0.08265980113636362,1575358593.00623
0.09314719460227269,1575358593.378235
0.08481090198863638,1575358593.7502556
0.09933682528409096,1575358594.1222918
0.08250932173295462,1575358594.506232
0.09739834872159095,1575358594.87826
0.08455566406250001,1575358595.2502902
0.09418634588068181,1575358595.6222875
0.08762251420454548,1575358596.0062752
0.0936408025568182,1575358596.3782973
0.09300071022727273,1575358596.7503176
0.08674094460227279,1575358597.1223106
0.09837935014204544,1575358597.506289
0.0823912464488636,1575358597.878328
0.09621448863636364,1575358598.2503216
0.08113902698863634,1575358598.6223352
0.09767844460227278,1575358599.0063303
0.08462579900568183,1575358599.3783276
0.13231800426136364,1575358599.7503605
0.1267280717329545,1575358600.122375
0.10822842684659097,1575358600.5063593
0.08838556463068184,1575358600.8783517
0.0929350142045454,1575358601.250381
0.08641468394886358,1575358601.6223996
0.0981875887784091,1575358602.0063648
0.08648615056818183,1575358602.378389
0.1011376953125,1575358602.7504
0.08698109019886366,1575358603.1224124
0.10108309659090903,1575358603.5064676
0.08851029829545458,1575358603.8784668
0.09997869318181825,1575358604.2504632
0.09293368252840913,1575358604.622469
0.09741388494318183,1575358605.0064223
0.09162508877840907,1575358605.3784497
0.0982226562499999,1575358605.7504425
0.09717950994318181,1575358606.1224728
0.09021395596590907,1575358606.506453
0.09934614701704549,1575358606.878453
0.08813876065340903,1575358607.2504764
0.10161399147727268,1575358607.6225014
0.0853488991477273,1575358608.006463
0.10511230468750002,1575358608.3784792
0.08688432173295453,1575358608.7505028
0.11716752485795456,1575358609.1225002
0.09035733309659086,1575358609.5064833
0.09906605113636363,1575358609.8785114
0.08694779829545454,1575358610.2505062
0.0998011363636364,1575358610.6225429
0.09207075639204544,1575358611.006521
0.10094415838068177,1575358611.3785298
0.10908425071022736,1575358611.750525
0.09979492187500001,1575358612.122565
0.10406471946022733,1575358612.506549
0.08642622514204551,1575358612.8785484
0.1167400568181818,1575358613.2505538
0.12197088068181816,1575358613.622588
0.11118963068181814,1575358614.0065446
0.10911354758522726,1575358614.3785722
0.11252175071022731,1575358614.7505934
0.09051358309659085,1575358615.12262
0.0966619318181819,1575358615.5065744
0.09010431463068186,1575358615.8786042
0.09585715553977273,1575358616.2506275
0.09533114346590904,1575358616.6226285
0.09502041903409093,1575358617.0066078
0.09836292613636362,1575358617.3786304
0.0884343927556818,1575358617.7506187
0.10372381036931821,1575358618.122656
0.08796564275568176,1575358618.5066376
0.10422052556818187,1575358618.8786244
0.08319335937500001,1575358619.25066
0.10245516690340911,1575358619.6226888
0.09634765625000007,1575358620.0067985
0.1020743075284091,1575358620.3786666
0.10919433593749997,1575358620.7506866
0.09615278764204548,1575358621.1227133
0.10014825994318183,1575358621.5066636
0.08757279829545454,1575358621.878696
0.10445046164772735,1575358622.2507193
0.09374023437499997,1575358622.6227233
0.10718883167613644,1575358623.006701
0.08436834161931818,1575358623.3787374
0.10209517045454543,1575358623.750747
0.08327814275568181,1575358624.1227431
0.09548473011363635,1575358624.5067282
0.09265624999999998,1575358624.8788257
0.11798694957386367,1575358625.2508323
0.09324174360795445,1575358625.6228244
0.10618075284090919,1575358626.00678
0.09615722656250002,1575358626.378783
0.09484730113636362,1575358626.7507792
0.09252929687500001,1575358627.1228096
0.0953622159090908,1575358627.50676
0.09730069247159095,1575358627.8787894
0.09632990056818187,1575358628.25078
0.11857954545454544,1575358628.6228373
0.09379172585227273,1575358629.0067928
0.10361061789772721,1575358629.3788111
0.09015846946022729,1575358629.7508404
0.09952636718749992,1575358630.1228344
0.0941317471590909,1575358630.506812
0.09550159801136357,1575358630.8788488
0.0909894353693182,1575358631.2508478
0.0942884410511364,1575358631.6228716
0.09216486150568187,1575358632.0068538
0.09111283735795458,1575358632.378864
0.0932688210227273,1575358632.7508812
0.09202325994318178,1575358633.1228964
0.10355868252840902,1575358633.5068843
0.0875719105113636,1575358633.8788989
0.10370294744318183,1575358634.2509048
0.08498002485795453,1575358634.6229224
0.09628950639204542,1575358635.006879
0.08955877130681814,1575358635.3788872
0.10052157315340912,1575358635.7509115
0.09252485795454543,1575358636.1229358
0.09977450284090914,1575358636.5069113
0.09270241477272725,1575358636.8789308
0.0971821732954545,1575358637.250946
0.09417080965909093,1575358637.6229525
0.09494673295454549,1575358638.0069227
0.11762917258522729,1575358638.378972
0.1280779474431818,1575358638.7509606
0.1471821732954547,1575358639.1229956
0.14879705255681813,1575358639.5069745
0.14399280894886368,1575358639.8789797
0.1214972478693183,1575358640.2509892
0.14076837713068183,1575358640.6230073
0.1372505326704545,1575358641.0069647
0.09199662642045443,1575358641.3790023
0.08863547585227276,1575358641.7510324
0.12488902698863645,1575358642.1230443
0.1258078835227272,1575358642.506996
0.12494540127840902,1575358642.8790221
0.11893909801136364,1575358643.2510722
0.12651145241477266,1575358643.6230564
0.12497381036931828,1575358644.007031
0.12254039417613637,1575358644.37907
0.13834561434659096,1575358644.7510598
0.13660422585227272,1575358645.1230812
0.11244406960227275,1575358645.5070677
0.10610085227272731,1575358645.8790727
0.08951526988636369,1575358646.2510772
0.11230158025568185,1575358646.6231813
0.12568492542613632,1575358647.007134
0.14649857954545464,1575358647.3791475
0.12593616832386365,1575358647.7511432
0.10469282670454545,1575358648.1231399
0.11139160156249997,1575358648.507125
0.12118652343749996,1575358648.8791265
0.12214488636363642,1575358649.2511432
0.13385431463068173,1575358649.623146
0.10885165127840915,1575358650.0071251
0.08747425426136367,1575358650.3791492
0.08583629261363637,1575358650.751157
0.10502840909090912,1575358651.1231656
0.11703702059659088,1575358651.5071409
0.10332563920454539,1575358651.8791735
0.1050492720170454,1575358652.2511773
0.1125537109375,1575358652.6232107
0.13133034446022743,1575358653.007184
0.16125310724431832,1575358653.3791742
0.15256924715909084,1575358653.7511969
0.15033824573863644,1575358654.1232324
0.1291286399147727,1575358654.5071933
0.10232421874999997,1575358654.8792336
0.1211181640625,1575358655.2512476
0.13354492187500006,1575358655.6232436
0.12129838423295447,1575358656.0072265
0.12196599786931822,1575358656.3792462
0.08750577059659095,1575358656.7512653
0.1082213245738636,1575358657.1232681
0.13978826349431822,1575358657.507253
0.13250399502840898,1575358657.8792858
0.11212313565340912,1575358658.2512827
0.11987082741477277,1575358658.62332
0.12496182528409092,1575358659.0072813
0.13333096590909096,1575358659.3793042
0.14115988991477266,1575358659.7512987
0.09409579190340908,1575358660.123327
0.0803045099431818,1575358660.5073137
0.08935813210227277,1575358660.879292
0.08711914062500001,1575358661.2513218
0.08659046519886363,1575358661.623334
0.12003417968749988,1575358662.0073154
0.12192604758522721,1575358662.379339
0.1238441051136363,1575358662.751362
0.11976962002840909,1575358663.123353
0.12837713068181822,1575358663.5073376
0.13345569957386358,1575358663.8793588
0.09808061079545456,1575358664.2513652
0.09075816761363636,1575358664.6233866
0.11143155184659094,1575358665.0073698
0.08637562144886367,1575358665.3793614
0.09840198863636364,1575358665.7513814
0.08301003196022728,1575358666.123403
0.10431640624999994,1575358666.5073884
0.08293501420454549,1575358666.879412
0.09291237571022724,1575358667.2514226
